pred_str: -11, -11, -13, -12, -10, -7, -3, -2, -1, -1, -1
target_str: -6, -9, -10, -8, 3, -1, 0, -16, -10, -22
mse: 0.002523791367796338
----------------------
pred_str: -10, -10, -10, -10, -10, -10, -10, -10, -10, -10
target_str: -12, -19, -17, -18, -17, -17, -15, -10, -11, -9
mse: 0.00043511404658198703
----------------------
pred_str: -22, -20, -17, -18, -16, -16, -15, -14, -13, -14
target_str: 8, 49, -51, -31, -7, -2, -5, 2, 13, 23
mse: 0.006699205993278026
----------------------
pred_str: |  |  |  |  |  |  |  |  |  |  |  |  |  |  |  |  |  |  |  |  |  |  |  |  |  |  |  |  |  |  |  |  |  |  |  |  |  |  |  |  |  |  |  |  |  |  |  |  |  |  |  |  |  |  |  |  |  |  |  |  |  |  |  |  |  |  |  |  |  |  |  |  |  |  |  |  |  |  |  |  |  |  |  |  |  |  |  |  |  |  |  |  |  |  |  |  |  |  |  |  |  |  |  |  |  |  |  |  |  |  |  |  |  |  |  |  |  |  |  |  |  |  |  |  |  |  |  |  |  |  |  |  |  |  |  |  |  |  |  |  |  |  |  |  |  |  |  |  |  |  |  |  |  |  |  |  |  |  |  |  |  |  |  |  |  |  |  |  |  |  |  |  |  |  |  |  |  |  |  |  |  |  |  |  |  |  |  |  |  |  |  |  |  |  |  |  |  |  |  |  |  |  |  |  |  |  |  |  |  |  |  |  |  |  |  |  |  |  |  |  |  |  |  |  |  |  |  |  |  |  |  |  |  |  |  |  |  |  |  |  |  |  |  |  |  |  |  |  |  |  |  |  |  |  |  | 
target_str: 29, -7, -21, -20, -26, -25, -24, -25, -27, -28
mse: 0.0038312198637262492
----------------------
pred_str: -6, -6, -6, -6, -6, -6, -5, -5, -5, -6
target_str: 0, 5, 5, -11, 1, -23, 26, 87, -36, -6
mse: 0.025991419010829943
----------------------
pred_str: 21, 19, 19, 16, 13, 12, 13, 13, 12, 12
target_str: 14, 11, 8, 4, 5, -3, 23, 103, -5, -26
mse: 0.10601383441382217
----------------------
pred_str: -3, -5, -5, -5, -4, -4, -3, -4, -3, -3
target_str: -2, -2, 0, 0, -2, -1, -2, -1, -2, -2
mse: 0.0006400780649405465
----------------------
pred_str: -8, -11, -13, -12, -10, -12, -11, -12, -11, -12
target_str: 1, 4, 7, 13, 25, 35, 45, 38, 18, -3
mse: 0.02917824000180329
----------------------
pred_str: -17, 11, -15, -29, -20, -11, -26, -15, -18, -18, -19
target_str: -12, -15, -7, -5, -22, -34, -18, -12, -27, -32
mse: 0.0008338327995838297
----------------------
pred_str: -7, -2, -1, 1, 3, 14, 17, 12, 0, -5
target_str: -1, 1, 9, -2, -9, -9, -11, -12, 10, 92
mse: 0.034882721260189174
----------------------
pred_str: -12, 12, 23, 39, 39, 20, -1, -11, -12, -10, -9
target_str: -1, 4, 9, 18, 26, 36, 40, 26, 3, -7
mse: 0.014738639646515192
----------------------
pred_str: 3, -2, 0, -10, -12, -11, -8, -1, 1, 8, 12, 21, 44
target_str: -10, -14, -25, -18, -35, 19, 42, -99, -43, -29
mse: 0.09421882186071084
----------------------
pred_str: -1, -13, -15, -14, -11, -14, -14, -14, -14, -14, -14
target_str: 0, 4, 13, 27, 49, 70, 75, 59, 23, -1
mse: 0.021722573463898873
----------------------
pred_str: 42, 32, 23, 1, -6, -9, -7, -5, -6, -6, -5
target_str: 34, 14, 0, -10, -11, -9, -11, -10, -5, -6
mse: 0.002560805450425075
----------------------
pred_str: -5, -2, -3, -5, -1, 2, 9, 14, 18, 13, 5, -2
target_str: -1, -2, 1, 6, 14, 16, 12, 4, -1, -3
mse: 0.011315823835527988
----------------------
pred_str: -9, -9, -9, -9, -9, -9, -9, -9, -9, -9
target_str: -9, -11, -10, -5, -5, 0, -3, -12, -10, -17
mse: 0.0007742210402695553
----------------------
pred_str: -16, -24, -19, -18, -17, -12, -13, -15, -15
target_str: -16, 72, -56, -26, -25, -19, -12, -13, -4, 9
mse: 0.0115716069539759
----------------------
pred_str: 35, 48, 54, 49, 23, -2, -9, -13, -11, -12, -11
target_str: -5, -14, -16, -5, 83, -41, -55, -10, -15, -6
mse: 0.031889792141480244
----------------------
pred_str: -1, 2, 5, 9, 14, 21, 27, 25, 12, 3, -2
target_str: -2, 2, 9, 19, 31, 36, 35, 19, 4, -4
mse: 0.007827666724283273
----------------------
pred_str: -11, -12, -11, -12, -10, -13, -12, -11, -12, -11
target_str: -11, -12, -7, -11, -10, -5, -11, -6, -5, 0
mse: 0.000368758367965254
----------------------
pred_str: -12, -11, -12, -11, -12, -10, -11, -10, -9
target_str: -28, -10, -8, -3, 0, 3, 22, 31, 42, 73
mse: 0.0072941361652882454
----------------------
pred_str: -13, -12, -11, -12, -12, -11, -11, -11, -11
target_str: 2, -5, -4, -8, -8, -8, -9, -2, 3, 3
mse: 0.0004453886359188033
----------------------
pred_str: -1, 4, 11, 13, 19, 26, 32, 35, 25, 12, -5, -10
target_str: -19, -10, -5, -8, 7, -85, -67, 1, -12, 7
mse: 0.06610171429373314
----------------------
pred_str: -7, -9, -8, -9, -7, -9, -7, -9, -9, -8
target_str: -7, -6, -3, -4, -7, -6, -7, -7, -6, -7
mse: 0.00043265808590333115
----------------------
pred_str: -11, -7, -2, -16, -12, -15, -22, -21, -22, -16
target_str: -1, -3, -7, -23, -9, -13, 83, 24, -43, 0
mse: 0.06144191856797413
----------------------
pred_str: 19, 21, 23, 24, 24, 23, 23, 22, 22, 22, 21
target_str: 20, 24, 33, 43, 52, 48, 34, 23, 23, 21
mse: 0.00874264326692639
----------------------
pred_str: -92, -92, -92, -92, -92, -92, -92, -92
target_str: -92, -92, -92, -92, -92, -92, -92, -92, -92, -92
mse: 4.998668522717679e-06
----------------------
pred_str: -19, -20, -21, -21, -21, -21, -21, -21, -21, -21, -21, -21
target_str: -14, -16, -14, -12, -14, -11, -10, -5, -1, -2
mse: 0.004155357424928195
----------------------
pred_str: -2, -4, -3, -5, -4, -5, -4, -4, -2, -3, -2
target_str: -4, -2, -3, -1, 7, 9, -3, -7, -12, -7
mse: 0.0006545609415015153
----------------------
pred_str: -12, -11, -12, -11, -13, -12, -11, -13, -12, -14
target_str: -11, -5, -18, -18, -21, -9, -16, -33, -26, -26
mse: 0.0006556565699170358
----------------------
pred_str: -2, -10, -15, -16, -18, -21, -21, -22, -22, -23
target_str: -9, -8, -10, -10, -13, -11, -8, -7, -11, -12
mse: 0.002033227113358074
----------------------
pred_str: 18, 29, 24, 11, -2, -7, -10, -13, -14, -10
target_str: 20, 31, 25, 13, 0, -4, -6, -7, -6, -7
mse: 0.00046862947692948584
----------------------
pred_str: 7, 15, 26, 35, 32, 23, 17, 12, 11, 11
target_str: 16, 23, 21, 3, -4, -11, -14, -15, -9, -8
mse: 0.01803296155616873
----------------------
pred_str: -12, -12, -13, -12, -12, -12, -13, -12, -12, -12
target_str: -12, -5, -6, -13, -18, -24, -23, -28, 104, -14
mse: 0.016970225227297766
----------------------
pred_str: 0, -1, -14, -12, -2, -10, -7, 5, 11, 28, 37
target_str: -7, -8, -9, -8, 7, 9, -6, -20, -11, -13
mse: 0.012393410228271624
----------------------
pred_str: -2, -13, -15, -22, -18, -20, -17, -15, -11, -12
target_str: -15, -4, -8, -3, -3, 6, 16, 33, 37, 27
mse: 0.015658723268660822
----------------------
pred_str: -4, 1, 6, 10, 19, 33, 35, 37, 11, -1
target_str: -4, 0, 4, 16, 26, 37, 46, 26, 3, -5
mse: 0.0019883551473871886
----------------------
pred_str: -17, -24, -13, -4, -2, -10, -2, -2, -1, -1
target_str: -11, -2, 6, 11, 16, 66, 92, 82, 32, -1
mse: 0.011591250198052409
----------------------
pred_str: -5, -6, -7, -7, -7, -7, -7, -7, -7, -7, -7
target_str: -7, -6, -3, -3, -4, -5, -11, -5, -20, 75
mse: 0.1059116626278677
----------------------
pred_str: 103, 103, 104, 102, 102, 101, 100, 100, 99, 98
target_str: -21, -45, -11, -17, -5, -6, 3, 4, 17, 33
mse: 0.18456064852200887
----------------------
pred_str: -1, -1, -1, -1, -1, -1, -1, -1, -1, -1, -1
target_str: -17, -9, -33, 32, 64, -16, -7, -13, -7, -7
mse: 0.05500991113248475
----------------------
pred_str: -12, -10, -10, -12, -11, -10, -12, -13, -12, -11
target_str: 21, 105, -6, -3, -3, -3, -1, 2, 9, 14
mse: 0.03571199689545263
----------------------
pred_str: -11, -15, -14, -14, -12, -11, -9, -8, -8, -8, -7
target_str: -18, -10, -17, -8, -8, 2, 14, 19, 20, 15
mse: 0.008258484044923638
----------------------
pred_str: -6, -8, -5, -6, -7, -4, -5, -5, -6, -4, -4
target_str: -6, -6, -5, -5, -5, -5, -4, -3, 0, 1
mse: 0.0008068919197253735
----------------------
pred_str: 7, 13, 17, 13, 8, -1, -4, -6, -4, -6, -5
target_str: 92, -15, -4, -9, -6, -7, -4, -2, 0, 3
mse: 0.06387731589695451
----------------------
pred_str: -11, -15, -14, -15, -12, -11, -10, -10, -12, -12
target_str: -37, -38, -42, -37, -19, 69, 0, -46, -21, -20
mse: 0.009652832674094445
----------------------
pred_str: -6, -7, -7, -8, -7, -7, -6, -5, -6
target_str: -5, -6, -9, -8, -6, -2, 1, -9, -13, -14
mse: 0.0013828492538055998
----------------------
pred_str: -6, -7, -7, -7, -5, -7, -7, -7, -6, -7, -7
target_str: -7, -8, -9, -4, -3, -8, -5, -2, 0, -8
mse: 0.0003711087351403233
----------------------
pred_str: -1, -13, -24, -28, -26, -24, -23, -20, -25, -21, -24,
target_str: -2, -6, -2, -3, -3, -4, -3, -4, -4, -5
mse: 0.011458091753992268
----------------------
pred_str: -9, -8, -9, -8, -8, -7, -8, -7, -7
target_str: -7, -7, -13, -4, -7, -7, -11, -7, -2, 6
mse: 0.00045526940498948293
----------------------
