pred_str: 0, 4, 13, 23, 32, 35, 28, 11, -2, -5, -6, -5, -5, -6, -5, -6, -6, -7, -8, -8, -7, -7, -8, -7, -5, -7, -7, -8, -7, -6, -11, 36, 94, -27, -12, -6, -4, -2, 0, 6, 17, 30, 39, 37, 22, 4, -4, -6, -7, -6, -6, -5, -5, -4, -3, -3, -4, -5, -4, -5, -6, -5, -5, -5, -4, -3, -6, -6, -5, -12
target_str: -2, 2, 9, 19, 31, 36, 35, 19, 4, -4, -6, -9, -8, -10, -9, -10, -9, -10, -9, -10, -10, -9, -10, -9, -10, -8, -9, -6, -8, -12, -11, -12, -10, -13, 8, 105, -1, -25, -5, -8, 0, -1, 1, 9, 17, 28, 35, 38, 25, 7
mse: 0.06660008856288883
----------------------
pred_str: -6, -6, -6, -6, -7, -6, -5, -1, -9, -10, -14, -11, -19, 92, 51, -18, -1, -12, -2, -5, 1, 13, 29, 35, 33, 16, 1, -4, -8, -10, -12, -10, -10, -8, -7, -7, -6, -7, -8, -7, -8, -7, -4, -2, -10, -10, -14, -14, -28, 71, 74, -20, -2, -11, -1, -6, 0, 3, 17, 31, 38, 31, 14, 4, -4, -7, -10, -11, -9, -10, -8, -7, -8
target_str: -5, -6, -9, -8, -6, -2, 1, -9, -13, -14, -19, -13, -24, 94, 27, -29, -4, -16, -6, -6, -1, 1, 14, 26, 32, 29, 14, -1, -8, -9, -7, -9, -9, -7, -9, -8, -10, -9, -12, -11, -8, -2, 0, -7, -14, -12, -19, -8, -24, 82
mse: 0.0017241138064991452
----------------------
pred_str: -10, -21, 43, 32, -11, -6, -14, -10, -7, -1, 3, 18, 27, 23, 9, -2, -5, -7, -8, -7, -7, -6, -5, -5, -8, -9, -8, -10, -12, -11, -10, -10, -10, -10, -10, -12, -12, -13, -13, -12, -14, -13, -13, -13, -11, -13, -11, -9, -10, -10, -10, -8, -10, -8, -7, -9, -10, -13, 10, 36, -7, -5, -13, -4, 0, 0, 8, 17, 24, 25, 17, 3, -2, -8, -10, -10, -8, -10, -6, -8, -9, -9, -9, -11, -10
target_str: -17, -9, -33, 32, 64, -16, -7, -13, -7, -7, -2, 2, 9, 21, 27, 21, 10, -1, -2, -4, -8, -5, 2, 0, 0, 3, 0, 0, -2, -2, 0, 4, 5, -4, -4, -4, -2, -14, 78, 35, -7, 0, -2, 1, 1, 1, 10, 17, 23, 25
mse: 0.04585675535161776
----------------------
pred_str: -1, -4, 0, 3, 9, 20, 31, 40, 37, 19, 0, -8, -10, -10, -8, -8, -8, -9, -10, -11, -10, -11, -12, -12, -12, -12, -12, -10, -8, -6, 2, 0, -11, -13, -14, -27, 75, 42, -34, 2, -13, -6, -3, -2, 1, 8, 18, 29, 38, 41, 18, 1, -11, -10, -11, -10, -11, -10, -12, -12, -13
target_str: -1, 4, 9, 18, 26, 36, 40, 26, 3, -7, -11, -11, -10, -11, -9, -9, -8, -7, -10, -11, -12, -10, -9, -11, -13, -10, -10, -8, 0, 5, 0, -16, -9, -17, 10, 99, -29, -12, -5, -2, 0, 4, 6, 12, 21, 31, 41, 37, 18, 0
mse: 0.025270700438280124
----------------------
pred_str: 41, 11, -2, -9, -13, -17, -18, -18, -17, -17, -19, -18, -20, -21, -18, -15, -14, 4, 12, -11, -15, -37, 37, 81, -58, -14, -24, -10, -5, 4, 21, 35, 52, 62, 69, 64, 41, 12, -1, -14, -11, -14, -12, -14, -15, -19, -16, -16, -18, -14, -14, -2, 1, 10, -16
target_str: 29, -7, -21, -20, -26, -25, -24, -25, -27, -28, -34, -32, -33, -31, -27, -25, -28, -36, -21, -4, 8, -4, -26, -12, -20, 104, -30, -56, -2, -8, -2, 5, 17, 32, 42, 49, 59, 65, 55, 29, 12, -2, -5, -1, -4, -3, -7, -4, -6, -10
mse: 0.006865257954206571
----------------------
pred_str: 1, 0, 8, 13, 25, 38, 40, 25, -2, -11, -10, -11, -9, -11, -11, -8, -8, -10, -11, -8, -11, -11, -9, -10, -9, -11, -8, -5, -6, -1, 0, -10, -9, -10, -12, -10, -17, 40, 100, 2, 1, -11, -4, -4, -4, -2, -1, 0, 3, 11, 21, 39, 37, 11, -1, -9, -10, -10, -11, -12, -11, -9, -10, -10, -10, -10, -10, -11, -11, -11, -9, -10, -12, -6, -6, -1, 1, -11, -8, -11, -13, -12, -19, 92, 49, -15, 4, -12, -3, -4
target_str: -4, 0, 4, 16, 26, 37, 46, 26, 3, -5, -7, -6, -6, -12, -4, -6, -8, -7, -4, -3, -6, -11, -5, -9, -5, -7, -8, -2, 2, -3, -5, -9, -5, -16, -4, -20, 50, 72, -15, 1, -11, -5, -10, -2, -5, -3, 3, 12, 25, 36
mse: 0.019468226823926994
----------------------
pred_str: 23, 25, 24, 16, 13, 10, 10, 11, 10, 1, 0, 10, 1, -1, 1, 6, 5, 1, 1, 0, -2, -3, -3, -1, -4, -3, -4, -5, -5, -5, -3, -2, 1, 3, 1, -10, -1, -13, 29, 77, -27, -4, -11, -5, -7, -3, -3, -3, 3, 10, 21, 32, 37, 31, 14, 3, -5, -6, -4, -4, -5, -3, -4, -4, -5, -4, -4, -5, -6, -6, -7, -8, -5, -2, 2, 5, 2, -11, -6, -18, 50, 85, -31, -1, -13, -7, -9, -5, -3, -1, 1, 10, 21, 31, 37, 41, 24, 10
target_str: 34, 14, 0, -10, -11, -9, -11, -10, -5, -6, -4, -7, -8, -8, -6, -10, -10, -10, -1, 6, -2, -15, -13, -17, 5, 87, -12, -11, -12, -11, -10, -5, -4, -6, 0, 7, 12, 24, 35, 34, 20, 4, -3, -9, -11, -11, -11, -10, -10, -8
mse: 0.009499313612029306
----------------------
pred_str: -3, -10, -12, -10, -12, -13, -11, -13, -11, -14, -16, -15, -15, -16, -16, -16, -14, -10, -2, -13, -18, -23, -17, -18, -14, 77, 23, -17, -8, -10, -6, -3, -1, 1, 4, 11, 24, 35, 47, 52, 40, 15, -4, -10, -12, -12, -12
target_str: -2, -6, -2, -3, -3, -4, -3, -4, -4, -5, -2, -6, -6, -7, -4, -10, -7, -11, -6, -6, -6, -10, -4, -8, -8, -4, -8, -10, -8, -5, -2, 2, 0, -5, -14, -10, -11, -10, -1, 81, 28, -11, -1, -6, 0, 0, 7, 7, 14, 21
mse: 0.012632870821358867
----------------------
pred_str: -10, -13, -11, -8, 0, 4, -11, -14, -16, -14, -11, 37, 75, -35, -11, -14, -10, -8, 0, 3, 13, 38, 62, 52, 17, -4, -15, -14, -10, -11, -13, -10, -8, -12, -13, -14, -11, -13, -13, -11, -10, -13, -9, -9, 3, 11, -13, -13, -18, -12, -1, 103, 31, -34, -4, -15, -6, -11, -1, 3, 14, 32, 56, 55, 22, 1, -13, -11, -16, -13, -15
target_str: -11, -12, -7, -11, -10, -5, -11, -6, -5, 0, 6, 17, -7, -3, -10, 0, -9, 78, 80, -36, 5, -4, 5, 6, 2, 11, 19, 35, 56, 76, 59, 26, 4, -11, -10, -4, -7, -10, -8, -12, -10, -10, -20, -16, -15, -23, -15, -24, -13, -8
mse: 0.014983571058204066
----------------------
pred_str: 1, -12, -11, -12, -11, -10, -12, -15, -2, 1, -1, 0, -1, -5, -7, -12, -20, -40, -52, -23, -10, -1, 1, 3, 9, 12, 21, 31, 47, 52, 39, 18, 2, -1, -1, -2, -4, -1, -5, -5, -7, -9, -13, -11, -13, -15, -11, -11, -7, -4, -3, -7, -13, -13, -27, -36, -22, -24, -21, -14, -2, -2, -1, -3, -2, -2, -2, -3, 0, 2, 0, -1, -5, 1, 1, 5, 13, 21, 31, 34, 35, 25, 12, 1, -1, -3, -5, -5, -1, -6, -7, -6, -11, -12, -16, -14, -14, -15, -12, -13, -13, -12, -10, -10, -12, -11, -10, -12, -17, -20, -26, -24, -20, -20, -13, -3, -3, -4, -1, -1, -1, -2, -2, -2, -3, 0, 1, -1, -4, -6, 1, 1, 12, 20, 30, 34, 33, 21, 5, 0, -3, -3, -1, -4, -3, -4, -4, -6
target_str: -10, -14, -25, -18, -35, 19, 42, -99, -43, -29, -23, -22, -17, -9, 8, 31, 43, 29, 3, -17, -18, -24, -31, -24, -25, -30, -33, -35, -36, -35, -32, -23, -19, -12, -1, 5, 10, 8, 9, 19, 8, 114, 24, -40, 33, 25, 39, 40, 48, 53
mse: 0.10294885059029354
----------------------
pred_str: -14, -18, -11, -11, -11, -10, 1, -11, -21, -23, -24, -14, 63, 49, -44, -11, -19, -10, -1, 0, 6, 14, 30, 50, 78, 97, 90, 46, 13, -10, -17, -11, -15, -13, -16, -13, -15, -16, -18, -16, -14, -12, -10, -15, -12, -11, -5, 0, -11, -19, -21, -17, 53, 57, -32, -14, -17, -9
target_str: -37, -38, -42, -37, -19, 69, 0, -46, -21, -20, -13, -19, -4, 0, 15, 29, 59, 87, 83, 54, 15, -9, -10, -6, -17, -11, -4, -4, -6, -13, -6, -9, -18, -13, -10, -16, -7, 2, 1, -15, -16, -20, -26, 24, 88, -29, -19, -22, -14, -14
mse: 0.018311321177670016
----------------------
pred_str: 70, -34, -19, -14, -14, -9, -4, -1, 11, 31, 50, 73, 78, 52, 8, -6, -13, -14, -15, -16, -16, -11, -9, -5, -7, -6, -5, -7, -5, -11, -13, -14, -17, -12, -12, -9, -4, -1, -1, -11, -4, -9, -8, 45, 89, -57, -21, -24, -17, -18, -11, -4, 1, 22, 44
target_str: -21, -45, -11, -17, -5, -6, 3, 4, 17, 33, 63, 81, 84, 62, 22, 3, -7, -11, -8, -11, -5, -8, -7, -5, -5, -7, -9, -9, -17, -24, -19, -27, -21, -19, -24, -15, -15, -13, -6, -5, -18, -18, -17, -31, -22, -16, 70, 33, -70, -10
mse: 0.014253039480440138
----------------------
pred_str: -12, -11, -11, -13, -16, -14, 3, 113, 29, -26, -13, -10, -1, -12, 2, 1, 24, 47, 66, 63, 40, 1, -16, -18, -17, -17, -15, -11, -11, -9, -8, -10, -15, -16, -15, -18, -14, -18, 36, 90, -25, -8, -10, -8, -1, -20, -26, -14, -1, 11, 39, 58, 46, 14, -2, -12, -18, -18, -14, -12, -8, -12, -12, -8, -10, -10, -10, -12, -20, -22, -19, -13, -15
target_str: -11, -5, -18, -18, -21, -9, -16, -33, -26, -26, -24, -15, -28, 48, 96, -16, -13, -12, -10, -12, -7, -6, 0, 12, 32, 55, 61, 52, 25, 6, -3, -16, -13, -11, -10, -8, -11, -13, -11, -14, -15, -15, -10, -4, 3, -8, -16, -23, -16, -20
mse: 0.01255923819187955
----------------------
pred_str: -1, -13, 1, 1, 3, 13, 22, 27, 31, 25, 4, -4, -7, -11, -6, -8, -7, -6, -6, -10, -11, -10, -12, -6, -9, -10, -13, -16, -10, -14, -13, -16, -14, -16, -16, -13, -9, -14, -17, -20, -19, -18, -18, -13, -12, -14, -16, -14, -21, 13, 88, -1, -11, -8, -10, -1, -6, 1, 8, 18, 29, 30, 23, 5, -3, -11, -11, -12, -10, -10, -10, -9, -10, -13, -10, -11, -15
target_str: -18, -10, -17, -8, -8, 2, 14, 19, 20, 15, -4, -16, -9, -13, -11, -15, -4, -5, -3, -5, -4, -6, -10, 2, -5, 0, 3, -6, -10, -6, -16, 20, 92, 5, -7, -6, 0, 5, -8, 6, 5, 16, 22, 38, 30, 15, 11, -6, -14, -17
mse: 0.015447243060863083
----------------------
pred_str: -7, -4, -6, -4, -6, -4, -4, -2, -2, -1, -3, -2, -6, 0, -23, 44, 91, -11, -2, -8, -3, -2, 0, 4, 9, 19, 25, 16, 5, -3, -5, -6, -6, -6, -6, -6, -6, -6, -5, -5, -6, -6, -5, -6, -5, -4, -3, -3, -11, -5, -21, 48, 89, -14, -3, -9, -3, -3, 0, 3, 9, 17, 23, 14, 6, -2, -6, -6, -6, -7, -6, -6, -6, -6, -5, -6, -5, -5, -6, -5, -5, -5, -3, -2, -1, -10, -5, -21, 38, 88, -11, -2, -8, -3, -4, 0, 5, 10, 19, 24, 15, 5, -3, -5
target_str: -7, -6, -3, -3, -4, -5, -11, -5, -20, 75, 72, -17, 1, -9, -3, -3, 0, 5, 11, 17, 22, 17, 3, -4, -5, -6, -6, -6, -4, -6, -5, -7, -5, -5, -6, -6, -7, -6, -7, -7, -7, -8, -7, -7, -5, -5, -3, -6, -6, -10
mse: 0.0839565187748745
----------------------
pred_str: -3, -4, -4, -5, -6, -1, -5, -3, -6, -1, -4, -2, -3, -3, 0, -4, -4, -2, -5, -4, -10, -11, -10, 100, 56, -16, -1, -12, -2, -4, 1, 5, 12, 26, 37, 40, 26, 2, -15, -8, -18, -18, -14, -20, -12, -14, -15, -15, -18, -16, -14, -11, -14, -11, -12, -11, -11, -10, -10, -11
target_str: -9, -8, -10, -10, -13, -11, -8, -7, -11, -12, -14, -11, -9, -11, -3, -11, -13, -14, -8, -22, 54, 90, -13, -3, -10, 0, -3, -3, 3, 5, 19, 28, 36, 31, 10, -7, -6, -7, -11, -7, -7, -7, -6, -8, -5, -3, -5, -8, -3, -2
mse: 0.017544774853370058
----------------------
pred_str: 24, 26, 16, 10, 7, 1, 3, 1, 3, 6, 13, 17, 18, 11, 12, 10, 10, 6, 2, 4, 1, 0, 1, 1, 0, 1, 1, 0, 2, 0, 0, 0, -3, -10, -17, -23, -11, -25, -28, -28, -27, -28, -28, -28, -27, -26, -23, -20, -17, -11, -9, -17, -20, -25, -25, -28, -26, -26, -28, -29, -29, -26, -26, -25, -21, -19, -12, -1, 2, 5, 12, 33, 83, -10, 1, -1, -1, -2, -1, 1, 1, 1, 4, 8, 10, 12, 10, 9, 8, 10, 9, 11, 9, 10, 12, 11, 10, 9, 7, 3, 0
target_str: 20, 24, 33, 43, 52, 48, 34, 23, 23, 21, 9, -2, -7, -14, -17, -20, -24, -26, -26, -28, -30, -31, -30, -26, -31, -30, -37, -28, -49, 61, 21, -40, -28, -38, -30, -34, -27, -27, -24, -16, -10, -3, -2, -6, -12, -16, -16, -14, -15, -12
mse: 0.031228337840974292
----------------------
pred_str: 1, 11, 18, 45, 66, 84, 81, 57, 17, -4, -15, -15, -12, -6, -10, -12, -11, -10, -13, -10, -13, -14, -12, -14, -13, -13, -10, -6, -12, -19, -20, -19, -17, 7, 7, -27, -14, -32, -34, -33, 104, -34, -47, -1, -9, -2, 1, 10, 16, 42, 63, 75, 77, 58, 12, -10, -18, -17, -15, -13, -12, -13, -11, -13, -13, -12, -15, -15, -14, -10, -10, -15, -17, -24, -13, 2, -30, -21, -26, -34, -36, 101, -26, -57, -16, -12, -4, -1, 7, 13, 32, 59
target_str: 0, 4, 13, 27, 49, 70, 75, 59, 23, -1, -15, -15, -12, -19, -13, -12, -11, -16, -11, -15, -11, -16, -17, -12, -5, 1, -8, -14, -20, -17, -22, -19, 122, -31, -46, -6, -12, 2, 1, 10, 12, 27, 41, 57, 79, 80, 47, 18, -4, -11
mse: 0.011254232748614382
----------------------
pred_str: -21, -13, 0, -18, -23, -23, 67, 25, -48, -1, -13, -5, -3, 15, 15, 29, 46, 71, 86, 96, 78, 29, -15, -18, -16, -20, -16, -16, -16, -14, -11, -10, -15, -17, -17, -12, -15, -17, -19, -26, -16, -12, -1, 2, -15, -16, -21, 40
target_str: 8, 49, -51, -31, -7, -2, -5, 2, 13, 23, 38, 51, 85, 85, 69, 28, -8, -19, -30, -28, -25, -14, -21, -17, -21, -16, -19, -30, -18, -21, -18, -19, -27, -19, -21, -3, -2, -18, -19, -26, 47, 43, -45, -3, -15, 7, 7, 17, 23, 28
mse: 0.014523773225120575
----------------------
pred_str: 30, 73, -17, -2, -15, -10, -5, 0, 12, 22, 33, 37, 27, 3, -6, -12, -10, -11, -8, -8, -5, -6, -7, -8, -7, -7, -10, -11, -10, -11, -10, -10, -7, -6, -12, -11, -10, -18, -13, -27, 61, 65, -21, -3, -15, -7, -9, -2, 2, 12, 26, 34, 37, 28, 4, -5, -11, -12, -12, -9, -9, -4, -4, -5, -6, -5, -6, -8, -10, -8, -12, -9, -11, -10, -9, -12, -10, -6, -13, -12, -13, -11, -10, -7, -12, -14, -10, -20, -14, 60, 66
target_str: 21, 105, -6, -3, -3, -3, -1, 2, 9, 14, 18, 31, 41, 39, 22, 3, -7, -2, -6, -9, -3, -7, 2, -6, -7, -7, -13, -11, -12, -12, -9, -16, -10, -11, -12, -11, -8, 4, -6, -15, -9, -20, -7, -33, 62, 71, -22, -4, -9, -2
mse: 0.013871565059164903
----------------------
pred_str: -1, 1, 1, 1, 10, 11, 19, 23, 41, 45, 37, 17, 6, -5, -3, -1, -2, -3, 0, 0, -3, -8, 0, 0, -1, -6, -1, -1, -6, -1, 1, 1, 1, 13, 12, 10, 14, 23, 31, 41, 35, 12, 3, -5, -3, -2, -5, -3, 0, -6, -6, -3, 0, -2, -10, 3, 1, -13, -1, 1, 5, 1, 13, 11, 15, 20, 32, 40, 34, 19, 10, -1, -3, -5, -6, -6, -6, 0, -4, -11, -3, 0, -1, -9, -1, -2, 4, 1, 5, 12, 12, 24, 36, 42, 39, 13, 4, -2, -2, -2, -4, -5, 0, -3, -11, -1, -3, -7
target_str: -19, -10, -5, -8, 7, -85, -67, 1, -12, 7, 4, 11, 12, 31, 34, 51, 39, 19, 1, 2, -8, -15, -1, 0, -4, -14, 5, -1, -3, -2, 5, 3, -7, -11, -7, 17, -60, -85, -8, -3, 7, 8, 13, 22, 30, 48, 50, 39, 29, 13
mse: 0.0323437036328342
----------------------
pred_str: 10, 1, -10, -13, -1, -10, -8, -5, 5, 1, 16, 29, 33, 6, -11, -8, -7, -13, -14, -11, -14, -11, -6, -12, -10, 2, 6, -15, -13, -17, -16, -10, 63, 86, -21, -5, -12, -10, -11, -7, -1, -2, 5, 11, 30, 33, 12, -1, -11, -10, -9, -12, -11, -15, -8, -10, -10, -8, -11, 3, 6, -14, -13, -15, -14, -15, 3, 103, 19, -14, -8, -12, -10, -5, -2, -1, 2, 11, 31, 37, 13, -2, -9, -9, -8, -10, -11, -14, -10, -13, -12, -12, -10
target_str: -7, -8, -9, -8, 7, 9, -6, -20, -11, -13, -8, -17, 73, 45, -25, -5, -16, -11, -10, -4, 2, -2, 5, 22, 41, 31, 1, 3, 1, -8, -20, -7, -2, -8, -6, -9, -6, -3, -11, -2, -15, 6, 11, 5, -15, -25, 2, -12, -14, -4
mse: 0.024092907096193997
----------------------
pred_str: -11, -12, -9, -11, -13, -13, -10, -8, -1, 2, 1, -11, -17, -22, 11, 40, -51, -14, -12, -13, -1, 2, 11, 14, 28, 48, 77, 94, 96, 54, 13, -9, -13, -17, -11, -11, -11, -12, -9, -8, -10, -14, -11, -16, -15, -12, -13, -12, -11, -10, -7, 3, 1, -13, -19, -28, 3, 36, -51, -14, -13, -11, -1, 4, 10, 17, 32, 51, 75, 92, 94, 57, 10, -11, -17, -16, -13, -10, -13, -13, -11
target_str: -28, -10, -8, -3, 0, 3, 22, 31, 42, 73, 100, 98, 61, 30, -2, -12, -15, -12, -15, -16, -13, -6, -15, -15, -9, -20, -21, -14, -22, -16, -20, -19, -20, -11, -20, -10, 0, -3, -11, -33, -9, -31, 29, 3, -69, -5, -18, -4, -2, 5
mse: 0.012915697988393302
----------------------
pred_str: -4, -4, -5, -7, -6, -5, -5, -3, -3, -5, -4, -4, -6, -4, -10, -11, -22, 27, 96, -19, -6, -15, -7, -9, -4, 1, 10, 17, 24, 22, 12, -1, -7, -9, -9, -6, -7, -5, -6, -5, -5, -7, -4, -3, -5, -5, -4, -1, -5, -10, -18, 39, 96, -21, -4, -14, -6, -6, -5, -2, 11, 15, 24, 23, 17, 6, -1, -7, -10, -10, -8, -8, -7, -7, -5, -5, -5, -6, -5, -4, -2, -3, -9, -10, -26, 44, 95, -24, -2, -14, -6, -5, -7, -2, 1, 11, 17, 25, 23, 10, -1, -6, -8, -8, -7, -7, -6, -5, -6, -6, -6, -5
target_str: -7, -8, -9, -4, -3, -8, -5, -2, 0, -8, -10, -14, 99, 20, -23, -5, -14, -8, -1, -4, -2, 7, 14, 27, 24, 9, 0, -5, -4, -7, -8, -7, -6, -5, -3, -10, -9, -6, -5, -8, -5, 1, -8, -3, -26, 32, 94, -17, -7, -14
mse: 0.03498433415732128
----------------------
pred_str: -5, -6, -10, -12, -15, -22, -19, -17, -15, -17, -18, -16, -15, -12, -8, -17, -23, -24, -22, -35, 100, 37, -89, -13, -12, 0, 2, 15, 23, 40, 62, 69, 70, 43, 5, -11, -10, -11, -11, -9, -12, -9, -11, -12, -11, -12, -13, -11, -11, -9, -6, -10, -14, -18, -19, -23, -33, 102, 66, -95
target_str: 2, -5, -4, -8, -8, -8, -9, -2, 3, 3, -1, -12, 1, -21, 30, 111, -74, -28, -10, 0, 0, 3, 9, 17, 39, 55, 64, 63, 21, -1, -17, -20, -25, -21, -17, -14, -16, -19, -20, -21, -17, -20, -20, -19, -2, -5, -17, -19, -25, -18
mse: 0.011963520133311346
----------------------
pred_str: -7, -10, -10, 0, 11, 26, 45, 73, 56, 17, -11, -6, -16, -15, -13, -16, -11, -9, -15, 3, -9, -27, -14, 20, -30, -10, -19, -4, 0, 10, 35, 61, 75, 57, 13, -7, -12, -14, -14, -10, -13, -15, -1, -13, 1, -16, -19, 12, 15, -51, -21, -6, -15, -10, -11, 0, 10, 34, 62, 81, 51, 5, -10, -10, -15
target_str: -11, -2, 6, 11, 16, 66, 92, 82, 32, -1, -8, -23, -17, 3, -6, -18, 1, 14, -18, -26, -14, 39, -30, -69, 5, -19, -18, -1, 10, 22, 33, 105, 81, 17, -19, -19, -11, -19, -19, -16, 3, -2, -6, -29, -23, 12, -3, -76, -21, -5
mse: 0.003824101380095878
----------------------
pred_str: -11, -11, -11, -12, -11, -10, -10, -12, -13, -16, -14, -22, 90, 13, -48, -8, -11, -2, -3, 2, 7, 13, 26, 42, 59, 68, 75, 56, 15, -1, -15, -16, -13, -9, -10, -11, -10, -12, -11, -13, -11, -10, -10, -9, -6, 1, -12, -2, -19, -4, -40, 93, 3, -62, -9, -14, -2, -3, 2, 7, 14, 26, 40, 55, 69, 76, 57, 12, -1, -14, -14, -11
target_str: -12, -5, -6, -13, -18, -24, -23, -28, 104, -14, -53, -6, -11, -5, -6, 1, 4, 15, 28, 45, 62, 67, 39, 3, -12, -22, -24, -18, -20, -19, -10, -12, -17, -17, -19, -17, -16, -4, -7, -7, -7, -8, -7, -5, -6, 0, 2, 0, -4, -11
mse: 0.0169533693810273
----------------------
pred_str: -4, 1, 1, -7, -13, -9, -18, 82, 47, -21, -5, -10, -4, -8, -3, -2, 2, 8, 13, 22, 19, 10, -1, -8, -9, -10, -9, -8, -6, -4, -6, -5, -5, -6, -4, -5, 1, 3, -11, -7, -12, -13, -11, 97, 55, -24, -2, -12, -4, -5, -5, -2, 1, 7, 12, 22, 21, 10, 0, -3, -7, -10, -12, -9, -9, -6, -5, -5, -6, -4, -5, -6, -7, -4, 2, 6, -10, -6, -10, -11, -11, 95, 61, -24, -3, -12, -3, -8, -5, -2, 0, 4, 13, 21, 19, 10
target_str: -1, 1, 9, -2, -9, -9, -11, -12, 10, 92, 4, -10, -8, -9, -4, -4, 0, -1, 4, 9, 16, 21, 19, 9, -3, -4, -9, -9, -7, -9, -6, -5, -4, -4, -7, -6, -6, -8, -7, -7, -2, 0, 6, 2, -7, -7, -12, -6, -16, 78
mse: 0.02718740684538582
----------------------
pred_str: -15, 92, 1, -29, -10, -21, -5, -1, 4, 12, 27, 46, 55, 38, 1, -11, -18, -14, -13, -12, -13, -14, -11, -13, -11, -11, 0, 4, -12, -12, -22, 33, 97, -35, -1, -10, -4, -2, 6, 17, 32, 48, 57, 44, 10, -10, -13, -13, -15, -13, -12, -14, -14, -13, -13, -13, -11, -10, -4, 1, 3, -16
target_str: -16, 72, -56, -26, -25, -19, -12, -13, -4, 9, 28, 39, 33, 7, -17, -26, -29, -26, -25, -21, -19, -16, -7, -1, -3, -35, -12, -41, 55, 46, -71, 0, -18, 4, 2, 16, 19, 41, 54, 66, 52, 22, 0, -6, -6, -3, -2, 3, 1, 0
mse: 0.01086290009358015
----------------------
pred_str: 1, 0, 5, 10, 14, 16, 14, 8, 3, -1, -3, -3, -4, -4, -5, -6, -4, -5, -5, -3, -5, -3, -2, 0, 3, -1, -6, -3, -11, 13, 73, -11, -10, -10, -8, -7, -6, -4, 0, 5, 13, 16, 17, 12, 4, -1, -4, -6, -5, -4, -3, -5, -5, -4, -4, -4, -4, -5, 0, 1, -7, -7, -13, -1, -21, 45, 42, -26, -2, -10, -1, -4, -2, 1, 3, 11, 17, 17, 12, 3, -1, -4, -3, -4, -4, -3, -4, -3, -3, -2, -4, 1, 3, -2, -8, -4, -11, -2, -19, 50, 40
target_str: -1, -2, 1, 6, 14, 16, 12, 4, -1, -3, -5, -4, -3, -3, -5, -4, -3, -2, -1, -2, -2, 0, -1, -2, -3, 0, 6, 9, -3, 0, -7, 3, -17, 45, 50, -26, 0, -6, 1, -2, 0, 0, 3, 9, 14, 18, 15, 4, 0, -3
mse: 0.027440002353168028
----------------------
pred_str: -4, -1, -12, -10, -10, -11, -11, -15, -14, -14, -14, -15, -17, -13, -12, -9, 0, -6, -11, -14, -16, 22, 86, -35, -15, -13, -9, -6, 0, 5, 14, 28, 43, 50, 38, 11, -2, -9, -8, -8, -6, -6, -9, -10, -10, -11, -11, -13, -13, -12, -13, -11, -8, 2, -1, -12, -15, -13, -15, 66, 73, -29, -15, -11, -12, -9, -5, 1, 11
target_str: -1, -3, -7, -23, -9, -13, 83, 24, -43, 0, -17, -2, -7, 1, 6, 19, 33, 42, 46, 33, 12, -5, -12, -8, -6, -7, -12, -9, -11, -8, -12, -13, -12, -16, -13, -13, -15, -11, -2, 0, -5, -13, -13, -19, 23, 103, -23, -17, -8, -7
mse: 0.05456218546380384
----------------------
pred_str: 13, 19, 28, 19, 24, 8, -1, -11, -10, -11, -11, -10, -9, -11, -11, -10, -10, -12, -12, -10, -10, -11, -12, -10, -11, -12, -1, -10, -5, -1, 1, 71, 49, 0, -1, -1, -3, -1, -2, 0, 5, 11, 19, 27, 21, 15, -1, -8, -11, -12, -14, -11, -14, -10, -12, -10, -12, -11, -12, -10, -11, -11, -12, -11, -13, -9
target_str: 16, 23, 21, 3, -4, -11, -14, -15, -9, -8, -11, -4, -9, -7, -6, -12, 0, -7, -8, -8, -4, -4, -1, 4, 0, -2, -10, 0, -12, 81, 66, -5, 0, -7, 4, -9, 4, 3, 9, 16, 23, 30, 24, 7, -2, -10, -3, -10, -10, -9
mse: 0.01463281515548453
----------------------
pred_str: -11, -12, -16, -14, -14, -14, -19, -20, -15, -13, -10, -9, 0, -17, 2, 2, 3, 11, -2, -13, -11, -19, -13, -15, -11, -10, -8, -7, -15, -10, -7, -12, -12, -14, -11, -17, -2, -11, -11, -12, -2, 1, 13, 37, 61, 84, 83, 52, 1, -14, -11, -14, -24, -13
target_str: -12, -15, -7, -5, -22, -34, -18, -12, -27, -32, -48, -22, -21, -40, -32, -29, -6, -29, -28, -7, -2, -3, -38, -28, -27, -6, 19, -49, -51, -25, -22, -9, -8, 6, 16, 41, 81, 99, 126, 113, 100, 65, 32, 30, 36, 25, 16, 23, -1, -12
mse: 0.007213253596112058
----------------------
pred_str: -10, -10, -9, -11, -10, -10, -13, -10, -10, -10, -12, -10, -11, -12, -10, -12, -8, -9, -10, -10, -9, -12, -13, -10, -12, -13, -13, -13, -14, -15, -15, -14, -13, -14, -13, -12, -13, -13, -11, -14, -14, -14, -13, -15, -12, -15, -13, -11, -12, -13, -14, -13, -13, -14, -12, -11, -12, -12, -13, -13, -12, -13
target_str: -7, -7, -13, -4, -7, -7, -11, -7, -2, 6, 1, -6, -5, -7, -11, -5, -11, 4, 111, 17, -9, -5, -5, -6, -5, -4, -4, 3, 6, 18, 31, 38, 25, 7, -3, -4, -5, -5, -5, -10, -4, -4, -6, -10, -5, -10, -7, -9, -10, -6
mse: 0.021796444309616848
----------------------
pred_str: -7, -6, -5, -7, -7, -6, -7, -7, -7, -8, -9, -9, -10, -1, 4, 4, -2, -10, -2, -22, 82, 17, -25, 0, -14, -4, -10, -4, -2, 5, 10, 17, 29, 32, 21, 6, -4, -7, -7, -9, -8, -7, -8, -8, -6, -6, -7, -8, -7, -9, -8, -7, -7, -6, -6, -2, 10, 3, -4, -12, -3, -26, 54, 84, -27, 0, -13, -3, -12, -5, -5, 0, 7, 12, 27, 33, 29, 12, 0, -4, -6, -7, -7, -7, -6, -7, -6, -5, -6
target_str: -7, -6, -3, -4, -7, -6, -7, -7, -6, -7, -7, -7, -7, -3, 3, 7, -4, -6, -7, -11, -2, 96, -2, -15, -2, -7, -3, -5, 0, 0, 5, 9, 21, 32, 36, 26, 8, -1, -5, -6, -7, -7, -7, -7, -5, -4, -6, -12, -11, -13
mse: 0.01638085723774978
----------------------
pred_str: -5, -12, -11, -11, -10, -10, -6, 10, 21, 26, 20, 1, -1, -3, -4, -4, -5, -3, -3, -3, -3, -3, -4, -3, -3, -4, -4, -3, 1, 0, -8, 0, -30, 48, 93, -41, 1, -19, -8, -11, -9, -7, -3, 1, 13, 24, 28, 12, -5, -9, -12, -13, -12, -11, -11, -9, -10, -9, -8, -8, -6, -6, -5, 0, 3, 2, -15, 0, -26, 49, 94, -38, -2, -19, -7, -11, -8, -6, -1, 11, 23, 28, 16, 0, -4, -6, -7, -8, -6, -6, -6, -6, -4
target_str: -15, -4, -8, -3, -3, 6, 16, 33, 37, 27, 5, -5, -6, -9, -8, -6, -3, -1, -4, -5, -6, -4, -5, -3, 9, 1, -9, -7, -11, -14, 110, -16, -21, -12, -14, -10, -10, -6, 0, 10, 23, 36, 28, 7, -7, -10, -12, -12, -7, -7
mse: 0.014770105438333134
----------------------
pred_str: -6, -5, -4, -4, -3, -2, 1, 1, 0, -2, -3, -4, -5, -4, -3, -5, -3, -4, -5, -4, -2, -3, -3, -1, -1, -2, 1, -6, 0, -19, 56, 93, -2, -1, -10, -5, -7, -6, -3, -1, 1, 4, 5, 4, 1, -4, -6, -7, -5, -6, -6, -6, -5, -3, -4, -2, -4, -3, -2, 0, 0, -4, -1, -20, 54, 92, -3, -5, -13, -5, -7, -5, -5, -2, 0, 2, 4, 4, 1, -3, -3, -6, -4, -5, -6, -4, -4, -4, -4, -2, -4, -1, -4, -2, -2, 1, -6, 0, -15, 53, 95, -4, -1, -11, -4, -8, -6, -4, -2, 0, 4, 5, 4, 0, -3, -6, -6, -6, -6, -5, -5, -3, -3, -2, -3, -2, -2
target_str: -6, -6, -5, -5, -5, -5, -4, -3, 0, 1, -5, -4, -4, -8, -8, 93, 42, -12, -7, -12, -6, -9, -6, -7, -3, 2, 6, 7, 6, -1, -5, -4, -6, -4, -6, -6, -5, -5, -4, -2, 0, -3, -2, -10, 0, -21, 77, 80, -11, -3
mse: 0.08665806877871636
----------------------
pred_str: -4, -11, -11, -13, -13, -12, -10, -11, -13, -14, -15, -14, -16, -12, -13, -13, -10, -12, -10, -14, -14, -11, -14, -13, -13, -12, -9, -11, -11, -5, -10, 2, -14, 103, -43, -13, -10, 0, 1, 5, 14, 26, 43, 57, 46, 14, -2, -9, -11, -13, -11, -13, -11, -10, -12, -13, -15, -13, -12, -13, -13, -12, -11, -11, -11, -13, -11, -12, -14, -14, -12, -12, -12, -10, -10, -11, -8, -11, -11, -8, 2, -14, 104, -39, -31, -13, -10, 0, 2
target_str: -12, -19, -17, -18, -17, -17, -15, -10, -11, -9, -13, -13, -11, -10, -12, -10, -9, -7, -3, -3, -6, -10, -1, -21, 59, 59, -89, -8, 2, 8, 13, 14, 24, 36, 57, 69, 71, 42, 13, 2, 1, -1, 0, 0, 1, 1, 1, 1, -1, 0
mse: 0.015672457711282204
----------------------
pred_str: 1, -14, -10, 96, -18, -38, -12, -14, -12, -9, -11, -10, -11, -10, -11, -11, -12, -11, -12, -11, -12, -13, -13, -13, -13, -11, -12, -11, -10, -10, -10, -8, -6, 10, 12, 1, -15, -11, -26, 105, -26, -43, -16, -10, -10, -12, -6, -6, 1, 10, 25, 35, 51, 59, 60, 24, 4, -12, -15, -14, -15, -12, -12, -10, -10, -12, -10, -12, -11, -11, -11, -12, -13, -12, -11, -10
target_str: -5, -14, -16, -5, 83, -41, -55, -10, -15, -6, -4, -3, 3, 10, 23, 38, 55, 68, 67, 53, 23, 2, -2, -7, -9, -8, -4, -5, -6, -8, -8, -12, -8, -8, -13, -9, -12, -10, -14, -16, -6, -1, 11, 7, -15, -11, -28, 0, 77, -56
mse: 0.02456001075093046
----------------------
pred_str: -10, -11, -10, -13, -11, -13, -11, -10, -3, -6, -13, -14, -17, -15, -25, 87, 52, -21, -3, -15, -1, -7, 0, 2, 11, 23, 36, 42, 29, 13, 2, -6, -10, -10, -7, -7, -7, -6, -8, -10, -11, -11, -13, -12, -10, -10, -4, -2, -11, -15, -16, -17, -17, -11, 101, 53, -17, -4, -15, -1, -5, 1, 5, 12, 28, 40, 41, 23, 4, -6, -11, -10, -7, -5, -5, -7, -7, -7, -7, -9, -10, -11, -12
target_str: -9, -11, -10, -5, -5, 0, -3, -12, -10, -17, -9, -26, 41, 65, -31, -5, -12, 0, -3, -1, 3, 12, 17, 30, 36, 26, 9, 0, -10, -9, -8, -10, -10, -7, -7, -7, -8, -9, -8, -8, -3, 0, -4, -14, -11, -17, -10, -25, 39, 51
mse: 0.025893618949436262
----------------------
pred_str: -5, -5, -3, -6, -2, 2, 1, -4, -4, -3, -3, -4, -6, -5, -1, -6, 0, -2, -7, -9, 0, -5, -1, -6, -10, -4, -11, 1, 74, -36, -38, -10, -1, -5, -10, -3, 2, 23, 55, 90, 98, 87, 43, 13, -1, -1, -2, -2, -3, -3, -6, -7, -9, -11, -12, -14, -14, -12, -14, -14, -15, -12, -13, -12, -11, -13, -10, -11, -13, -12, -9, -10, -12, -9, -12, -10
target_str: -4, -2, -3, -1, 7, 9, -3, -7, -12, -7, -22, 49, 21, -72, -19, -17, -12, -12, -5, -1, 0, 20, 43, 82, 98, 90, 54, 18, 5, 0, -3, -4, -5, -4, -3, -3, -11, -12, -9, -10, -14, -15, -13, -20, -17, -17, -14, -18, -17, -12
mse: 0.0269028751845398
----------------------
pred_str: -13, -11, -10, -11, -10, -11, -12, -12, -12, -14, -14, -12, -13, -14, -12, -11, -13, -11, -12, -14, -13, -14, -14, -14, -12, -10, -10, -5, -7, -5, -1, -5, -11, -21, 25, 91, -28, -13, -1, -3, 3, 9, 15, 23, 32, 42, 45, 40, 21, 5, -1, -6, -6, -4, -3, -4, -2, 0, -3, -3, 1, 4, 8, 12, 20, 25
target_str: 14, 11, 8, 4, 5, -3, 23, 103, -5, -26, -4, 1, 3, 6, 17, 13, 21, 30, 38, 35, 17, 0, -8, -11, -22, -27, -26, -21, -12, -10, -15, -22, -25, -28, -32, -35, -35, -29, -31, -36, -38, -34, -26, -23, -8, -8, 34, 94, -14, -16
mse: 0.13430752663615267
----------------------
pred_str: -3, -3, 2, 11, 26, 35, 42, 37, 10, -4, -11, -15, -13, -12, -11, -10, -11, -11, -12, -12, -13, -13, -13, -12, -10, -11, -12, -11, -12, -12, -11, -7, -4, 0, -4, -13, -11, -18, 3, 99, -10, -14, -5, -5, -2, 0, 8, 18, 32, 42, 37, 14, -1, -9, -15, -15, -12, -13, -13, -11, -12, -11, -12, -13, -13, -12, -13, -13, -14, -12, -12, -11, -10, -10, -10, -9, -10, -11, -10, -10, -10, -8
target_str: 1, 4, 7, 13, 25, 35, 45, 38, 18, -3, -11, -11, -15, -10, -15, -11, -12, -11, -10, -11, -14, -10, -12, -17, -12, -14, -14, -16, -12, -11, -13, -8, -7, 3, -12, -10, -17, -9, -24, 29, 84, -21, -5, -8, -1, 0, 6, 8, 17, 29
mse: 0.008004367137119262
----------------------
pred_str: -10, -14, -13, -13, -12, -9, 1, 13, 37, 54, 43, 6, -8, -16, -18, -22, -19, -19, -14, -12, -12, -16, -21, -17, -18, 40, 46, -78, -25, -22, -1, -1, 10, 25, 42, 61, 60, 25, 3, -11, -17, -17, -18, -19, -19, -16, -16, -17, -22, -21, -18, 15, 49, -78, -15, -23, -2, 1, 15, 35, 57, 57, 34, 3, -14, -19, -22, -21, -24, -21
target_str: -6, -9, -10, -8, 3, -1, 0, -16, -10, -22, 50, 25, -69, -5, -15, 0, 2, 15, 37, 56, 61, 46, 19, -4, -4, -7, -9, -10, -12, -6, -1, -2, -7, -21, -18, -24, 48, -3, -73, -12, -22, -6, 0, 15, 33, 53, 60, 39, 7, -10
mse: 0.04253074783702227
----------------------
pred_str: -19, -19, -21, -17, -12, 2, 13, 17, 12, 3, 2, -2, -3, -5, -6, -8, -7, -7, -7, -11, 1, 1, 1, 1, 4, 6, 1, 2, 0, 0, 0, -4, 100, 33, -15, -6, -8, -5, -5, -4, 1, 10, 16, 28, 35, 30, 11, -1, -8, -11, -12, -14, -15, -14, -15, -15, -17, -15, -16
target_str: -14, -16, -14, -12, -14, -11, -10, -5, -1, -2, -13, -10, -17, -11, -22, 26, 101, -18, -6, -4, -3, -1, -1, 4, 10, 19, 30, 40, 36, 21, 4, -3, -7, -9, -8, -9, -10, -6, -6, -5, -8, -9, -10, -14, -9, -12, -11, -16, -14, -12
mse: 0.02287954618370272
----------------------
pred_str: -5, -5, -4, -5, -5, -4, -4, -4, -3, -3, -1, 1, -3, -4, -3, -11, -10, 69, 36, -3, -10, -9, -9, -9, -9, -6, -1, 2, 8, 10, 10, 3, -1, -3, -4, -5, -4, -3, -3, -4, -4, -4, -4, -4, -4, -4, -4, -3, -1, 0, -2, -5, -4, -6, -17, 94, 36, -1, -11, -9, -9, -9, -9, -8, -6, 0, 5, 10, 10, 2, -2, -4, -5, -5, -5, -5, -4, -5, -4, -4, -4, -5, -5, -5, -5, -4, -4, -2, 2, -4, -4, -5, -7, -13, 101, 39, -4, -11, -11, -10, -9, -9, -8, -5, 0, 5, 10, 12, 6
target_str: -2, -2, 0, 0, -2, -1, -2, -1, -2, -2, -3, -3, -4, -4, -2, 0, 4, -2, -2, -10, 0, -22, 17, 112, 21, 0, -5, -6, -5, -6, -5, -2, -1, 6, 10, 14, 10, 5, -3, -5, -6, -5, -6, -7, -7, -8, -8, -9, -7, -8
mse: 0.0381576890666675
----------------------
pred_str: 23, 29, 16, 3, -4, -6, -8, -9, -9, -7, -5, -4, -6, -4, -5, -6, -5, -6, -4, -4, -3, 0, -5, -11, 1, 103, 31, -30, -8, -12, -6, -10, -3, 0, 11, 28, 27, 12, 1, -4, -6, -7, -10, -10, -8, -7, -6, -4, -5, -5, -6, -7, -7, -5, -5, -1, 1, -4, -7, -11, 11, 108, -15, -10, -10, -6, -9, -3, 0, 10, 27, 29, 16, 3, -4, -7, -8, -9, -10, -8, -8, -6, -4, -4, -6, -5, -5, -5
target_str: 20, 31, 25, 13, 0, -4, -6, -7, -6, -7, -4, -2, -1, -2, -2, -4, -2, -3, 0, 0, 8, -10, -2, -22, 65, 45, -49, -3, -18, -3, -9, 0, 3, 13, 23, 29, 16, 2, -5, -10, -12, -14, -12, -10, -9, -8, -8, -8, -7, -6
mse: 0.010127983013322413
----------------------
pred_str: -92, -92, -92, -92, -92, -92, -92, -92, -92, -92, -92, -92, -92, -92, -92, -92, -92, -92, -92, -92, -92, -92, -92, -92, -92, -92, -92, -92, -92, -92, -92, -92, -92
target_str: -92, -92, -92, -92, -92, -92, -92, -92, -92, -92, -92, -92, -92, -92, -92, -92, -92, -92, -92, -92, -92, -92, -92, -92, -92, -92, -92, -92, -92, -92, -92, -92, -92, -92, -92, -92, -92, -92, -92, -92, -92, -92, -92, -92, -92, -92, -91, -90, -93, -85
mse: 8.403184641917892e-06
----------------------
pred_str: 0, 0, 5, 1, -13, 0, -27, 88, 21, -31, -13, -18, -12, -10, -8, 0, 13, 32, 34, 20, 3, -3, -5, -7, -7, -7, -7, -7, -7, -6, -5, -6, -5, -6, -4, 2, 4, -14, -3, -26, 81, 24, -29, -11, -18, -11, -13, -5, 0, 11, 30, 33, 18, 2, -4, -7, -6, -7, -6, -7, -5, -6, -4, -5, -5, -6, -3, 1, 0, -13, -2, -25, 92, 10, -28, -11, -17, -11, -11, -6, 1, 13, 32, 35, 20, 2, -5, -5, -6, -6, -6, -5, -6, -6, -6, -4, -4, -5, -5, 1, 0, -11, 2, -25, 61, 42
target_str: 0, 5, 5, -11, 1, -23, 26, 87, -36, -6, -18, -8, -12, -6, -3, 3, 18, 35, 35, 22, 7, -1, -6, -6, -5, -6, -6, -7, -5, -6, -8, -6, -10, -6, 1, 0, -17, -7, -26, 16, 74, -45, -11, -21, -10, -12, -9, -6, 4, 16
mse: 0.007555354538615606
----------------------
pred_str: 100, 11, -19, -10, -6, -7, -4, -1, 2, 9, 22, 29, 27, 19, 1, -4, -6, -6, -7, -8, -6, -6, -6, -6, -6, -6, -6, -7, -6, -6, -6, -5, -6, -5, -6, -1, -3, 1, 4, 1, -3, -7, -2, -15, 99, 12, -18, -9, -6, -6, -4, -2, 0, 4, 12, 26, 32, 24, 12, -1, -5, -5, -5, -6, -5, -6, -5, -5, -5, -5, -5, -6, -6, -7, -7, -6, -7, -6, -5, -5, -4, -2, 1, 4, 1, -2, -7, -3, -14, 97, 22, -14, -6, -5, -5, -4, -3, -1, 2, 10, 22, 30, 26, 14, -1
target_str: 92, -15, -4, -9, -6, -7, -4, -2, 0, 3, 13, 22, 30, 29, 16, 5, -1, -5, -6, -6, -7, -5, -6, -6, -6, -5, -4, -5, -7, -5, -6, -4, -6, -7, -6, -7, -6, -8, -6, -2, 3, 6, -3, -6, -5, -8, -1, 88, -2, -13
mse: 0.031807172148969574
----------------------
