pred_str: -2, -1, -2, -6, -1, -7, -3, -4, -2, -5, -3, -2, -8, -6, -4, -6, -3, -6, -4, -2, -1, -2, -2, -1, -6, -3, -6, -5, -4, -6, -1, -4, -5, -2, -6, -6, -1, -5, -1, -1, -1, -1, -1, -1, -1, -1, -1, -1, -1, -1, -1, -1, -1, -1, -1, -1, -1, -1, -1, -1, -1, -1, -1, -1, -1, -1, -1, -1, -1, -1, -1, -1, -1, -1, -1, -1, -1, -1, -1, -1, -1, -1, -1, -1, -1, -1, -1, -1, -1, -1, -1, -1, -1, -1, -1, -1, -1, -1, -1, -1, -1, -1, -1, -1, -1, -1, -1, -1, -1, -1, -1, -1, -1, -1, -1, -1, -1, -1, -1, -1, -1, -1, -1, -1, -1, -1, -1, -1, -1, -1, -1, -1, -1, -1, -1, -1, -1, -1, -1, -1, -1, -1, -1, -1, -1, -1, -1, -1, -1, -1, -1, -1, -1, -1, -1, -1, -1, -1, -1, -1, -1, -1, -1, -1, -1, -1, -1, -1, -1, -1, -1
target_str: -6, -9, -10, -8, 3, -1, 0, -16, -10, -22
mse: 0.0018070960503693862
----------------------
pred_str: -5, -12, -12, -13, -14, -13, -15, -15, -14, -13, -14, -7, -12, -13, -20, -11, -14, 94, -36, -75, -3, -12, 0, -3, 8, 11, 27, 45, 55, 44, 2

target_str: -12, -19, -17, -18, -17, -17, -15, -10, -11, -9
mse: 0.0003004038154420529
----------------------
pred_str: -10, -16, -11, -20, -16, -17, -18, -17, -15, -16, -18, -16, -18, -16, -19, -17, -17, -17, -16, -18, -17, -16, -17, -17, -16, -17, -17, -17, -16, -17, -17, -17, -17, -16, -17, -17, -17, -17, -17, -17, -17, -17, -17, -17, -17, -17, -17, -17, -17, -17, -17, -17, -17, -17, -17, -17, -17, -17, -17, -17, -17, -17, -17, -17, -17, -17, -17, -17, -17, -17, -17, -17, -17, -17, -17, -17, -17, -17, -17, -17, -17, -17, -17, -17, -17, -17, -17, -17, -17, -17, -17, -17, -17, -17, -17, -17, -17, -17, -17, -17, -17, -17, -17, -17, -17, -17, -17, -17, -17, -17, -17, -17, -17, -17, -17, -17, -17, -17, -17, -17, -17, -17, -17, -17, -17, -17, -17, -17,
target_str: 8, 49, -51, -31, -7, -2, -5, 2, 13, 23
mse: 0.006523823220482151
----------------------
pred_str: -11, 22, 33, 44, 55, 66, 77, 88, 99, -1, -2, 3, -4, -5, -6, -7, -8, -9, -10, -11, -12, -13, -14, -15, -16, -17, -18, -19, -20, -21, -22, -23, -24, -25, -26, -27, -28, -29, -30, -31, -32, -33, -34, -35, -36, -37, -38, -39, -40, -41, -42, -43, -44, -45, -46, -47, -48, -49, -50, -51, -52, -53, -54, -55, -56, -57, -58, -59, -60, -61, -62, -63, -64, -65, -66, -67, -68, -69, -70, -71, -72, -73, -74, -75, -76, -77, -78, -79, -80, -81, -82, -83, -84, -85, -86, -87, -88, -89, -90, -91, -92, -93, -94, -95, -96, -97, -98, -99, -100, -101, -102, -103, -104, -105, -106, -107, -108, -109, -110, -111, -112, -113, -114, -115, -116, -117
target_str: 29, -7, -21, -20, -26, -25, -24, -25, -27, -28
mse: 0.042586149094360516
----------------------
pred_str: -1, -6, -1, -2, -1, -2, -2, -2, -1, -1, -1, -1, -1, -1, -1, -1, -1, -1, -1, -1, -1, -1, -1, -1, -1, -1, -1, -1, -1, -1, -1, -1, -1, -1, -1, -1, -1, -1, -1, -1, -1, -1, -1, -1, -1, -1, -1, -1, -1, -1, -1, -1, -1, -1, -1, -1, -1, -1, -1, -1, -1, -1, -1, -1, -1, -1, -1, -1, -1, -1, -1, -1, -1, -1, -1, -1, -1, -1, -1, -1, -1, -1, -1, -1, -1, -1, -1, -1, -1, -1, -1, -1, -1, -1, -1, -1, -1, -1, -1, -1, -1, -1, -1, -1, -1, -1, -1, -1, -1, -1, -1, -1, -1, -1, -1, -1, -1, -1, -1, -1, -1, -1, -1, -1, -1, -1, -1, -1, -1, -1, -1, -1, -1, -1, -1, -1, -1, -1, -1, -1, -1, -1, -1, -1, -1, -1, -1, -1, -1, -1, -1, -1, -1, -1, -1, -1, -1, -1, -1, -1, -1, -1, -1, -1, -1, -1, -1, -1, -1, -1, -1
target_str: 0, 5, 5, -11, 1, -23, 26, 87, -36, -6
mse: 0.025076875565087482
----------------------
pred_str: -6, -1, -2, -3, -8, -1, -4, -6, -1, -9, -8, -1, -2, -9, -1, -8, -1, -7, -1, -1, -5, -8, -2, -6, -4, -5, -7, -2, -3, -9, -6, -4, -8, -1, -2, -7, -4, -3, -8, -1, -3, -9, -1, -5, -7, -1, -9, -2, -5, -8, -6, -1, -5, -8, -1, -2, -5, -7, -1, -5, -1, -2, -7, -2, -9, -1, -6, -2, -1, -8, -1, -8, -1, -7, -3, -1, -9, -3, -7, -4, -8, -6, -5, -3, -9, -2, -8, -3, -9, -1, -7, -9, -1, -1, -2, -3, -1, -1, -5, -1, -1, -3, -3, -3, -5, -3, -1, -5, -1, -3, -7, -3, -1, -3, -7, -3, -3, -1, -1, -1, -3, -1, -1, -3, -1, -1, -1, -3, -1, -1, -3, -1, -1, -3, -1, -1, -1, -3, -1, -1, -1, -1, -1, -1, -1, -1, -1, -1, -1, -1, -1, -1, -1, -1, -1, -1, -1, -1, -1, -1, -1, -1, -1, -1, -1, -1, -1, -1, -1, -1, -1
target_str: 14, 11, 8, 4, 5, -3, 23, 103, -5, -26
mse: 0.1378279860431022
----------------------
pred_str: -4, -3, -2, -2, -3, -3, -5, -3, -3, -3, -2, -2, -2, -3, -3, -2, -2, -2, -3, -2, -2, -2, -2, -2, -2, -2, -2, -2, -2, -2, -2, -2, -2, -2, -2, -2, -2, -2, -2, -2, -2, -2, -2, -2, -2, -2, -2, -2, -2, -2, -2, -2, -2, -2, -2, -2, -2, -2, -2, -2, -2, -2, -2, -2, -2, -2, -2, -2, -2, -2, -2, -2, -2, -2, -2, -2, -2, -2, -2, -2, -2, -2, -2, -2, -2, -2, -2, -2, -2, -2, -2, -2, -2, -2, -2, -2, -2, -2, -2, -2, -2, -2, -2, -2, -2, -2, -2, -2, -2, -2, -2, -2, -2, -2, -2, -2, -2, -2, -2, -2, -2, -2, -2, -2, -2, -2, -2, -2, -2, -2, -2, -2, -2, -2, -2, -2, -2, -2, -2, -2, -2, -2, -2, -2, -2, -2, -2, -2, -2, -2, -2, -2, -2, -2, -2, -2, -2, -2, -2, -2, -2, -2, -2, -2, -2, -2, -2, -2, -2, -2, -2
target_str: -2, -2, 0, 0, -2, -1, -2, -1, -2, -2
mse: 0.00024850089580044746
----------------------
pred_str: -14, -15, -13, -12, -11, -10, -11, -10, -9, -11, -10, -8, -7, -6, -5, -4, -3, -2, -1, -2, -1, -1, -1, -1, -1, -1, -1, -1, -1, -1, -1, -1, -1, -1, -1, -1, -1, -1, -1, -1, -1, -1, -1, -1, -1, -1, -1, -1, -1, -1, -1, -1, -1, -1, -1, -1, -1, -1, -1, -1, -1, -1, -1, -1, -1, -1, -1, -1, -1, -1, -1, -1, -1, -1, -1, -1, -1, -1, -1, -1, -1, -1, -1, -1, -1, -1, -1, -1, -1, -1, -1, -1, -1, -1, -1, -1, -1, -1, -1, -1, -1, -1, -1, -1, -1, -1, -1, -1, -1, -1, -1, -1, -1, -1, -1, -1, -1, -1, -1, -1, -1, -1, -1, -1, -1, -1, -1, -1, -1, -1, -1, -1, -1, -1, -1, -1, -1, -1, -1, -1, -1, -1, -1, -1, -1, -1, -1, -1, -1, -1, -1, -1, -1, -1, -1, -1, -1, -1, -1, -1, -1, -1, -1, -1, -1, -1, -1, -
target_str: 1, 4, 7, 13, 25, 35, 45, 38, 18, -3
mse: 0.02877108978363806
----------------------
pred_str: 1, 2, 3, 4, 5, 6, 7, 8, 9, 10, 11, 12, 13, 14, 15, 16, 17, 18, 19, 20, 21, 22, 23, 24, 25, 26, 27, 28, 29, 30, 31, 32, 33, 34, 35, 36, 37, 38, 39, 40, 41, 42, 43, 44, 45, 46, 47, 48, 49, 50, 51, 52, 53, 54, 55, 56, 57, 58, 59, 60, 61, 62, 63, 64, 65, 66, 67, 68, 69, 70, 71, 72, 73, 74, 75, 76, 77, 78, 79, 80, 81, 82, 83, 84, 85, 86, 87, 88, 89, 90, 91, 92, 93, 94, 95, 96, 97, 98, 99, 100, 101, 102, 103, 104, 105, 106, 107, 108, 109, 110, 111, 1111, 112, 113, 114, 115, 116, 117, 118, 119, 120, 121, 122, 123,
target_str: -12, -15, -7, -5, -22, -34, -18, -12, -27, -32
mse: 0.002644344755155014
----------------------
pred_str: -2, -3, -10,  -7,  -4, -5, -11, -4, -11,  -1,  -2,  -4,  -2, -4, -7, -11,  -2,  -2,  -1,  -7,  -1,  -1,  -1,  -1,  -1,  -1,  -1,  -1,  -1,  -1,  -1,  -1,  -1,  -1,  -1,  -1,  -1,  -1,  -1,  -1,  -1,  -1,  -1,  -1,  -1,  -1,  -1,  -1,  -1,  -1,  -1,  -1,  -1,  -1,  -1,  -1,  -1,  -1,  -1,  -1,  -1,  -1,  -1,  -1,  -1,  -1,  -1,  -1,  -1,  -1,  -1,  -1,  -1,  -1,  -1,  -1,  -1,  -1,  -1,  -1,  -1,  -1,  -1,  -1,  -1,  -1,  -1,  -1,  -1,  -1,  -1,  -1,  -1,  -1,  -1,  -1,  -1,  -1,  -1,  -1,  -1,  -1,  -1,  -1,  -1,  -1,  -1,  -1,  -1,  -1,  -1,  -1,  -1,  -1,  -1,  -1,  -1,  -1,  -1,  -1,  -1,  -1,  -1,  -1,  -1,  -1,  -1,  -1,  -1,  -
target_str: -1, 1, 9, -2, -9, -9, -11, -12, 10, 92
mse: 0.028625543660678505
----------------------
pred_str: -13, 11, 2, 2, 3, 3, 4, 5, 6, 7, 8, 9, 10, 11, 12, 13, 14, 15, 16, 17, 18, 19, 20, 21, 22, 23, 24, 25, 26, 27, 28, 29, 30, 31, 32, 33, 34, 35, 36, 37, 38, 39, 40, 41, 42, 43, 44, 45, 46, 47, 48, 49, 50, 51, 52, 53, 54, 55, 56, 57, 58, 59, 60, 61, 62, 63, 64, 65, 66, 67, 68, 69, 70, 71, 72, 73, 74, 75, 76, 77, 78, 79, 80, 81, 82, 83, 84, 85, 86, 87, 88, 89, 90, 91, 92, 93, 94, 95, 96, 97, 98, 99, 100, 101, 102, 103, 104, 105, 106, 107, 108, 109, 110, 111, 112, 113, 114, 115, 116, 117, 118, 119, 120, 121, 122
target_str: -1, 4, 9, 18, 26, 36, 40, 26, 3, -7
mse: 0.013200044070968583
----------------------
pred_str: -1,  -4,  -7,  -11,  -10,  -3,  -2,  -13,  -9,  -2,  -5,  -12,  -2,  -5,  -2,  -3,  -14,  -10,  -3,  -2,  -3,  -9,  -10,  -5,  -13,  -1,  -1,  -1,  -5,  -12,  -1,  -1,  -1,  -1,  -1,  -1,  -1,  -1,  -1,  -1,  -1,  -1,  -1,  -1,  -1,  -1,  -1,  -1,  -1,  -1,  -1,  -1,  -1,  -1,  -1,  -1,  -1,  -1,  -1,  -1,  -1,  -1,  -1,  -1,  -1,  -1,  -1,  -1,  -1,  -1,  -1,  -1,  -1,  -1,  -1,  -1,  -1,  -1,  -1,  -1,  -1,  -1,  -1,  -1,  -1,  -1,  -1,  -1,  -1,  -1,  -1,  -1,  -1,  -1,  -1,  -1,  -1,  -1,  -1,  -1,  -1,  -1,  -1,  -1,  -1,  -1,  -1,  -1,  -1,  -1,  -1,  -1,  -1,  -1,  -1,  -1,  -1,  -1,  -1,  -1,  -1,  -1,  -1,  -1,  -1,  -1,
target_str: -10, -14, -25, -18, -35, 19, 42, -99, -43, -29
mse: 0.06802345434786747
----------------------
pred_str: -2, -7,  -6,  -5,  -1,  -1,  -10,  -2,  -12,  -7,  -14,  -2,  -1,  -1,  -1,  -2,  -5,  -1,  -5,  -6,  -1,  -1,  -1,  -2,  -1,  -1,  -1,  -1,  -1,  -1,  -1,  -1,  -1,  -1,  -1,  -1,  -1,  -1,  -1,  -1,  -1,  -1,  -1,  -1,  -1,  -1,  -1,  -1,  -1,  -1,  -1,  -1,  -1,  -1,  -1,  -1,  -1,  -1,  -1,  -1,  -1,  -1,  -1,  -1,  -1,  -1,  -1,  -1,  -1,  -1,  -1,  -1,  -1,  -1,  -1,  -1,  -1,  -1,  -1,  -1,  -1,  -1,  -1,  -1,  -1,  -1,  -1,  -1,  -1,  -1,  -1,  -1,  -1,  -1,  -1,  -1,  -1,  -1,  -1,  -1,  -1,  -1,  -1,  -1,  -1,  -1,  -1,  -1,  -1,  -1,  -1,  -1,  -1,  -1,  -1,  -1,  -1,  -1,  -1,  -1,  -1,  -1,  -1,  -1,  -1,  -1,  -1,  -1
target_str: 0, 4, 13, 27, 49, 70, 75, 59, 23, -1
mse: 0.016375703631177067
----------------------
pred_str: 0, -1, 0, 0, -1, 0, 0, 0, 0, 0, 0, 0, 0, 0, 0, 0, 0, 0, 0, 0, 0, 0, 0, 0, 0, 0, 0, 0, 0, 0, 0, 0, 0, 0, 0, 0, 0, 0, 0, 0, 0, 0, 0, 0, 0, 0, 0, 0, 0, 0, 0, 0, 0, 0, 0, 0, 0, 0, 0, 0, 0, 0, 0, 0, 0, 0, 0, 0, 0, 0, 0, 0, 0, 0, 0, 0, 0, 0, 0, 0, 0, 0, 0, 0, 0, 0, 0, 0, 0, 0, 0, 0, 0, 0, 0, 0, 0, 0, 0, 0, 0, 0, 0, 0, 0, 0, 0, 0, 0, 0, 0, 0, 0, 0, 0, 0, 0, 0, 0, 0, 0, 0, 0, 0, 0, 0, 0, 0, 0, 0, 0, 0, 0, 0, 0, 0, 0, 0, 0, 0, 0, 0, 0, 0, 0, 0, 0, 0, 0, 0, 0, 0, 0, 0, 0, 0, 0, 0, 0, 0, 0, 0, 0, 0, 0, 0, 0, 0, 0, 0, 0,
target_str: 34, 14, 0, -10, -11, -9, -11, -10, -5, -6
mse: 0.004505163615951445
----------------------
pred_str: -2, -3, -7, -1,  -3, -3, -1,  -3,  -2,  -3,  -7,  -3,  -3, -3,  -7,  -3, -3,  -3,  -3,  -3,  -3,  -3,  -3,  -3,  -3,  -3,  -3,  -3,  -3,  -3,  -3,  -3,  -3,  -3,  -3,  -3,  -3,  -3,  -3,  -3,  -3,  -3,  -3,  -3,  -3,  -3,  -3,  -3,  -3,  -3,  -3,  -3,  -3,  -3,  -3,  -3,  -3,  -3,  -3,  -3,  -3,  -3,  -3,  -3,  -3,  -3,  -3,  -3,  -3,  -3,  -3,  -3,  -3,  -3,  -3,  -3,  -3,  -3,  -3,  -3,  -3,  -3,  -3,  -3,  -3,  -3,  -3,  -3,  -3,  -3,  -3,  -3,  -3,  -3,  -3,  -3,  -3,  -3,  -3,  -3,  -3,  -3,  -3,  -3,  -3,  -3,  -3,  -3,  -3,  -3,  -3,  -3,  -3,  -3,  -3,  -3,  -3,  -3,  -3,  -3,  -3,  -3,  -3,  -3,  -3,  -3,  -3,  -3,  -3,  -3,
target_str: -1, -2, 1, 6, 14, 16, 12, 4, -1, -3
mse: 0.00856520819550734
----------------------
pred_str: 1, 2, 3, 4, 5, 6, 7, 8, 9, 10, 11, 12, 13, 14, 15, 16, 17, 19, 20, 21, 22, 23, 24, 27, 29, 30, 31, 37, 39, 40, 41, 42, 49, 5, 50, 51, 52, 57, 59, 60, 61, 62, 65, 67, 69, 70, 71, 72, 79, 80, 81, 82, 87, 89, 90, 91, 92, 95, 97, 99, 100, 101, 102, 107, 109, 110, 111, 112, 115, 117, 119, 120, 121, 122, 125, 127, 129, 130, 131, 132, 135, 137, 139, 140, 141, 142, 145, 147, 149, 150, 151, 152, 155, 157, 159, 160, 161, 162, 165, 167, 169, 170, 171, 172, 175, 177, 179, 180, 181, 182, 185, 187, 189, 190, 191, 192, 19
target_str: -9, -11, -10, -5, -5, 0, -3, -12, -10, -17
mse: 0.0076233606816015435
----------------------
pred_str: -2, 14, -15, 22, 29, 38, 24, 31, 11, 16, 27, 12, 1, 15, 28, 2, 19, 14, 22, 28, 29, 24, 30, 2, 38, 22, 23, 27, 1, 18, 14, 2, 19, 11, 10, 25, 27, 35, 23, 1, 10, 33, 21, 22, 32, 27, 20, 16, 2, 30, 13, 18, 15, 23, 1, 20, 2, 12, 21, 2, 23, 28, 11, 29, 2, 21, 10, 2, 25, 12, 19, 11, 2, 11, 22, 2, 25, 29, 27, 24, 1, 19, 12, 10, 1, 24, 1, 11, 15, 22, 19, 14, 13, 1, 21, 2, 25, 29, 20, 12, 14, 10, 12, 25, 19, 21, 24, 21, 20, 25, 19, 20, 29, 22, 20, 29, 21, 29, 24, 28, 20, 19, 18, 24, 29, 1, 29, 24, 22, 19, 24, 28, 19, 
target_str: -16, 72, -56, -26, -25, -19, -12, -13, -4, 9
mse: 0.01816180010207395
----------------------
pred_str: -2,  -1,  -4,  -11,  -10,  -11,  -12,  -13,  -11,  -12,  -11,  -11,  -11,  -11,  -10,  -10,  -10,  -10,  -10,  -10,  -10,  -10,  -10,  -10,  -10,  -10,  -10,  -10,  -10,  -10,  -10,  -10,  -10,  -10,  -10,  -10,  -10,  -10,  -10,  -10,  -10,  -10,  -10,  -10,  -10,  -10,  -10,  -10,  -10,  -10,  -10,  -10,  -10,  -10,  -10,  -10,  -10,  -10,  -10,  -10,  -10,  -10,  -10,  -10,  -10,  -10,  -10,  -10,  -10,  -10,  -10,  -10,  -10,  -10,  -10,  -10,  -10,  -10,  -10,  -10,  -10,  -10,  -10,  -10,  -10,  -10,  -10,  -10,  -10,  -10,  -10,  -10,  -10,  -10,  -10,  -10,  -10,  -10,  -10,  -10,  -10,  -10,  -10, 
target_str: -5, -14, -16, -5, 83, -41, -55, -10, -15, -6
mse: 0.01833065831967468
----------------------
pred_str: -3, -1, -1, -1, -1, -2, -1, -2, -1, -1, -2, -1, -2, -1, -1, -1, -1, -1, -1, -1, -1, -1, -1, -1, -1, -1, -1, -1, -1, -1, -1, -1, -1, -1, -1, -1, -1, -1, -1, -1, -1, -1, -1, -1, -1, -1, -1, -1, -1, -1, -1, -1, -1, -1, -1, -1, -1, -1, -1, -1, -1, -1, -1, -1, -1, -1, -1, -1, -1, -1, -1, -1, -1, -1, -1, -1, -1, -1, -1, -1, -1, -1, -1, -1, -1, -1, -1, -1, -1, -1, -1, -1, -1, -1, -1, -1, -1, -1, -1, -1, -1, -1, -1, -1, -1, -1, -1, -1, -1, -1, -1, -1, -1, -1, -1, -1, -1, -1, -1, -1, -1, -1, -1, -1, -1, -1, -1, -1, -1, -1, -1, -1, -1, -1, -1, -1, -1, -1, -1, -1, -1, -1, -1, -1, -1, -1, -1, -1, -1, -1, -1, -1, -1, -1, -1, -1, -1, -1, -1, -1, -1, -1, -1, -1, -1, -1, -1, -1, -1, -1, -1
target_str: -2, 2, 9, 19, 31, 36, 35, 19, 4, -4
mse: 0.04404453705405361
----------------------
pred_str: -4,  -1,  -6,  -3,  -1,  -5,  -7,  -1,  -8,  -1,  -1,  -3,  -9,  -5,  -1,  -2,  -3,  -7,  -1,  -9,  -2,  -7,  -2,  -1,  -1,  -1,  -2,  -3,  -2,  -1,  -1,  -1,  -2,  -1,  -1,  -2,  -3,  -1,  -1,  -1,  -1,  -1,  -1,  -1,  -1,  -1,  -1,  -1,  -1,  -1,  -1,  -1,  -1,  -1,  -1,  -1,  -1,  -1,  -1,  -1,  -1,  -1,  -1,  -1,  -1,  -1,  -1,  -1,  -1,  -1,  -1,  -1,  -1,  -1,  -1,  -1,  -1,  -1,  -1,  -1,  -1,  -1,  -1,  -1,  -1,  -1,  -1,  -1,  -1,  -1,  -1,  -1,  -1,  -1,  -1,  -1,  -1,  -1,  -1,  -1,  -1,  -1,  -1,  -1,  -1,  -1,  -1,  -1,  -1,  -1,  -1,  -1,  -1,  -1,  -1,  -1,  -1,  -1,  -1,  -1,  -1,  -1,  -1,  -1,  -1,  -1,  -1,  -1, 
target_str: -11, -12, -7, -11, -10, -5, -11, -6, -5, 0
mse: 0.0004885715561128094
----------------------
pred_str: -5,  -4,  -6,  -10,  -1,  -2,  -9,  -3,  -10,  -8,  -12,  -12,  -13,  -11,  -1,  -12,  -1,  -2,  -11,  -2,  -1,  -1,  -1,  -1,  -1,  -1,  -1,  -1,  -1,  -1,  -1,  -1,  -1,  -1,  -1,  -1,  -1,  -1,  -1,  -1,  -1,  -1,  -1,  -1,  -1,  -1,  -1,  -1,  -1,  -1,  -1,  -1,  -1,  -1,  -1,  -1,  -1,  -1,  -1,  -1,  -1,  -1,  -1,  -1,  -1,  -1,  -1,  -1,  -1,  -1,  -1,  -1,  -1,  -1,  -1,  -1,  -1,  -1,  -1,  -1,  -1,  -1,  -1,  -1,  -1,  -1,  -1,  -1,  -1,  -1,  -1,  -1,  -1,  -1,  -1,  -1,  -1,  -1,  -1,  -1,  -1,  -1,  -1,  -1,  -1,  -1,  -1,  -1,  -1,  -1,  -1,  -1,  -1,  -1,  -1,  -1,  -1,  -1,  -1,  -1,  -1,  -1,  -1,  -1,  -1,  -1, 
target_str: -28, -10, -8, -3, 0, 3, 22, 31, 42, 73
mse: 0.007728571059361799
----------------------
pred_str: -13,  -17,  -2,  -19,  -1,  -21,  -2,  -10,  -3,  -16,  -18,  -19,  -1,  -2,  -12,  -17,  -1,  -14,  -12,  -1,  -11,  -1,  -1,  -1,  -1,  -1,  -1,  -1,  -1,  -1,  -1,  -1,  -1,  -1,  -1,  -1,  -1,  -1,  -1,  -1,  -1,  -1,  -1,  -1,  -1,  -1,  -1,  -1,  -1,  -1,  -1,  -1,  -1,  -1,  -1,  -1,  -1,  -1,  -1,  -1,  -1,  -1,  -1,  -1,  -1,  -1,  -1,  -1,  -1,  -1,  -1,  -1,  -1,  -1,  -1,  -1,  -1,  -1,  -1,  -1,  -1,  -1,  -1,  -1,  -1,  -1,  -1,  -1,  -1,  -1,  -1,  -1,  -1,  -1,  -1,  -1,  -1,  -1,  -1,  -1,  -1,  -1,  -1,  -1,  -1,  -1,  -1,  -1,  -1,  -1,  -1,  -1,  -1,  -1,  -1,  -1,  -1,  -1,  -1,  -1,  -1,  -1,  -1,  -1,  -1,
target_str: 2, -5, -4, -8, -8, -8, -9, -2, 3, 3
mse: 0.0008322093472366632
----------------------
pred_str: -4,  -3,  -4,  -11, -5,  -1,  -10,  -10,  -4,  -10,  -11,  -11,  -10,  -11,  -11,  -11,  -11,  -11,  -11,  -11,  -11,  -11,  -11,  -11,  -11,  -11,  -11,  -11,  -11,  -11,  -11,  -11,  -11,  -11,  -11,  -11,  -11,  -11,  -11,  -11,  -11,  -11,  -11,  -11,  -11,  -11,  -11,  -11,  -11,  -11,  -11,  -11,  -11,  -11,  -11,  -11,  -11,  -11,  -11,  -11,  -11,  -11,  -11,  -11,  -11,  -11,  -11,  -11,  -11,  -11,  -11,  -11,  -11,  -11,  -11,  -11,  -11,  -11,  -11,  -11,  -11,  -11,  -11,  -11,  -11,  -11,  -11,  -11,  -11,  -11,  -11,  -11,  -11,  -11,  -11,  -11,  -11,  -11,  -11,  -11,  -11,  -11,  -11,  -11,
target_str: -19, -10, -5, -8, 7, -85, -67, 1, -12, 7
mse: 0.02845626366879988
----------------------
pred_str: -11,  -1,  -1,  -1,  -1,  -1,  -1,  -1,  -1,  -1,  -1,  -1,  -1,  -1,  -1,  -1,  -1,  -1,  -1,  -1,  -1,  -1,  -1,  -1,  -1,  -1,  -1,  -1,  -1,  -1,  -1,  -1,  -1,  -1,  -1,  -1,  -1,  -1,  -1,  -1,  -1,  -1,  -1,  -1,  -1,  -1,  -1,  -1,  -1,  -1,  -1,  -1,  -1,  -1,  -1,  -1,  -1,  -1,  -1,  -1,  -1,  -1,  -1,  -1,  -1,  -1,  -1,  -1,  -1,  -1,  -1,  -1,  -1,  -1,  -1,  -1,  -1,  -1,  -1,  -1,  -1,  -1,  -1,  -1,  -1,  -1,  -1,  -1,  -1,  -1,  -1,  -1,  -1,  -1,  -1,  -1,  -1,  -1,  -1,  -1,  -1,  -1,  -1,  -1,  -1,  -1,  -1,  -1,  -1,  -1,  -1,  -1,  -1,  -1,  -1,  -1,  -1,  -1,  -1,  -1,  -1,  -1,  -1,  -1,  -1,  -1,  -1,  -1,
target_str: -7, -6, -3, -4, -7, -6, -7, -7, -6, -7
mse: 0.0013085268939515373
----------------------
pred_str: -13, 10, -1, -11, 1, -1, -12, 2, -1, -13, 1, -1, -10, 1, -12, 2, -1, -11, 2, -1, -11, 1, -1, -10, 2, -1, -11, 1, -1, -10, 1, -1, -11, 1, -1, -10, 2, -1, -11, 1, -1, -10, 1, -1, -11, 1, -1, -10, 1, -1, -11, 1, -1, -10, 1, -1, -11, 1, -1, -10, 1, -1, -11, 1, -1, -10, 1, -1, -11, 1, -1, -10, 1, -1, -11, 1, -1, -10, 1, -1, -11, 1, -1, -10, 1, -1, -11, 1, -1, -10, 1, -1, -11, 1, -1, -10, 1, -1, -11, 1, -1, -10, 1, -1, -11, 1, -1, -10, 1, -1, -11, 1, -1, -10, 1, -1, -11, 1, -1, -10, 1, -1, -11, 1, -1, -10, 1, -1, -11, 1, -1, -10, 1, -1, -11, 1, -1, -10, 1, -1, -11, 1, -1, -10, 1, -1, -11, 1, -1, -10, 1, -1, -11,
target_str: -1, -3, -7, -23, -9, -13, 83, 24, -43, 0
mse: 0.05364165779493598
----------------------
pred_str: 18, 20, 22, 23, 24, 26, 27, 28, 29, 20, 27, 21, 24, 22, 1, 23, 15, 2, 18, 22, 23, 25, 14, 26, 27, 28, 29, 20, 27, 21, 24, 22, 1, 23, 15, 2, 18, 22, 23, 25, 14, 26, 27, 28, 29, 20, 27, 21, 24, 22, 1, 23, 15, 2, 18, 22, 23, 25, 14, 26, 27, 28, 29, 20, 27, 21, 24, 22, 1, 23, 15, 2, 18, 22, 23, 25, 14, 26, 27, 28, 29, 20, 27, 21, 24, 22, 1, 23, 15, 2, 18, 22, 23, 25, 14, 26, 27, 28, 29, 20, 27, 21, 24, 22, 1, 23, 15, 2, 18, 22, 23, 25, 14, 26, 27, 28, 29, 20, 27, 21, 24, 22, 1, 23, 15, 2, 18, 22, 23, 25, 14, 26
target_str: 20, 24, 33, 43, 52, 48, 34, 23, 23, 21
mse: 0.0083761851659175
----------------------
pred_str: -100, -93, -91, -92, -92, -92, -92, -92, -92, -92, -92, -92, -92, -92, -92, -92, -92, -92, -92, -92, -92, -92, -92, -92, -92, -92, -92, -92, -92, -92, -92, -92, -92, -92, -92, -92, -92, -92, -92, -92, -92, -92, -92, -92, -92, -92, -92, -92, -92, -92, -92, -92, -92, -92, -92, -92, -92, -92, -92, -92, -92, -92, -92, -92, -92, -92, -92, -92, -92, -92, -92, -92, -92, -92, -92, -92, -92, -92, -92, -92, -92, -92, -92, -92, -92, -92, -92, -92, -92, -92, -92, -92, -92, -92, -92, -92, -92, -92, -92, -92, -92, -92, -92, -92, -92, -92, -92, -92, -92, -92, -92, -92, -92, -92, -92, -92, -92, -92, -92, -92, -92, -92, -92, -92, -92, -92, -92, -92
target_str: -92, -92, -92, -92, -92, -92, -92, -92, -92, -92
mse: 1.9489137671276397e-08
----------------------
pred_str: -2, -14, -15, -14, -16, -17, -16, -15, -18, -17, -16, -17, -15, -14, -16, -17, -16, -18, -17, -15, -14, -16, -17, -16, -17, -15, -18, -17, -16, -17, -15, -18, -17, -16, -17, -15, -18, -17, -16, -17, -15, -18, -17, -16, -17, -15, -18, -17, -16, -17, -15, -18, -17, -16, -17, -15, -18, -17, -16, -17, -15, -18, -17, -16, -17, -15, -18, -17, -16, -17, -15, -18, -17, -16, -17, -15, -18, -17, -16, -17, -15, -18, -17, -16, -17, -15, -18, -17, -16, -17, -15, -18, -17, -16, -17, -15, -18, -17, -16, -17, -15, -18, -17, -16, -17, -15, -18, -17, -16, -17, -15, -18, -17, -16, -17, -15, -18, -17, -16, -17, -15, -18, -17, -16, -17, -15, -18, -17, -
target_str: -14, -16, -14, -12, -14, -11, -10, -5, -1, -2
mse: 0.0024025832024790594
----------------------
pred_str: -8,  -7,  -7,  -7,  -7,  -7,  -7,  -7,  -7,  -7,  -7,  -7,  -7,  -7,  -7,  -7,  -7,  -7,  -7,  -7,  -7,  -7,  -7,  -7,  -7,  -7,  -7,  -7,  -7,  -7,  -7,  -7,  -7,  -7,  -7,  -7,  -7,  -7,  -7,  -7,  -7,  -7,  -7,  -7,  -7,  -7,  -7,  -7,  -7,  -7,  -7,  -7,  -7,  -7,  -7,  -7,  -7,  -7,  -7,  -7,  -7,  -7,  -7,  -7,  -7,  -7,  -7,  -7,  -7,  -7,  -7,  -7,  -7,  -7,  -7,  -7,  -7,  -7,  -7,  -7,  -7,  -7,  -7,  -7,  -7,  -7,  -7,  -7,  -7,  -7,  -7,  -7,  -7,  -7,  -7,  -7,  -7,  -7,  -7,  -7,  -7,  -7,  -7,  -7,  -7,  -7,  -7,  -7,  -7,  -7,  -7,  -7,  -7,  -7,  -7,  -7,  -7,  -7,  -7,  -7,  -7,  -7,  -7,  -7,  -7,  -7,  -7,  -7, 
target_str: -4, -2, -3, -1, 7, 9, -3, -7, -12, -7
mse: 0.0008213548430832718
----------------------
pred_str: -22, -20, -21, -17, -19, -18, -15, -23, -24, -22, -29, -25, -26, -27, -28, -25, -26, -14, -11, -10, -12, -13, -19, -20, -22, -18, -17, -11, -21, -20, -19, -22, -21, -25, -17, -23, -24, -22, -18, -13, -11, -12, -19, -20, -22, -21, -25, -26, -27, -28, -25, -26, -14, -11, -10, -12, -13, -19, -20, -22, -21, -25, -26, -27, -28, -25, -26, -14, -11, -10, -12, -13, -19, -20, -22, -21, -25, -26, -27, -28, -25, -26, -14, -11, -10, -12, -13, -19, -20, -22, -21, -25, -26, -27, -28, -25, -26, -14, -11, -10, -12, -13, -19, -20, -22, -21, -25, -26, -27, -28, -25, -26, -14, -11, -10, -12, -13, -19, -20, -22, -21, -25, -26, -27, -28, -25, -26, -14,
target_str: -11, -5, -18, -18, -21, -9, -16, -33, -26, -26
mse: 0.0003838322836389312
----------------------
pred_str: -1, 0, 4, 2, 2, 5, 0, 1, 2, 3, 5, 1, 3, 4, 1, 6, 1, 7, 3, 0, 6, 7, 0, 7, 3, 4, 2, 5, 0, 1, 4, 2, 1, 2, 3, 2, 3, 2, 0, 5, 2, 1, 1, 1, 0, 0, 0, 0, 0, 0, 0, 0, 0, 0, 0, 0, 0, 0, 0, 0, 0, 0, 0, 0, 0, 0, 0, 0, 0, 0, 0, 0, 0, 0, 0, 0, 0, 0, 0, 0, 0, 0, 0, 0, 0, 0, 0, 0, 0, 0, 0, 0, 0, 0, 0, 0, 0, 0, 0, 0, 0, 0, 0, 0, 0, 0, 0, 0, 0, 0, 0, 0, 0, 0, 0, 0, 0, 0, 0, 0, 0, 0, 0, 0, 0, 0, 0, 0, 0, 0, 0, 0, 0, 0, 0, 0, 0, 0, 0, 0, 0, 0, 0, 0, 0, 0, 0, 0, 0, 0, 0, 0, 0, 0, 0, 0, 0, 0, 0, 0, 0, 0, 0, 0, 0, 0, 0, 0, 0, 0, 0
target_str: -9, -8, -10, -10, -13, -11, -8, -7, -11, -12
mse: 0.0034181452385711165
----------------------
pred_str: -6,  -1,  -1,  -6,  -1,  -1,  -1,  -1,  -1,  -1,  -1,  -1,  -1,  -1,  -1,  -1,  -1,  -1,  -1,  -1,  -1,  -1,  -1,  -1,  -1,  -1,  -1,  -1,  -1,  -1,  -1,  -1,  -1,  -1,  -1,  -1,  -1,  -1,  -1,  -1,  -1,  -1,  -1,  -1,  -1,  -1,  -1,  -1,  -1,  -1,  -1,  -1,  -1,  -1,  -1,  -1,  -1,  -1,  -1,  -1,  -1,  -1,  -1,  -1,  -1,  -1,  -1,  -1,  -1,  -1,  -1,  -1,  -1,  -1,  -1,  -1,  -1,  -1,  -1,  -1,  -1,  -1,  -1,  -1,  -1,  -1,  -1,  -1,  -1,  -1,  -1,  -1,  -1,  -1,  -1,  -1,  -1,  -1,  -1,  -1,  -1,  -1,  -1,  -1,  -1,  -1,  -1,  -1,  -1,  -1,  -1,  -1,  -1,  -1,  -1,  -1,  -1,  -1,  -1,  -1,  -1,  -1,  -1,  -1,  -1,  -1,  -1,  -1, 
target_str: 20, 31, 25, 13, 0, -4, -6, -7, -6, -7
mse: 0.00890396006166023
----------------------
pred_str: 1, 2, 3, 4, 5, 6, 7, 8, 9, 10, 11, 12, 13, 14, 15, 16, 17, 18, 19, 20, 21, 22, 23, 24, 25, 26, 27, 28, 29, 30, 31, 32, 33, 34, 35, 36, 37, 38, 39, 40, 41, 42, 43, 44, 45, 46, 47, 48, 49, 50, 51, 52, 53, 54, 55, 56, 57, 58, 59, 60, 61, 62, 63, 64, 65, 66, 67, 68, 69, 70, 71, 72, 73, 74, 75, 76, 77, 78, 79, 80, 81, 82, 83, 84, 85, 86, 87, 88, 89, 90, 91, 92, 93, 94, 95, 96, 97, 98, 99, 100, 101, 102, 103, 104, 105, 106, 107, 108, 109, 110, 111, 112, 113, 114, 115, 116, 117, 118, 119, 120, 121, 122, 123, 124, 
target_str: 16, 23, 21, 3, -4, -11, -14, -15, -9, -8
mse: 0.00881092217087529
----------------------
pred_str: -12, -16, -15, -14, -13, -11, -10, -11, -8, -10, -11, -15, -15, -13, -12, -10, -12, -11, -10, -10, -11, -10, -10, -10, -10, -10, -10, -10, -10, -10, -10, -10, -10, -10, -10, -10, -10, -10, -10, -10, -10, -10, -10, -10, -10, -10, -10, -10, -10, -10, -10, -10, -10, -10, -10, -10, -10, -10, -10, -10, -10, -10, -10, -10, -10, -10, -10, -10, -10, -10, -10, -10, -10, -10, -10, -10, -10, -10, -10, -10, -10, -10, -10, -10, -10, -10, -10, -10, -10, -10, -10, -10, -10, -10, -10, -10, -10, -10, -10, -10, -10, -10, -10, -10, -10, -10, -10, -10, -10, -10, -10, -10, -10, -10, -10, -10, -10, -10, -10, -10, -10, -10, -10, -10, -10, -10, -10, -10, -
target_str: -12, -5, -6, -13, -18, -24, -23, -28, 104, -14
mse: 0.016151512694161017
----------------------
pred_str: 10, -2, -12, -16, -2, -13, -13, -13, -2, -2, -12, -16, -2, -16, -2, -2, -12, -16, -2, -2, -12, -16, -2, -12, -16, -2, -12, -16, -2, -12, -16, -2, -12, -16, -2, -12, -16, -2, -12, -16, -2, -12, -16, -2, -12, -16, -2, -12, -16, -2, -12, -16, -2, -12, -16, -2, -12, -16, -2, -12, -16, -2, -12, -16, -2, -12, -16, -2, -12, -16, -2, -12, -16, -2, -12, -16, -2, -12, -16, -2, -12, -16, -2, -12, -16, -2, -12, -16, -2, -12, -16, -2, -12, -16, -2, -12, -16, -2, -12, -16, -2, -12, -16, -2, -12, -16, -2, -12, -16, -2, -12, -16, -2, -12, -16, -2, -12, -16, -2, -12, -16, -2, -12, -16, -2, -12, -16, -2, -12, -16, -2, -12, -16, -2, -12, -16, -2, -12, -16, -2, -1
target_str: -7, -8, -9, -8, 7, 9, -6, -20, -11, -13
mse: 0.004642015752760102
----------------------
pred_str: 1, 2, 3, 4, 5, 6, 7, 8, 9, 10, 11, 12, 13, 14, 15, 16, 17, 18, 19, 20, 21, 22, 23, 24, 25, 26, 27, 28, 29, 30, 31, 32, 33, 34, 35, 36, 37, 38, 39, 40, 41, 42, 43, 44, 45, 46, 47, 48, 49, 50, 51, 52, 53, 54, 55, 56, 57, 58, 59, 60, 61, 62, 63, 64, 65, 66, 67, 68, 69, 70, 71, 72, 73, 74, 75, 76, 77, 78, 79, 80, 81, 82, 83, 84, 85, 86, 87, 88, 89, 90, 91, 92, 93, 94, 95, 96, 97, 98, 99, 100, 101, 102, 103, 104, 105, 106, 107, 108, 109, 110, 1111, 112, 113, 114, 115, 116, 117, 118, 119, 120, 121, 122, 123, 124,
target_str: -15, -4, -8, -3, -3, 6, 16, 33, 37, 27
mse: 0.004111328982146395
----------------------
pred_str: 0, -1, -1, -2, -3, -1, -2, -1, -1, -1, -1, -1, -1, -1, -1, -1, -1, -1, -1, -1, -1, -1, -1, -1, -1, -1, -1, -1, -1, -1, -1, -1, -1, -1, -1, -1, -1, -1, -1, -1, -1, -1, -1, -1, -1, -1, -1, -1, -1, -1, -1, -1, -1, -1, -1, -1, -1, -1, -1, -1, -1, -1, -1, -1, -1, -1, -1, -1, -1, -1, -1, -1, -1, -1, -1, -1, -1, -1, -1, -1, -1, -1, -1, -1, -1, -1, -1, -1, -1, -1, -1, -1, -1, -1, -1, -1, -1, -1, -1, -1, -1, -1, -1, -1, -1, -1, -1, -1, -1, -1, -1, -1, -1, -1, -1, -1, -1, -1, -1, -1, -1, -1, -1, -1, -1, -1, -1, -1, -1, -1, -1, -1, -1, -1, -1, -1, -1, -1, -1, -1, -1, -1, -1, -1, -1, -1, -1, -1, -1, -1, -1, -1, -1, -1, -1, -1, -1, -1, -1, -1, -1, -1, -1, -1, -1, -1, -1, -1, -1, -1, -1,
target_str: -4, 0, 4, 16, 26, 37, 46, 26, 3, -5
mse: 0.02655476173473171
----------------------
pred_str: -1,  -2,  -3,  -4,  -5,  -6,  -7,  -8,  -9,  -10,  -11,  -12,  -13,  -14,  -15,  -16,  -17,  -18,  -19,  -20,  -21,  -22,  -23,  -24,  -25,  -26,  -27,  -28,  -29,  -30,  -31,  -32,  -33,  -34,  -35,  -36,  -37,  -38,  -39,  -40,  -41,  -42,  -43,  -44,  -45,  -46,  -47,  -48,  -49,  -50,  -51,  -52,  -53,  -54,  -55,  -56,  -57,  -58,  -59,  -60,  -61,  -62,  -63,  -64,  -65,  -66,  -67,  -68,  -69,  -70,  -71,  -72,  -73,  -74,  -75,  -76,  -77,  -78,  -79,  -80,  -81,  -82,  -83,  -84,  -85,  -86,  -87,  -88,  -89,  -90,  -91,  -92,  -93,  -94,  -95,  -96,  -97,  -98,  -99,  -100, -101, -102, -103, -104, -
target_str: -11, -2, 6, 11, 16, 66, 92, 82, 32, -1
mse: 0.012313456922675759
----------------------
pred_str: -2, -3, -1, -2, -2, -2, -2, -2, -2, -2, -2, -2, -2, -2, -2, -2, -2, -2, -2, -2, -2, -2, -2, -2, -2, -2, -2, -2, -2, -2, -2, -2, -2, -2, -2, -2, -2, -2, -2, -2, -2, -2, -2, -2, -2, -2, -2, -2, -2, -2, -2, -2, -2, -2, -2, -2, -2, -2, -2, -2, -2, -2, -2, -2, -2, -2, -2, -2, -2, -2, -2, -2, -2, -2, -2, -2, -2, -2, -2, -2, -2, -2, -2, -2, -2, -2, -2, -2, -2, -2, -2, -2, -2, -2, -2, -2, -2, -2, -2, -2, -2, -2, -2, -2, -2, -2, -2, -2, -2, -2, -2, -2, -2, -2, -2, -2, -2, -2, -2, -2, -2, -2, -2, -2, -2, -2, -2, -2, -2, -2, -2, -2, -2, -2, -2, -2, -2, -2, -2, -2, -2, -2, -2, -2, -2, -2, -2, -2, -2, -2, -2, -2, -2, -2, -2, -2, -2, -2, -2, -2, -2, -2, -2, -2, -2, -2, -2, -2, -2, -2, -2
target_str: -7, -6, -3, -3, -4, -5, -11, -5, -20, 75
mse: 0.09728599289072308
----------------------
pred_str: 101, 102, 103, 104, 105, 106, 107, 108, 109, 110, 110, 111, 112, 113, 114, 115, 116, 117, 118, 119, 120, 121, 122, 123, 124, 125, 126, 127, 128, 129, 130, 131, 132, 133, 134, 135, 136, 137, 138, 139, 140, 141, 142, 143, 144, 145, 146, 147, 148, 149, 150, 151, 152, 153, 154, 155, 156, 157, 158, 159, 160, 161, 162, 163, 164, 165, 166, 167, 168, 169, 170, 171, 172, 173, 174, 175, 176, 177, 178, 179, 180, 181, 182, 183, 184, 185, 186, 187, 188, 189, 190, 191, 192, 193, 194, 195, 196, 197, 198, 199, 200, 201, 20
target_str: -21, -45, -11, -17, -5, -6, 3, 4, 17, 33
mse: 0.19663119034726723
----------------------
pred_str: 0, 0, 0, 0, 0, 0, 0, 0, 0, 0, 0, 0, 0, 0, 0, 0, 0, 0, 0, 0, 0, 0, 0, 0, 0, 0, 0, 0, 0, 0, 0, 0, 0, 0, 0, 0, 0, 0, 0, 0, 0, 0, 0, 0, 0, 0, 0, 0, 0, 0, 0, 0, 0, 0, 0, 0, 0, 0, 0, 0, 0, 0, 0, 0, 0, 0, 0, 0, 0, 0, 0, 0, 0, 0, 0, 0, 0, 0, 0, 0, 0, 0, 0, 0, 0, 0, 0, 0, 0, 0, 0, 0, 0, 0, 0, 0, 0, 0, 0, 0, 0, 0, 0, 0, 0, 0, 0, 0, 0, 0, 0, 0, 0, 0, 0, 0, 0, 0, 0, 0, 0, 0, 0, 0, 0, 0, 0, 0, 0, 0, 0, 0, 0, 0, 0, 0, 0, 0, 0, 0, 0, 0, 0, 0, 0, 0, 0, 0, 0, 0, 0, 0, 0, 0, 0, 0, 0, 0, 0, 0, 0, 0, 0, 0, 0, 0, 0, 0, 0, 0, 0,
target_str: -17, -9, -33, 32, 64, -16, -7, -13, -7, -7
mse: 0.05513326902710558
----------------------
pred_str: -13,  -2,  -2,  -1,  -2,  -1,  -3,  -1,  -1,  -1,  -1,  -1,  -1,  -1,  -1,  -1,  -1,  -1,  -1,  -1,  -1,  -1,  -1,  -1,  -1,  -1,  -1,  -1,  -1,  -1,  -1,  -1,  -1,  -1,  -1,  -1,  -1,  -1,  -1,  -1,  -1,  -1,  -1,  -1,  -1,  -1,  -1,  -1,  -1,  -1,  -1,  -1,  -1,  -1,  -1,  -1,  -1,  -1,  -1,  -1,  -1,  -1,  -1,  -1,  -1,  -1,  -1,  -1,  -1,  -1,  -1,  -1,  -1,  -1,  -1,  -1,  -1,  -1,  -1,  -1,  -1,  -1,  -1,  -1,  -1,  -1,  -1,  -1,  -1,  -1,  -1,  -1,  -1,  -1,  -1,  -1,  -1,  -1,  -1,  -1,  -1,  -1,  -1,  -1,  -1,  -1,  -1,  -1,  -1,  -1,  -1,  -1,  -1,  -1,  -1,  -1,  -1,  -1,  -1,  -1,  -1,  -1,  -1,  -1,  -1,  -1,  -1,  -1,
target_str: 21, 105, -6, -3, -3, -3, -1, 2, 9, 14
mse: 0.029060816750767427
----------------------
pred_str: -2, -3, -1, -1, -1, -2, -2, -2, -4, -2, -3, -3, -1, -2, -1, -3, -1, -1, -1, -2, -3, -3, -1, -3, -2, -2, -2, -2, -3, -2, -2, -2, -2, -2, -2, -2, -2, -2, -2, -2, -2, -2, -2, -2, -2, -2, -2, -2, -2, -2, -2, -2, -2, -2, -2, -2, -2, -2, -2, -2, -2, -2, -2, -2, -2, -2, -2, -2, -2, -2, -2, -2, -2, -2, -2, -2, -2, -2, -2, -2, -2, -2, -2, -2, -2, -2, -2, -2, -2, -2, -2, -2, -2, -2, -2, -2, -2, -2, -2, -2, -2, -2, -2, -2, -2, -2, -2, -2, -2, -2, -2, -2, -2, -2, -2, -2, -2, -2, -2, -2, -2, -2, -2, -2, -2, -2, -2, -2, -2, -2, -2, -2, -2, -2, -2, -2, -2, -2, -2, -2, -2, -2, -2, -2, -2, -2, -2, -2, -2, -2, -2, -2, -2, -2, -2, -2, -2, -2, -2, -2, -2, -2, -2, -2, -2, -2, -2, -2, -2, -2, -2
target_str: -18, -10, -17, -8, -8, 2, 14, 19, 20, 15
mse: 0.006425818715997974
----------------------
pred_str: -7, -5, -3, -2, -6, -4, -1, -5, -2, -4, -6, -1, -2, -1, -4, -1, -2, -1, -2, -4, -1, -6, -1, -6, -1, -4, -4, -1, -4, -1, -4, -4, -1, -4, -4, -1, -4, -1, -4, -1, -4, -1, -1, -4, -1, -4, -1, -1, -1, -1, -1, -1, -1, -1, -1, -1, -1, -1, -1, -1, -1, -1, -1, -1, -1, -1, -1, -1, -1, -1, -1, -1, -1, -1, -1, -1, -1, -1, -1, -1, -1, -1, -1, -1, -1, -1, -1, -1, -1, -1, -1, -1, -1, -1, -1, -1, -1, -1, -1, -1, -1, -1, -1, -1, -1, -1, -1, -1, -1, -1, -1, -1, -1, -1, -1, -1, -1, -1, -1, -1, -1, -1, -1, -1, -1, -1, -1, -1, -1, -1, -1, -1, -1, -1, -1, -1, -1, -1, -1, -1, -1, -1, -1, -1, -1, -1, -1, -1, -1, -1, -1, -1, -1, -1, -1, -1, -1, -1, -1, -1, -1, -1, -1, -1, -1, -1, -1, -1, -1, -1, -1
target_str: -6, -6, -5, -5, -5, -5, -4, -3, 0, 1
mse: 0.0006264029376815399
----------------------
pred_str: 1, -4, -3, -2, -1, -2, -1, -1, -2, -1, -1, -1, -1, -1, -1, -1, -1, -1, -1, -1, -1, -1, -1, -1, -1, -1, -1, -1, -1, -1, -1, -1, -1, -1, -1, -1, -1, -1, -1, -1, -1, -1, -1, -1, -1, -1, -1, -1, -1, -1, -1, -1, -1, -1, -1, -1, -1, -1, -1, -1, -1, -1, -1, -1, -1, -1, -1, -1, -1, -1, -1, -1, -1, -1, -1, -1, -1, -1, -1, -1, -1, -1, -1, -1, -1, -1, -1, -1, -1, -1, -1, -1, -1, -1, -1, -1, -1, -1, -1, -1, -1, -1, -1, -1, -1, -1, -1, -1, -1, -1, -1, -1, -1, -1, -1, -1, -1, -1, -1, -1, -1, -1, -1, -1, -1, -1, -1, -1, -1, -1, -1, -1, -1, -1, -1, -1, -1, -1, -1, -1, -1, -1, -1, -1, -1, -1, -1, -1, -1, -1, -1, -1, -1, -1, -1, -1, -1, -1, -1, -1, -1, -1, -1, -1, -1, -1, -1, -1, -1, -1, -1,
target_str: 92, -15, -4, -9, -6, -7, -4, -2, 0, 3
mse: 0.05873491316228215
----------------------
pred_str: -8, -14, -24, -23, -23, -14, -13, -23, -11, -23, -23, -22, -13, -22, -12, -11, -21, -13, -11, -21, -20, -21, -11, -20, -11, -10, -20, -20, -10, -10, -10, -10, -10, -10, -10, -10, -10, -10, -10, -10, -10, -10, -10, -10, -10, -10, -10, -10, -10, -10, -10, -10, -10, -10, -10, -10, -10, -10, -10, -10, -10, -10, -10, -10, -10, -10, -10, -10, -10, -10, -10, -10, -10, -10, -10, -10, -10, -10, -10, -10, -10, -10, -10, -10, -10, -10, -10, -10, -10, -10, -10, -10, -10, -10, -10, -10, -10, -10, -10, -10, -10, -10, -10, -10, -10, -10, -10, -10, -10, -10, -10, -10, -10, -10, -10, -10, -10, -10, -10, -10, -10, -10, -10, -10, -10, -10, -10, -10, -
target_str: -37, -38, -42, -37, -19, 69, 0, -46, -21, -20
mse: 0.008901862035012646
----------------------
pred_str: -1, -5, -7, -2, -8, -4, -1, -2, -4, -1, -5, -1, -3, -6, -2, -8, -2, -5, -1, -1, -2, -8, -1, -1, -1, -3, -3, -3, -2, -5, -4, -2, -1, -1, -2, -1, -3, -1, -1, -1, -1, -1, -1, -1, -1, -1, -1, -1, -1, -1, -1, -1, -1, -1, -1, -1, -1, -1, -1, -1, -1, -1, -1, -1, -1, -1, -1, -1, -1, -1, -1, -1, -1, -1, -1, -1, -1, -1, -1, -1, -1, -1, -1, -1, -1, -1, -1, -1, -1, -1, -1, -1, -1, -1, -1, -1, -1, -1, -1, -1, -1, -1, -1, -1, -1, -1, -1, -1, -1, -1, -1, -1, -1, -1, -1, -1, -1, -1, -1, -1, -1, -1, -1, -1, -1, -1, -1, -1, -1, -1, -1, -1, -1, -1, -1, -1, -1, -1, -1, -1, -1, -1, -1, -1, -1, -1, -1, -1, -1, -1, -1, -1, -1, -1, -1, -1, -1, -1, -1, -1, -1, -1, -1, -1, -1, -1, -1, -1, -1, -1, -1
target_str: -5, -6, -9, -8, -6, -2, 1, -9, -13, -14
mse: 0.0014879781444457917
----------------------
pred_str: -10,  -7, -3, -4, -8, -12, -13, -11, -11, -15, -5, -3, -3, -14, -12, -13, -14, -10, -14, -12, -10, -13, -13, -11, -11, -11, -13, -10, -13, -13, -11, -10, -12, -11, -13, -10, -11, -12, -10, -11, -10, -13, -10, -11, -11, -12, -13, -11, -10, -11, -13, -10, -12, -11, -11, -11, -10, -13, -11, -10, -11, -12, -13, -11, -10, -11, -12, -11, -11, -10, -13, -11, -10, -11, -12, -11, -10, -11, -13, -11, -10, -11, -12, -11, -10, -11, -13, -11, -10, -11, -12, -11, -10, -13, -11, -10, -11, -12, -11, -10, -13, -11, -10, -11, -12, -11, -10, -13, -11, -10, -11, -12, -11, -10, -13, -11, -10, -11, -12, -11, -10, -13, -11, -10, -11, -12, -11, -10, -13, -1
target_str: -7, -8, -9, -4, -3, -8, -5, -2, 0, -8
mse: 0.0017347175758884881
----------------------
pred_str: 14, 15, 16, 17, 18, 19, 20, 21, 22, 23, 24, 25, 26, 27, 28, 29, 30, 31, 32, 33, 34, 35, 36, 37, 38, 39, 40, 41, 42, 43, 44, 45, 46, 47, 48, 49, 50, 51, 52, 53, 54, 55, 56, 57, 58, 59, 60, 61, 62, 63, 64, 65, 66, 67, 68, 69, 70, 71, 72, 73, 74, 75, 76, 77, 78, 79, 80, 81, 82, 83, 84, 85, 86, 87, 88, 89, 90, 91, 92, 93, 94, 95, 96, 97, 98, 99, 100, 101, 102, 103, 104, 105, 106, 107, 108, 109, 110, 111, 112, 113, 114, 115, 116, 117, 118, 119, 120, 121, 122, 123, 124, 125, 126, 127, 128, 129, 130, 131, 132, 133
target_str: -2, -6, -2, -3, -3, -4, -3, -4, -4, -5
mse: 0.01666601256283967
----------------------
pred_str: 0, -1, -3, -5, -6, -8, -7, -6, -9, -1, -8, -4, -6, -8, -1, -2, -2, -8, -6, -8, -9, -7, -8, -1, -7, -9, -8, -8, -1, -9, -6, -8, -7, -8, -8, -8, -1, -1, -6, -8, -8, -8, -1, -8, -1, -1, -8, -1, -8, -1, -8, -1, -1, -1, -1, -1, -1, -1, -1, -1, -1, -1, -1, -1, -1, -1, -1, -1, -1, -1, -1, -1, -1, -1, -1, -1, -1, -1, -1, -1, -1, -1, -1, -1, -1, -1, -1, -1, -1, -1, -1, -1, -1, -1, -1, -1, -1, -1, -1, -1, -1, -1, -1, -1, -1, -1, -1, -1, -1, -1, -1, -1, -1, -1, -1, -1, -1, -1, -1, -1, -1, -1, -1, -1, -1, -1, -1, -1, -1, -1, -1, -1, -1, -1, -1, -1, -1, -1, -1, -1, -1, -1, -1, -1, -1, -1, -1, -1, -1, -1, -1, -1, -1, -1, -1, -1, -1, -1, -1, -1, -1, -1, -1, -1, -1, -1, -1, -1, -1, -1, -1,
target_str: -7, -7, -13, -4, -7, -7, -11, -7, -2, 6
mse: 0.0012772836084427156
----------------------
