pred_str: 1, -2, -24, -22, -12, -23, -11, -11, -1, -13, -1, 15, 10, 1, -11, -24, -16, -3, -22, -18, -20, -13, -2, 10, 16, -3, -19, -11, -21, 2, 55
target_str: -12, -15, -7, -5, -22, -34, -18, -12, -27, -32, -48, -22, -21, -40, -32, -29, -6, -29, -28, -7, -2, -3, -38, -28, -27
mse: 0.0022279532501110386
----------------------
pred_str: 100, -14, -1, -8, -4, -1, 0, 1, 13, 21, 32, 21, 11, 1, -2, -5, -5, -5, -5, -6, -6, -5, -6, -5, -6, -6, -6, -6, -5
target_str: 92, -15, -4, -9, -6, -7, -4, -2, 0, 3, 13, 22, 30, 29, 16, 5, -1, -5, -6, -6, -7, -5, -6, -6, -6
mse: 0.007112624505305896
----------------------
pred_str: 0, 2, 2, -15, -17, -21, -15, 5, 7, 100, 30, -19, -10, -10, -13, -10, -1, -2, 0, 5, 12, 40, 33, 1, -11, -5, -6, -10, -10, -7, -6, -12, -14, -13, -10, 2, -1, -12, -12, -18, -18, -12, 1, 70, 82, -20, -8, -13, -10, -15, -10, -2, -6, 0, 1, 21, 35, 27, 2, -10, -1, -7, -11, -11, -14, -10, -11, -16, -11
target_str: -7, -8, -9, -8, 7, 9, -6, -20, -11, -13, -8, -17, 73, 45, -25, -5, -16, -11, -10, -4, 2, -2, 5, 22, 41
mse: 0.04911054195437885
----------------------
pred_str: 0, 0, 3, -1, 0, 6, 14, 22, 36, 52, 48, 27, 0, -13, -15, -11, -12, -10, -10, -13, -11, -11, -11, -15, -17, -19, -19, -12, -17, -2, -21, -21, 16, 83, -44, -22, 0, -2, 1, 4
target_str: -16, 72, -56, -26, -25, -19, -12, -13, -4, 9, 28, 39, 33, 7, -17, -26, -29, -26, -25, -21, -19, -16, -7, -1, -3
mse: 0.008329362737333588
----------------------
pred_str: -1, -10, -14, -13, -16, -16, -16, -16, -17, -17, -18, -19, -20, -19, -19, -18, -18, -12, -1, -14, -21, -24, -19
target_str: -2, -6, -2, -3, -3, -4, -3, -4, -4, -5, -2, -6, -6, -7, -4, -10, -7, -11, -6, -6, -6, -10, -4, -8, -8
mse: 0.004314182992290725
----------------------
pred_str: 2, 11, 15, 27, 37, 37, 18, 0, -9, -11, -11, -9, -9, -8, -11, -11, -10, -12, -11, -12, -13, -11, -1, 1, -11, -13, -11, -21, 92, -13, -34, -2, -11, -4, 88
target_str: -1, 4, 9, 18, 26, 36, 40, 26, 3, -7, -11, -11, -10, -11, -9, -9, -8, -7, -10, -11, -12, -10, -9, -11, -13
mse: 0.0024513438176150633
----------------------
pred_str: 0, 0, 1, 4, 2, 8, 14, 23, 29, 23, 16, -2, -12, -12, -11, -15, -14, -13, -13, -12, -15, -15, -12, -14, -15, -11, -15, -14, -14, -13, -13, -12, -18
target_str: -9, -8, -10, -10, -13, -11, -8, -7, -11, -12, -14, -11, -9, -11, -3, -11, -13, -14, -8, -22, 54, 90, -13, -3, -10
mse: 0.020809091937764826
----------------------
pred_str: -6, -7, -9, -9, -10, -9, -11, -10, -10, -11, -10, -10, -10, -10, -10, -10, -10, -10, -10, -11, -10, -10, -11, -10, -9, -9, -12, -11, -13, -11, -13, -12, -12, -12, -11, -13, -13, -10, -12, -13, -11, -12, -13, -12, -13, -13, -13, -12, -13, -12, -12, -12, -11
target_str: -7, -6, -3, -4, -7, -6, -7, -7, -6, -7, -7, -7, -7, -3, 3, 7, -4, -6, -7, -11, -2, 96, -2, -15, -2
mse: 0.02572310610238926
----------------------
pred_str: 0, -11, -12, -13, -13, -14, -12, -9, -5, -1, -14, -15, -18, -15, -21, 100, 1, -20, -5, -12, -4, 0, 4, 8, 21, 31, 40, 32, 14, -1, -8, -10, -8, -6, -6, -7, -7, -7, -8, -8, -10, -10, -11, -12, -12, -12, -11, -10, -10, -10, -11, -12, -14, -14, -13, -3, -7, -10
target_str: -9, -11, -10, -5, -5, 0, -3, -12, -10, -17, -9, -26, 41, 65, -31, -5, -12, 0, -3, -1, 3, 12, 17, 30, 36
mse: 0.03218722103731167
----------------------
pred_str: 2, 1, -11, -14, -21, -25
target_str: -10, -14, -25, -18, -35, 19, 42, -99, -43, -29, -23, -22, -17, -9, 8, 31, 43, 29, 3, -17, -18, -24, -31, -24, -25
mse: 0.05371317857915771
----------------------
pred_str: -15, -12, -11, -7, 1, 14, 26, 32, 17, 1, -7, -10, -12, -12, -11, -9, -10, -9, -10, -10, -11, -10, -11, -12, -11, -11, -11, 0, 3, -17, -1, -32, 87, 50, -39, -7, -23, -8, -18, -6, -10, 3, 14, 29, 34, 15, 2, -8, -11, -11, -10, -9, -9, -10, -10, -11, -11, -12, -12, -13, -12, -11, -12, 0, 1, -17, -2, -27, 79, 45, -36, -5, -22, -7, -16, -6
target_str: -15, -4, -8, -3, -3, 6, 16, 33, 37, 27, 5, -5, -6, -9, -8, -6, -3, -1, -4, -5, -6, -4, -5, -3, 9
mse: 0.0016623681611108198
----------------------
pred_str: 11, -12, -17, -13, -14, -15, -16, -15, -14, -15, -13, -12, -10, -9, -5, -2, 0, -15, -17, -19, -14, -13, 90, 21, -38, -4, -16, -1, -7, 1, 1, 18, 38, 57, 52, 20, 0, -17, -16, -11, -12, -11, -12, -11, -11, -12, -13, -10, -10, -11, -12, -11, -12, -12, -10, -10, -10, -10
target_str: -11, -12, -7, -11, -10, -5, -11, -6, -5, 0, 6, 17, -7, -3, -10, 0, -9, 78, 80, -36, 5, -4, 5, 6, 2
mse: 0.016141232707238665
----------------------
pred_str:  -1, -11, -11, -12, -12, -12, -11, -11, -13, -15, -14, -14, -14, -15, -15, -15, -16, -16, -14, -12, -14, -23, -12, -18
target_str: -12, -19, -17, -18, -17, -17, -15, -10, -11, -9, -13, -13, -11, -10, -12, -10, -9, -7, -3, -3, -6, -10, -1, -21, 59
mse: 0.0024840566622203837
----------------------
pred_str: 4, 10, -12, -9, -19, -10, -23
target_str: -1, 1, 9, -2, -9, -9, -11, -12, 10, 92, 4, -10, -8, -9, -4, -4, 0, -1, 4, 9, 16, 21, 19, 9, -3
mse: 0.013227756953932204
----------------------
pred_str: 1, 3, 7, 16, 28, 36, 42, 42, 30, 1, -6, -4, -5, -5, -5, -5, -4, -6, -5, -6, -6, -5, -5, -5, -4, -4, -6, -7, -7, -10, -10, -12, -11, -13, -13, -14, -11, -12, -13, -11
target_str: -2, 2, 9, 19, 31, 36, 35, 19, 4, -4, -6, -9, -8, -10, -9, -10, -9, -10, -9, -10, -10, -9, -10, -9, -10
mse: 0.005909702887101067
----------------------
pred_str: 0, -2, -14, -16, -19, 15, 77, -29, -18, -10, -5, -2, 0, 5, 11, 22, 35, 44, 42, 27, 11, -5, -6, -11, -11, -10, -8, -9, -12, -11, -13, -11, -12, -12, -13, -11, -10, -6, 2, -4, -17, -16, -17, 17, 77
target_str: -1, -3, -7, -23, -9, -13, 83, 24, -43, 0, -17, -2, -7, 1, 6, 19, 33, 42, 46, 33, 12, -5, -12, -8, -6
mse: 0.0086820293821642
----------------------
pred_str: 45, -15, -13, -1, 5, 10, 17, 30, 38, 29, 12, -1, -10, -11, -7, -10, -7, -11, -9, -11, -8, -10, -10, -10, -12, -12, -11, -10, -6, -6, -5, -11, -15, -12, -16, -14, 88, 56, -21, -4, -19, -7, -1, 2, 8, 16, 28, 36, 28, 9, 2, -8, -14, -10, -11, -9, -10, -10, -8, -11
target_str: 21, 105, -6, -3, -3, -3, -1, 2, 9, 14, 18, 31, 41, 39, 22, 3, -7, -2, -6, -9, -3, -7, 2, -6, -7
mse: 0.022337925768942765
----------------------
pred_str: 0, 4, 12, 21, 33, 43, 33, 15, -3, -12, -14, -12, -11, -11, -13, -10, -11, -10, -11, -11, -13, -13, -13, -14, -13, -12, -11, -14, -15, -17, -16, -18, -13, -14, -18, -22, -20, -21, -22, -17, -12, -11, -2, 1, 10, 23, 39, 49, 42, 21, 0, -4, -10, -15, -11, -9, -10
target_str: 1, 4, 7, 13, 25, 35, 45, 38, 18, -3, -11, -11, -15, -10, -15, -11, -12, -11, -10, -11, -14, -10, -12, -17, -12
mse: 0.0015141865075562672
----------------------
pred_str: 17, 23, 20, 18, 16, 15, 12, 10, 10, 15, 21, 23, 25, 26, 28, 31, 29, 30, 28, 28, 25, 22, 16, 0, -2, -8, -10, -14, -18
target_str: 20, 24, 33, 43, 52, 48, 34, 23, 23, 21, 9, -2, -7, -14, -17, -20, -24, -26, -26, -28, -30, -31, -30, -26, -31
mse: 0.0585111434610862
----------------------
pred_str: -18, -24, -18, -21, -23, -21, -18, -22, -15, -11, -13, -15, -2, 0, -21, -14, -22, -25, 30, 45, -41, -18, -6, -5, 1, 21, 22, 41, 61, 82, 92, 80, 60, 14, -14, -19, -18, -16, -19, -17, -16, -15, -18, -19, -19, -21, -15, -18, -13, -12, -12, -21, -18, -22, -18, -18, -15, -19, -20
target_str: 8, 49, -51, -31, -7, -2, -5, 2, 13, 23, 38, 51, 85, 85, 69, 28, -8, -19, -30, -28, -25, -14, -21, -17, -21
mse: 0.01452890299792172
----------------------
pred_str: -6, -11, -13, -15, -12, -20, 6, 50, 58, -12, -4, -9, -4, -2, 1, 4, 10, 19, 16, 8, -1, -6, -7, -7, -7, -7, -6, -7, -6, -6, -6, -7, -6, -5, -6, -5, -5, -12, -8, -20, 40, 83, -19
target_str: -7, -6, -3, -3, -4, -5, -11, -5, -20, 75, 72, -17, 1, -9, -3, -3, 0, 5, 11, 17, 22, 17, 3, -4, -5
mse: 0.1526028540868524
----------------------
pred_str: -3, -4, -2, -2, 0, 3, 1, 10, 12, 9, 3, -2, -2, -3, -4, -3, -2, -2, -2, -2, -2, -2, -3, -2, -3, -3, -1, 1, -4, -10, -4, -16, -100, 50, 20, -7, -8, -9, -7, -6, -6, -4, -1, 1, 6, 11, 9, 4, -2, -4, -3, -4, -3, -2, -2, -3, -3, -3, -4, -3, -3, -4, -2, -4, -3, -3, 0, -3, -10, -7, -22, -99, 78, 23, -4, -9, -7, -7, -7, -5, -3, 0, 6, 11, 10, 3, -2, -4, -3, -3, -3, -3, -3, -3, -3, -3, -3, -3, -2, -2, -2, -4, -6, -10
target_str: -2, -2, 0, 0, -2, -1, -2, -1, -2, -2, -3, -3, -4, -4, -2, 0, 4, -2, -2, -10, 0, -22, 17, 112, 21
mse: 0.0452151145074002
----------------------
pred_str: -1, -10, -11, -11, -14, -15, -14, -14, -11, -14, -16, -17, -18, -21, -18, -16, -12, -12, -13, -13, -11, -11, -10, -10, -10, -8, -10, -10, -12, -15, -18, -17, -18, -14, -20, 36, 78, -18, -15, -12, -13, -1, 0, 2, 9, 13, 25, 46, 66, 65, 51, 20, -1, -14, -16, -18, -12, -14, -12, -12, -11, -12, -11, -12, -12, -12, -11, -12, -12, -10, -12, -13, -13, -14, -15, 4, 99, -15, -18, -12, -11, -13, -2, 0, 5, 10, 18, 31, 54, 67, 58, 34, 0, -11, -16, -17, -16, -12, -10, -10, -11, -13, -13, -12, -11, -12, -13, -13, -11, -12, -12, -13, -14, -13, -12, -12, -14, -15, -17, -18, -15, 23, 80, -20, -18, -14, -12, -1, 0, 0, 3, 10,
target_str: -11, -5, -18, -18, -21, -9, -16, -33, -26, -26, -24, -15, -28, 48, 96, -16, -13, -12, -10, -12, -7, -6, 0, 12, 32
mse: 0.005837255803923875
----------------------
pred_str: -6, -4, -5, -7, -3, -2, -6, 2, 2, -11, -5, -13, -2, -23, 68, 85, -17, -10, -10, -10, -7, -5
target_str: -5, -6, -9, -8, -6, -2, 1, -9, -13, -14, -19, -13, -24, 94, 27, -29, -4, -16, -6, -6, -1, 1, 14, 26, 32
mse: 0.05124790813577103
----------------------
pred_str: 48, 43, -4, -10, -16, -13, -12, -15, -15, -17, -18, -18, -19, -16, -13, -3, 10, 17, -19, -19, -38, 4, 84, -40, -20, -13, -8, 2, 7
target_str: 29, -7, -21, -20, -26, -25, -24, -25, -27, -28, -34, -32, -33, -31, -27, -25, -28, -36, -21, -4, 8, -4, -26, -12, -20
mse: 0.00669483334627611
----------------------
pred_str: -18, -13, -12, -1, 0, 10, 23, 33, 27, 16, -2, -12, -15, -13, -11, -12, -12, -12, -14, -13, -12, -14, -11, -11, -16, -12, -10, -2, 0, 108
target_str: -14, -16, -14, -12, -14, -11, -10, -5, -1, -2, -13, -10, -17, -11, -22, 26, 101, -18, -6, -4, -3, -1, -1, 4, 10
mse: 0.02317310024047062
----------------------
pred_str: 0, -1, 1, 10, 23, 38, 37, 24, 10, -4, -7, -6, -7, -8, -7, -9, -10, -9, -10, -9, -11, -10, -11, -10, -10, -11, -12, -12, -10, -12, -9, -10, -12, -11, -11, -12, -12, -11, -11, -12, -11, -11, -11, -12, -13, -11, -11, -12, -11, -12, -13, -12, -11, -12, -12, -12, -13, -14, -11, -12, -14, -12
target_str: -4, 0, 4, 16, 26, 37, 46, 26, 3, -5, -7, -6, -6, -12, -4, -6, -8, -7, -4, -3, -6, -11, -5, -9, -5
mse: 0.000761893093858642
----------------------
pred_str: -5, -4, -6, -8, -9, -5, -10, -9, -6, -5, -10, -7, -12, -11, -11, -9, -8, -12, -9, -10, -10, -11, -12, -12, -13, -10, -10, -11, -14, -12, -12, -10, -14, -14, -14, -14, -16, -12, -10, -10, -15, -12, -10, -8, -10, -11, -11, -12, -12, -13, -12, -12, -13, -12, -12, -12, -12, -12, -12, -13, -12, -12, -13, -12, -13, -12, -12, -11, -10, -12, -13, -11, -12, -10
target_str: -7, -8, -9, -4, -3, -8, -5, -2, 0, -8, -10, -14, 99, 20, -23, -5, -14, -8, -1, -4, -2, 7, 14, 27, 24
mse: 0.030734707618179535
----------------------
pred_str: 0, 0, 3, 8, 12, 15, 12, 4, 0, -4, -5, -3, -2, -4, -5, -3, -2, -5, -2, -2, 1, 1, -3, -1, -12, -1, -18, 45, 77, -23
target_str: -1, -2, 1, 6, 14, 16, 12, 4, -1, -3, -5, -4, -3, -3, -5, -4, -3, -2, -1, -2, -2, 0, -1, -2, -3
mse: 0.0004561147453705128
----------------------
pred_str: 21, -44, -67, 3, -3, -11, 6, 10, 24, 27, 39, 44, 41, 30, 8, -3, -5, -7, -6, -2, 0, -10, -3, -10, -1, 0, -12
target_str: -19, -10, -5, -8, 7, -85, -67, 1, -12, 7, 4, 11, 12, 31, 34, 51, 39, 19, 1, 2, -8, -15, -1, 0, -4
mse: 0.029484619766405307
----------------------
pred_str: -12, -13, -15, -12, -10, -8, -10, -10, -12, -10, -8, -9, -12, -12, -14, -12, -14, -10, -13, -11, -11, -12, -11, -10, -11, -10, -12, -11, -13, -13, -14, -11, -11, -11, -12, -11, -11, -11, -12, -12, -12, -12, -11, -13, -13, -14, -13, -14, -12, -13, -14, -14, -12, -14, -15, -14, -15, -13, -14, -13, -13, -13, -13, -13, -14, -13, -14, -14, -14, -13, -15
target_str: -17, -9, -33, 32, 64, -16, -7, -13, -7, -7, -2, 2, 9, 21, 27, 21, 10, -1, -2, -4, -8, -5, 2, 0, 0
mse: 0.042018782855226616
----------------------
pred_str: -1, 1, 1, 1, 4, 3, -1, -7, -10, -14, -17, -16, -14, -12, -14, -14, -14, -13, -12, -13, -10, -9, -11, -16, -19, -22, -17, -24, -17, -21, -19, -21, -15, -12, -1, -11, -17, -22
target_str: 2, -5, -4, -8, -8, -8, -9, -2, 3, 3, -1, -12, 1, -21, 30, 111, -74, -28, -10, 0, 0, 3, 9, 17, 39
mse: 0.007681115209175842
----------------------
pred_str: 1, -1, -8, -11, -11, -10, -12, -12, -12, -14, -15, -15, -12, -15, -15, -13, -10, -4, -3, 0, -19, -16, -20, -11, 5, 7, 19, 33, 55, 78, 89, 84, 51, 24, -8, -19, -14, -16, -11, -10, -15, -13, -12, -11, -13, -15, -15, -13, -12, -12, -10, -1, 2, -1, -19, -16, -19
target_str: -28, -10, -8, -3, 0, 3, 22, 31, 42, 73, 100, 98, 61, 30, -2, -12, -15, -12, -15, -16, -13, -6, -15, -15, -9
mse: 0.01263357236931299
----------------------
pred_str: -6, 1, -10, -5, -10, -10, -20, 55, 84, -18, 0, -10, -3, -5, -3, -1, 0, 4, 10, 23, 36, 26, 12, -1, -4, -5, -8, -6, -5, -8, -8, -6, -8, -6, -7, -4, -7, -5, -6, -5, -8, -1, -6, -13, -3, 1
target_str: -7, -7, -13, -4, -7, -7, -11, -7, -2, 6, 1, -6, -5, -7, -11, -5, -11, 4, 111, 17, -9, -5, -5, -6, -5
mse: 0.04342595650407091
----------------------
pred_str: 0, 2, -16, -1, -24, 93, 11, -27, -8, -15, -9, -10, -8, -3, 3, 19, 35, 28, 11, 2, -5, -6, -8, -7, -5, -3, -5, -7, -5, -6, -5, -7, -7, -6, -6, -5, -3, 0
target_str: 0, 5, 5, -11, 1, -23, 26, 87, -36, -6, -18, -8, -12, -6, -3, 3, 18, 35, 35, 22, 7, -1, -6, -6, -5
mse: 0.02885714561220538
----------------------
pred_str: -14, -16, -14, -11, -10, -1, 1, 3, 22, 40, 68, 60, 44, -1, -14, -19, -14, -14, -11, -8, -7, -10, -11, -13, -11, -10, -10, -12, -11, -15, -12, -13, -12, -10, -6, 2, -15, -10, -12, -18, -19, -19, -13, -2, -18, -15, -10
target_str: -12, -5, -6, -13, -18, -24, -23, -28, 104, -14, -53, -6, -11, -5, -6, 1, 4, 15, 28, 45, 62, 67, 39, 3, -12
mse: 0.02572057662190257
----------------------
pred_str: 39, 18, -11, -10, -9, -8, -7, -4, -7, -7, -7, -7, -7, -6, -5, -3, -2, -10, -9, -12, -13, -10, -10, -5, 1, 10, 21, 35, 41
target_str: 34, 14, 0, -10, -11, -9, -11, -10, -5, -6, -4, -7, -8, -8, -6, -10, -10, -10, -1, 6, -2, -15, -13, -17, 5
mse: 0.0009779727602528343
----------------------
pred_str: 17, 26, 21, 9, 2, -4, -7, -9, -11, -12, -10, -8, -6, -5, -6, -4, -3, 0, -5, -8, -14, -1, -17, 90, 15, -31, -12, -12, -11
target_str: 20, 31, 25, 13, 0, -4, -6, -7, -6, -7, -4, -2, -1, -2, -2, -4, -2, -3, 0, 0, 8, -10, -2, -22, 65
mse: 0.020085893872103525
----------------------
pred_str: -3, -3, -4, -5, -2, -1, -4, -4, 0, -1, -5, 0, -14, 71, 75, -4, -1, -9, -8, -6, -8, -5, -1, 0, 3, 7, 5, 0, -5, -4, -4, -3, -4
target_str: -6, -6, -5, -5, -5, -5, -4, -3, 0, 1, -5, -4, -4, -8, -8, 93, 42, -12, -7, -12, -6, -9, -6, -7, -3
mse: 0.1050191067520461
----------------------
pred_str: -11, -14, -7, -10, -12, -10, -10, -1, -13, -11, -13, -14, -16, -15, -12, -12, -13, -10, -13, -11, -12, -12, -11, -12, -12, -13, -12, -15, -12, -11, -14, -13, -12, -11, -11, -10, -9, -14, -11, -2, 12, 33, 53, 48, 25, -2, -12, -10, -10, -12, -10, -11, -11, -12, -13, -12, -12, -12, -13, -14, -12, -15, -12, -15, -12, -14
target_str: -18, -10, -17, -8, -8, 2, 14, 19, 20, 15, -4, -16, -9, -13, -11, -15, -4, -5, -3, -5, -4, -6, -10, 2, -5
mse: 0.00437311864695365
----------------------
pred_str: 13
target_str: 16, 23, 21, 3, -4, -11, -14, -15, -9, -8, -11, -4, -9, -7, -6, -12, 0, -7, -8, -8, -4, -4, -1, 4, 0
mse: 0.0027967801291640393
----------------------
pred_str: -16, -23, 22, 32, 66, 83, 55, 17, -10, -14, -12, -11, -9, -12, -14, -1, -12, 1, 1, 0, 3, 6, 34, 52, 95, 58, 14, -8, -11, -15, -16, -10, -7, -12, -12, -7, -1, 0, -16, -16, -23, 2
target_str: -11, -2, 6, 11, 16, 66, 92, 82, 32, -1, -8, -23, -17, 3, -6, -18, 1, 14, -18, -26, -14, 39, -30, -69, 5
mse: 0.008026414802044942
----------------------
pred_str: -8, -11, -17, -17, -12, -2, -3, -5, -10, -12, -19, -12, 48, 32, -58, -22, -16, -7, -4, 10, 33, 57, 63, 54, 27, -1, -11, -14, -19, -19, -13, -11, -4, 1, -14, -10, -15, -22, 60, 57, -73, -14, -18, -4, -4, 15, 38, 60, 59, 43, 10, -1, -11, -14, -18, -19, -16, -14, -8, 0, -18, -10, -16, -23
target_str: -6, -9, -10, -8, 3, -1, 0, -16, -10, -22, 50, 25, -69, -5, -15, 0, 2, 15, 37, 56, 61, 46, 19, -4, -4
mse: 0.036741897373119434
----------------------
pred_str: 1, 1, 10, 10, 21, 28, 40, 43, 41, 24, 10, 0, -1, -6, -12, -14, -11, -10, -10, -11, -8, -10, -10, -9, -9, -10, -10, -9, -12, -12, -12, -11, -12, -12, -12, -14, -14, -15, -16, -13, -15
target_str: 14, 11, 8, 4, 5, -3, 23, 103, -5, -26, -4, 1, 3, 6, 17, 13, 21, 30, 38, 35, 17, 0, -8, -11, -22
mse: 0.07962639094991383
----------------------
pred_str: -17, -18, -19, -15, -21, -13, -10, -13, -11, -11, -11, -14, -14, -10, -13, -12, -10, -16, -16, -18, -12, -13, -14, -15, -10, -14, -12, -20, -16, -20, -21, -17, -19, -18
target_str: -37, -38, -42, -37, -19, 69, 0, -46, -21, -20, -13, -19, -4, 0, 15, 29, 59, 87, 83, 54, 15, -9, -10, -6, -17
mse: 0.016182217933354316
----------------------
pred_str: 75, 25, -75, -25, -22, -17, -14, -10, -8, -5, -10, -9, -9, -10, -10, -13, -10, -12, -13, -15, -16, -13, -8, -10, -16, -12, -17, -13, -11
target_str: -21, -45, -11, -17, -5, -6, 3, 4, 17, 33, 63, 81, 84, 62, 22, 3, -7, -11, -8, -11, -5, -8, -7, -5, -5
mse: 0.03159107059302436
----------------------
pred_str: 0, 1, -3, -1, -3, -1, -1, -3, -2, -2, -2, -2, -3, -4, -2, -3, -2, -1, -1, -2, -1, -3, -2, -3, -4, -3, -3, -3, -5, -2, -4, -3, -1, -1, -1, -2, -1, -1, -1, -1, -2, -1, -2, -3, -2, -2, -3, -2, -2, -2, -2, -1, -2, -1, -3, -2, -2
target_str: -4, -2, -3, -1, 7, 9, -3, -7, -12, -7, -22, 49, 21, -72, -19, -17, -12, -12, -5, -1, 0, 20, 43, 82, 98
mse: 0.016526892876729486
----------------------
pred_str: 0, -13, -18, -30, 87, -11, -62, -10, -20, -12, -6, 1, -3, 4, 13, 25, 41, 57, 60, 54, 23, -1, -6, -10, -11, -10, -10, -10, -11, -10, -12, -10, -13, -10, -11, -12, -10, -10, -12, -13, -12, -9, -9, 7, 17, 19, -12, -18, -35, 96, -12, -61, -12, -16
target_str: -5, -14, -16, -5, 83, -41, -55, -10, -15, -6, -4, -3, 3, 10, 23, 38, 55, 68, 67, 53, 23, 2, -2, -7, -9
mse: 0.0015183251555638128
----------------------
pred_str: -92, -92, -92, -92, -92, -92, -92, -92, -92, -92, -92, -92, -92, -92, -92, -92, -92, -92, -92, -92, -92, -92, -92, -92, -92, -92, -92, -92, -92, -92, -92, -92, -92, -92, -92, -92, -92, -92, -92, -92, -92, -92, -92, -92, -92, -92, -92, -92, -92, -92, -92, -92, -92, -92, -92, -92, -92, -92, -92, -92, -92, -92, -92, -92, -92, -92, -92, -92, -92, -92, -92, -92, -92, -92, -92, -92, -92, -92, -92, -92, -92, -92, -92, -92, -92, -92, -92, -92, -92, -92, -92, -92, -92, -92, -92, -92, -92, -92, -92, -92, -92, -92, -92, -92, -92, -92, -92, -92, -92, -92, -92, -92, -92, -92, -92, -92, -92, -92, -92, -92, -92, -92, -92, -92, -92, -92, -92, -92,
target_str: -92, -92, -92, -92, -92, -92, -92, -92, -92, -92, -92, -92, -92, -92, -92, -92, -92, -92, -92, -92, -92, -92, -92, -92, -92
mse: 0.0
----------------------
pred_str: 0, 10, 23, 44, 67, 76, 66, 31, 5, -15, -22, -20, -19, -17, -18, -17, -19, -19, -16, -19, -16, -19, -13, -7, -4, -14, -19, -22, -17, -28, -37
target_str: 0, 4, 13, 27, 49, 70, 75, 59, 23, -1, -15, -15, -12, -19, -13, -12, -11, -16, -11, -15, -11, -16, -17, -12, -5
mse: 0.0007817322440925059
----------------------
