pred_str: -16, -18, -20, -7, 2, 1, -10, -2, 0, 0, -2, -1, 11, -2, 19, 12, 12, 1, -1, -11, -21, -21, -19, -21, -21, -23, -16, -23, -21, -25, -26, -21, -24, -21, -26, -27, -23, -21, -18, -22
target_str: -12, -15, -7, -5, -22, -34, -18, -12, -27, -32, -48, -22, -21, -40, -32, -29, -6, -29, -28, -7, -2, -3, -38, -28, -27
mse: 0.0024479591344616644
----------------------
pred_str: -4, -5, -5, -4, -4, -5, -5, -5, -4, -3, -5, -4, -5, -4, -4, -4, -4, -4, -4, -4, -4, -4, -4, -4, -3, -4, -4, -5, -3, 2, 2, -4, -8, -6, 0, 105, 14, -15, -3, -7, -4, -3, -3, 0, 4, 11, 21, 28, 22, 7, -2, -5, -6, -5, -6, -5, -6, -5, -5, -5, -5, -5, -6, -5, -6, -6, -5, -6, -6, -6, -6, -6, -5, -6, -5, -4, -4, 2, 2, -4, -8, -3, -15, 27, 93, -17, -3, -7, -4, -4, -3, -1, 2, 8, 17, 26, 24, 14, 1, -2, -5, -4, -5, -4, -5, -5, -4, -4, -5, -4, -4, -4, -4, -4, -4, -4, -5, -5, -4, -4, -4, -5, -5, 0, 6, -1, -8, -2, 0, 107, 10, -17, -2, -7, -3, -3, -2, 0, 2, 8, 20, 29, 24, 10, -1, -3, -4, -5, -4, -5, -5, -5, -5, -5, -5, -5, -5, -5, -5, -5, -5, -4, -4
target_str: 92, -15, -4, -9, -6, -7, -4, -2, 0, 3, 13, 22, 30, 29, 16, 5, -1, -5, -6, -6, -7, -5, -6, -6, -6
mse: 0.036491095603683216
----------------------
pred_str: -11, -13, -11, -4, -6, -7, -5, -1, 1, 2, 13, 27, 34, 11, 0, -9, -6, -6, -4, -4, -1, -1, 1, 2, 10, 22, 16, 1, -11, -10, -13, -11, -12, 2, 74, 137, -24, -2, -14, -6, -9, -7, -4, 0, 2, 1, 2, 17, 37, 40, 13, 0, -10, -6, -6, -2, -4, -4, -2, -3, -2, 2, 2, -11, -12, -16, -15, -15, -14, 7, 112, 119, -26, -1, -15, -6, -9, -6, -4, -2, 0, 1, 0, 2, 13, 36, 36, 10, 1, -10, -10, -10, -10, -2, 1, 107, 124, -30, -4, -10, -6, -8, -4, -1, -1, 0, 0, 0, 1, 13, 26, 32, 14, 1, -12, -12, -12, -13, -2, 1, 84, 135, -29, -3, -12, -5, -7, -5, -3, -1, 0, 1, 0, 0, 0, 1, 14
target_str: -7, -8, -9, -8, 7, 9, -6, -20, -11, -13, -8, -17, 73, 45, -25, -5, -16, -11, -10, -4, 2, -2, 5, 22, 41
mse: 0.012437514891005686
----------------------
pred_str: -16, -31, -23, -27, -25, -25, -26, -23, -20, -16, -10, -21, -27, -12, 85, -24, -27, -6, -11, -4, 2, 11, 29, 48, 59, 50, 25, 2, -7, -9, -9, -7, -9, -7, -7, -7, -8, -5, -5, 1, 5, -11, -11, -20, 16, 94, -36, -11, -4, -1
target_str: -16, 72, -56, -26, -25, -19, -12, -13, -4, 9, 28, 39, 33, 7, -17, -26, -29, -26, -25, -21, -19, -16, -7, -1, -3
mse: 0.01769129807805414
----------------------
pred_str: -2, -10, -10, -11, -11, -11, -10, -10, -11, -10, -11, -10, -10, -11, -10, -11, -10, -10, -10, -10, -10, -11, -11, -10, -11, -12, -12, -12
target_str: -2, -6, -2, -3, -3, -4, -3, -4, -4, -5, -2, -6, -6, -7, -4, -10, -7, -11, -6, -6, -6, -10, -4, -8, -8
mse: 0.0009363601863477555
----------------------
pred_str: -2, -1, 2, 1, 7, 15, 25, 36, 37, 26, 1, -6, -9, -8, -6, -8, -8, -8, -8, -9, -8, -10, -10, -10, -10, -12, -11, -12, -9, -5, 0, 0, -11, -10, -15, 82, 24, -29, 1, -11, -1, -1, 0, 5, 11, 22, 34, 39
target_str: -1, 4, 9, 18, 26, 36, 40, 26, 3, -7, -11, -11, -10, -11, -9, -9, -8, -7, -10, -11, -12, -10, -9, -11, -13
mse: 0.005153807251365852
----------------------
pred_str: -1, -12, -11, -9, -12, -11, -13, -12, -14, -11, -12, -12, -12, -10, -10, -11, -13, -18, -10, -18, 22, 82, -28, -9, -17, -11, -7, -4, 3, 12, 27, 36, 35, 22, 1, -11, -11, -15
target_str: -9, -8, -10, -10, -13, -11, -8, -7, -11, -12, -14, -11, -9, -11, -3, -11, -13, -14, -8, -22, 54, 90, -13, -3, -10
mse: 0.0015252688882379881
----------------------
pred_str: -5, -7, -6, -7, -7, -7, -7, -6, -7, -7, -8, -7, -7, -8, -7, -7, -8, -7, -6, -5, 4, 1, -4, -10, -4, -22, 59, 86, -27, 0, -10, -4, -10, -8, -5, -1, 7, 13, 26, 35, 31, 15, 2, -5, -7, -8, -7, -9, -9
target_str: -7, -6, -3, -4, -7, -6, -7, -7, -6, -7, -7, -7, -7, -3, 3, 7, -4, -6, -7, -11, -2, 96, -2, -15, -2
mse: 0.02004156674994162
----------------------
pred_str: -10, -11, -11, -11, -12, -11, -10, -11, -12, -12, -12, -12, -11, -13, -12, -13, -12, -13, -13, -14, -13, -11, -8, -7, -14, -17, -18, -21, -11, 69, 12, -22, -2, -12
target_str: -9, -11, -10, -5, -5, 0, -3, -12, -10, -17, -9, -26, 41, 65, -31, -5, -12, 0, -3, -1, 3, 12, 17, 30, 36
mse: 0.020947433128135233
----------------------
pred_str: -15, -13, -11, -14, -10, -16, -13, -11, -22, -10, -23, -31, 105, -82, -47, -24, -28, -36, -36, -33, -29, -15, -6, 0, 1, -16, -20, -19, -15, -12, -10, -12, -11, -15, -13, -11, -11, -12, -10, -13, -13, -15, -13, -11, -15, -13, -11, -18, -14, -15, -15, -13, -16, -17, -19, -17, -16, -15, -14, -15, -13, -17, -15, -17, -15, -12, -17, -15, -12, -17, -15, -14, -15, -11, -16, -13, -12, -12, -13, -13, -12, -14, -13, -13, -14, -14, -12, -14, -11, -11
target_str: -10, -14, -25, -18, -35, 19, 42, -99, -43, -29, -23, -22, -17, -9, 8, 31, 43, 29, 3, -17, -18, -24, -31, -24, -25
mse: 0.1122281370257907
----------------------
pred_str: -3, -22, -10, -8, -11, -7, -7, 0, 16, 26, 29, 11, -2, -9, -11, -10, -11, -10, -11, -11, -10, -10, -10, -11, -9, -8, -6, 1, 1, -17, 0, -32, 65, 94, -40, 0, -23, -8, -11, -6, -6, 2, 14, 27, 35, 15, 0, -7, -9, -8, -8, -8, -9, -9, -9, -9, -9, -9, -9, -8, -8, -9, -8, -9, -7, 3, 4, -13, 0, -28, 40, 99
target_str: -15, -4, -8, -3, -3, 6, 16, 33, 37, 27, 5, -5, -6, -9, -8, -6, -3, -1, -4, -5, -6, -4, -5, -3, 9
mse: 0.0031092705777343147
----------------------
pred_str:  -7, 1, 0, 15, 11, -1, -17, -15, -14, -13, -10, -8, -10, -9, -11, -10, -12, -11, -10, -12, -12, -13, -10, -11, -5, 2, 0, -14, -15, -18, -12, -16, -10, 79, 31, -36, -3, -16, -3, 2, 2, 5, 22, 48, 59, 42, 12, -5, -14, -15, -9, -10, -10, -9, -10, -11, -9, -9, -12, -9, -12, -11, -11, -11
target_str: -11, -12, -7, -11, -10, -5, -11, -6, -5, 0, 6, 17, -7, -3, -10, 0, -9, 78, 80, -36, 5, -4, 5, 6, 2
mse: 0.010809812086201666
----------------------
pred_str: -2, -6, -11, -10, -12, -11, -11, -11, -11, -11, -12, -11, -12, -11, -12, -13, -12, -12, -12, -12, -13, -12, -13, -11, -12, -11, -13, -15, -15, -11, 112, -49, -96, -11, -1, 1, 5, 13, 29, 49, 58, 50, 0, -3, -10, -10, -11, -10, -10, -10, -9, -10, -11, -11, -11, -11, -12, -12, -11, -13, -13, -12, -11, -11, -13, -13, -13, -11, -12, -14, 102, -54, -92, -16, -2, 1, 2, 8, 19, 35, 54, 60, 48, 2, -2, -10, -10, -12, -12, -12, -11, -11, -11, -12, -12, -13, -12, -12, -13, -12, -12, -13, -13, -12, -12, -12, -11, -13, -12, -15, 102, -43, -86, -13, -3, 1, 2, 7, 14, 33, 51, 59, 46, 1, -4, -11, -10, -11, -11, -11, -10, -11, -
target_str: -12, -19, -17, -18, -17, -17, -15, -10, -11, -9, -13, -13, -11, -10, -12, -10, -9, -7, -3, -3, -6, -10, -1, -21, 59
mse: 0.0032335843882829764
----------------------
pred_str: -4, -3, 2, 11, -5, -10, -12, -6, -14, 77, 57, -23, -4, -15, -2, -9, -2, -3, 1, 3, 10, 22, 21, 10, 0, -5, -9, -11
target_str: -1, 1, 9, -2, -9, -9, -11, -12, 10, 92, 4, -10, -8, -9, -4, -4, 0, -1, 4, 9, 16, 21, 19, 9, -3
mse: 0.0050832857486205925
----------------------
pred_str: -2, 2, 6, 15, 27, 35, 39, 32, 10, -2, -8, -9, -8, -9, -8, -7, -8, -7, -8, -9, -9, -11, -11, -11, -11, -11, -11, -11, -14, -15, -16, -12, -16, -15, -17, -15, -13, -16, -10, -10, -11, -11, -14, 62, 96, -18, -11, -14, -2, 0, 6, 12, 23, 33, 39, 36, 13, -3, -9, -9, -8, -8, -6, -7, -7, -7, -8, -9, -9, -10, -10, -11, -11, -11, -11, -12, -13, -13, -15, -12
target_str: -2, 2, 9, 19, 31, 36, 35, 19, 4, -4, -6, -9, -8, -10, -9, -10, -9, -10, -9, -10, -10, -9, -10, -9, -10
mse: 0.0011314873700978187
----------------------
pred_str: -7, 0, 2, -1, -11, -14, -19, 28, 69, -35, -11, -12, -10, -1, 0, 11, 17, 30, 45, 50, 35, 8, -2, -7, -11, -11, -11, -10, -9, -10, -11, -13, -12, -13, -13, -15, -12, -10, -6, 0, -5, -9, -14, -16, 22, 86, -29, -17, -10, -8, -2, 2, 12, 24, 40, 56, 45, 17, -2, -9, -9
target_str: -1, -3, -7, -23, -9, -13, 83, 24, -43, 0, -17, -2, -7, 1, 6, 19, 33, 42, 46, 33, 12, -5, -12, -8, -6
mse: 0.046805088189114524
----------------------
pred_str: -13, 61, 46, -22, -6, -11, -6, -3, 2, 13, 20, 31, 34, 22, 1, -4, -12, -12, -11, -9, -7, -7, -6, -9, -6, -9, -8, -6, -11, -11, -11, -6, -7, -6, -13, -11, -10, -21, 73, 52, -15, -1, -13, -4, -2, 0, 4, 13, 21, 32, 38, 22, 4, -4, -12, -11, -11, -9, -7, -4, -6, -7, -7, -8, -7, -10, -9, -9, -10, -12, -12, -10
target_str: 21, 105, -6, -3, -3, -3, -1, 2, 9, 14, 18, 31, 41, 39, 22, 3, -7, -2, -6, -9, -3, -7, 2, -6, -7
mse: 0.0066350452063288256
----------------------
pred_str: -2, 0, 4, 8, 17, 28, 38, 43, 34, 12, -3, -7, -12, -16, -10, -8, -11, -9, -9, -10, -10, -11, -10, -10, -9, -7, -11, -13, -11, -13, -10, -10, -13, -8, -13, -12, -5, -1, 2, 2, -7, -10, -12, -16, 2, 119, -17, -14, -10, -7, 0, 0, 6, 13, 24, 37, 44, 37, 12, -5, -9, -14, -14, -11, -11, -11, -11, -12, -11, -10, -10, -11, -10, -9, -10, -11, -11
target_str: 1, 4, 7, 13, 25, 35, 45, 38, 18, -3, -11, -11, -15, -10, -15, -11, -12, -11, -10, -11, -14, -10, -12, -17, -12
mse: 0.0010018987647002668
----------------------
pred_str: 20, 17, 15, 11, 8, 7, 7, 8, 9, 10, 12, 11, 13, 11, 13, 10, 10, 11, 12, 13, 12, 10, 11, 10, 12, 11, 13, 11, 9, 10, 11, 11, 13, 10, 10, 10, 12, 12, 11, 11, 12, 12, 11, 12, 11, 12, 12, 11, 13, 13, 12, 10, 12, 11, 12, 12, 12, 11, 11, 12, 11, 12, 12, 11, 12, 12, 11, 11, 11, 11, 10, 12, 12, 11, 11, 10, 11, 11, 11, 11, 11, 11, 11, 11, 11, 11, 11
target_str: 20, 24, 33, 43, 52, 48, 34, 23, 23, 21, 9, -2, -7, -14, -17, -20, -24, -26, -26, -28, -30, -31, -30, -26, -31
mse: 0.04050060031578734
----------------------
pred_str:  -16, -26, -16, -15, -14, -15, -15, -15, -12, -11, -19, -18, -21, -12, 1, -16, -20, -28, 47, 41, -46, -1, -2, -3, 10, 14, 31, 40, 71, 88
target_str: 8, 49, -51, -31, -7, -2, -5, 2, 13, 23, 38, 51, 85, 85, 69, 28, -8, -19, -30, -28, -25, -14, -21, -17, -21
mse: 0.016173480429466917
----------------------
pred_str: -7, -7, -5, -4, -4, -5, -4, -5, -4, -4, -3, -3, -3, -5, -3, -4, -4, -7, -4, -17, 0, 102, 35, -24, -1, -11, -2, -1, 2, 7, 15, 23, 15, 4, -1, -6, -6, -6, -6, -6, -6, -6, -6, -6, -7, -6, -6, -6
target_str: -7, -6, -3, -3, -4, -5, -11, -5, -20, 75, 72, -17, 1, -9, -3, -3, 0, 5, 11, 17, 22, 17, 3, -4, -5
mse: 0.14054212927625584
----------------------
pred_str: -2, -3, -3, -2, -3, -2, -3, -3, -2, -2, -3, -2, -2, -3, -2, -2, -3, -3, -4, -3, -4, -4, -3, -4, -2, 1, -3, -6, -7, -11, -20, 106, 45, -10, -10, -13, -11, -11, -10, -10, -8, -7, 0, 6, 8, 8, 3, -3, -5, -5, -5, -5, -5, -4, -5, -4, -4, -4, -4, -5, -5, -5, -4, -3, 0, 3, -4, -7, -9, -15, -26, 114, 37, -9, -11, -16, -15, -15, -15, -13, -13, -13, -13, -12, -12, -12, -12, -10, -13, -12, -12, -11, -12, -10, -10, -11, -12, -11, -10, -11, -11, -11, -11, -11, -11, -11, -11, -11, -11, -12, -12, -12, -12, -12, -12, -12, -12, -12, -12, -12, -12, -12, -12, -12, -12, -12, -12, -12, -12, -12, -12, -12, -12, -12, -12, -12, -12, -12, -12, -12, -12, -12, -
target_str: -2, -2, 0, 0, -2, -1, -2, -1, -2, -2, -3, -3, -4, -4, -2, 0, 4, -2, -2, -10, 0, -22, 17, 112, 21
mse: 0.04475727043271333
----------------------
pred_str: -10, -12, -10, -10, -7, -10, -5, -12, -13, -14, -11, -8, -4, -10, -13, -22, -20, -20, -15, 46, 94, -18, -17, -13, -13, -10, -6, 2, 10, 22, 34, 58, 67, 67, 54, 30, -1, -16, -14, -18, -16, -17, -13, -12, -6, -9, -6, 0, 1, -9, -14, -22, -22, -26, -26, -26
target_str: -11, -5, -18, -18, -21, -9, -16, -33, -26, -26, -24, -15, -28, 48, 96, -16, -13, -12, -10, -12, -7, -6, 0, 12, 32
mse: 0.009318792190183335
----------------------
pred_str: -4, -4, -4, -6, -4, -4, -4, -5, -4, -3, -4, -3, -4, -3, -5, -3, -5, -1, -4, -5, -3, -7, -7, -12, -14, -13, -22, 16, 82, -21, -12, -10, -10, -6, -2, 0, 12, 22, 30, 32, 21, 0, -4, -10, -14, -13, -12, -10, -11, -11, -10, -10, -11, -9, -6, -4, -5, -8
target_str: -5, -6, -9, -8, -6, -2, 1, -9, -13, -14, -19, -13, -24, 94, 27, -29, -4, -16, -6, -6, -1, 1, 14, 26, 32
mse: 0.026555557775712453
----------------------
pred_str: 12, 17, 1, 5, 13, 34, 48, 60, 67, 63, 34, -2, -11, -15, -15, -11, -10, -13, -16, -17, -18, -17, -16, -15, -12, -12, 0, 16, -16, -12, -40, 75, 47, -64
target_str: 29, -7, -21, -20, -26, -25, -24, -25, -27, -28, -34, -32, -33, -31, -27, -25, -28, -36, -21, -4, 8, -4, -26, -12, -20
mse: 0.012047339538070198
----------------------
pred_str: -13, -17, -20, -21, -22, -21, -20, -22, -19, -17, -17, -16, -16, -12, -5, -2, 2, 11, 19, 25, 28, 22, 1, -3, -10, -9, -10, -11, -11, -10, -11, -10, -10, -9, -12, -11
target_str: -14, -16, -14, -12, -14, -11, -10, -5, -1, -2, -13, -10, -17, -11, -22, 26, 101, -18, -6, -4, -3, -1, -1, 4, 10
mse: 0.01869511835703634
----------------------
pred_str:  -3, 0, 2, 3, 11, 19, 36, 40, 36, 15, -2, -10, -11, -12, -10, -11, -10, -10, -10, -10, -9, -10, -7, -10, -10, -9, -9, -4, 0, -10, -7, -13, -9, -14, -17, 0, 101, -7, -15, -5, -6, -5, -2, 0, 3, 5, 14, 27, 37, 42, 32, 10, -2, -10, -10, -11, -11, -10, -10, -11, -10, -11, -10, -11, -10, -10, -10, -9, -10, -8, -9, 0, -8, -10, -9, -10, -11, -10, -15
target_str: -4, 0, 4, 16, 26, 37, 46, 26, 3, -5, -7, -6, -6, -12, -4, -6, -8, -7, -4, -3, -6, -11, -5, -9, -5
mse: 0.005152998900658574
----------------------
pred_str: -11, -5, -6, -8, -8, -7, -8, -7, -7, -6, -7, -7, -5, -6, -7, -5, -5, -3, -8, -10, -19, 18, 97, -16, -18, -9, -10, -10, -12, -7
target_str: -7, -8, -9, -4, -3, -8, -5, -2, 0, -8, -10, -14, 99, 20, -23, -5, -14, -8, -1, -4, -2, 7, 14, 27, 24
mse: 0.03982428249840717
----------------------
pred_str: -4, -2, -1, 1, 6, 14, 21, 22, 10, 2, -4, -5, -6, -4, -4, -4, -3, -4, -3, -4, -3, 0, 3, -2, -5, -8, -4, -17, 22, 83, -20, -5, -9, -4, -4, 0, 0, 4, 12, 18, 21, 12, 1, -1, -4, -5, -4, -4, -4, -3, -3, -2, -3, 3, 2, -6, -4, -10, -4, -17, 12, 78, -17, -3, -8, -4, -3, -3, 0, 0, 4, 10, 19, 20, 10, 3, -1, -2, -3
target_str: -1, -2, 1, 6, 14, 16, 12, 4, -1, -3, -5, -4, -3, -3, -5, -4, -3, -2, -1, -2, -2, 0, -1, -2, -3
mse: 0.002447699740423439
----------------------
pred_str: -4, -1, -3, -2, 1, -1, -5, -5, -3, -6, -6, -6, -3, -5, -1, -6, -2, -5, -5, -1, -7, -1, -6, -1, -4, -5, -1, -2, -1, 0
target_str: -19, -10, -5, -8, 7, -85, -67, 1, -12, 7, 4, 11, 12, 31, 34, 51, 39, 19, 1, 2, -8, -15, -1, 0, -4
mse: 0.020797676850040695
----------------------
pred_str: -15, -11, -21, -9, -10, -11, -12, -11, -10, -11, -10, -12, -8, -5, -1, -7, -6, -10, -8, -9, -13, -8, -12, -8, -10, -13, -12, -12, -12, -10, -10, -12, -11, -14, -15, -14, -14, -17, -12, -3
target_str: -17, -9, -33, 32, 64, -16, -7, -13, -7, -7, -2, 2, 9, 21, 27, 21, 10, -1, -2, -4, -8, -5, 2, 0, 0
mse: 0.03384015444186434
----------------------
pred_str: -1, -1, -1, -2, -3, -3, -1, -3, -3, -2, -3, -2, -4, -2, -3, -2, -4, -2, -1, -3, -2, -6, -1, -12, -21, -7, 74, 36, -92, -10, -10, 0, 3, 6, 12, 23, 41, 58, 67, 65, 38, 0, -12, -12, -16, -11, -13, -11
target_str: 2, -5, -4, -8, -8, -8, -9, -2, 3, 3, -1, -12, 1, -21, 30, 111, -74, -28, -10, 0, 0, 3, 9, 17, 39
mse: 0.00677916917032131
----------------------
pred_str: -10, -13, -3, 1, 10, 15, 32, 52, 87, 98, 95, 62, 13, -13, -17, -19, -15, -14, -15, -14, -10, -10, -15, -16, -16, -14, -14, -17, -14, -17, -18, -17, -14, -10, -14
target_str: -28, -10, -8, -3, 0, 3, 22, 31, 42, 73, 100, 98, 61, 30, -2, -12, -15, -12, -15, -16, -13, -6, -15, -15, -9
mse: 0.002478078330691759
----------------------
pred_str:  -8, -11, -6, -7, -8, -4, -4, 2, -3, -9, -8, -13, -1, -19, 38, 53, -21, 0, -12, -3, -6, -4, -2, 0, 3, 10, 25, 36, 34, 16, -2, -7, -7, -8, -8, -10, -10, -9, -7, -9, -7, -9, -7, -6, -6, -10, -5, -6, -7, 2, 1
target_str: -7, -7, -13, -4, -7, -7, -11, -7, -2, 6, 1, -6, -5, -7, -11, -5, -11, 4, 111, 17, -9, -5, -5, -6, -5
mse: 0.03753443316691071
----------------------
pred_str: -4, -4, -3, 0, 4, -11, -2, -26, 102, 10, -31, -11, -20, -12, -16, -9, -11, -6, 1, 22, 31, 28, 7, 2, -4, -5, -6, -8, -6
target_str: 0, 5, 5, -11, 1, -23, 26, 87, -36, -6, -18, -8, -12, -6, -3, 3, 18, 35, 35, 22, 7, -1, -6, -6, -5
mse: 0.036966411773886654
----------------------
pred_str: -13, -12, -14, -14, -14, -11, -12, -17, -15, -17, -16, -12, -14, -12, -10, -10, -10, -10, -13, -10, -15, -16, -14, -11, -11, -7, 1, -11, -3, -21, -2, -37, 142, 0, -54, -7, -10, 2, 1, 11, 14, 24, 44, 63, 74, 64, 29, 0, -11, -18, -15, -15, -12, -12, -11, -13, -10, -13, -15, -10, -13, -11, -12, -11
target_str: -12, -5, -6, -13, -18, -24, -23, -28, 104, -14, -53, -6, -11, -5, -6, 1, 4, 15, 28, 45, 62, 67, 39, 3, -12
mse: 0.018138335373840814
----------------------
pred_str: -3, -1, -5, -4, -4, -4, -6, -4, -6, -6, -5, -5, -4, -6, -5, -7, -6, -8, -7, -5, -1, 2, 2, -16, -5, -21, 36, 56, -26, -1, -13, -5, -7, -2, -1, 0, 2, 11, 24, 32, 38, 27, 1, -1, -6, -8, -7, -7, -7, -6, -6, -6, -7, -6, -6, -6, -6, -7, 2, 2, -12, -4, -17, 28, 44, -28, -1, -13, -6, -6, -2, -1, 1, 2, 12, 27, 33, 40, 28, 6, -1, -7, -9, -8, -7, -6, -5, -5, -7, -6, -6, -7, -7, -6, 1, 4, -9, -1, -16, 14, 40, -20, -1, -10, -3, -5, -2, -2, 1, 3, 10, 22, 32, 40, 27, 5, -2, -8, -8, -7, -7, -7, -6, -6, -6, -7, -7, -6, -5, 3, 2, -10, -1, -17, 13, 45, -26, -1, -12, -4, -5, -3, -2, 0, 2, 9, 21, 35, 39, 22, 2, -2, -7, -8, -8, -7, -6
target_str: 34, 14, 0, -10, -11, -9, -11, -10, -5, -6, -4, -7, -8, -8, -6, -10, -10, -10, -1, 6, -2, -15, -13, -17, 5
mse: 0.0024277826152627234
----------------------
pred_str: -2, 16, 21, 22, 10, 0, -4, -10, -9, -12, -12, -9, -7, -8, -6, -7, -8, -8, -8, -8, -8, -7, -6, 0, 3, -8, -15, 18, 98, -22, -11, -13, -11, -8, -5, 2
target_str: 20, 31, 25, 13, 0, -4, -6, -7, -6, -7, -4, -2, -1, -2, -2, -4, -2, -3, 0, 0, 8, -10, -2, -22, 65
mse: 0.007419863267834535
----------------------
pred_str: -4, -4, -4, -5, -3, -2, -3, -3, -1, -2, 0, -4, -4, -5, -3, -2, -4, -3, -2, -4, -1, -1, -3, -1, -2, -3, -1, -1, -1, -4, 24, 65, -11, -1, -14, -6, -6, -6, -5, -5, -3, 0, 2, 4, 4, 0, -2, -5, -4, -4, -4, -4, -4, -4, -4, -3, -3, -4, -4, -4, -5, -1, -2, -6, 46, 78, -10, -1, -14, -6, -6, -6, -5, -4, -2, 0, 2, 5, 3, 1, -2, -4, -4, -4
target_str: -6, -6, -5, -5, -5, -5, -4, -3, 0, 1, -5, -4, -4, -8, -8, 93, 42, -12, -7, -12, -6, -9, -6, -7, -3
mse: 0.04899957352521768
----------------------
pred_str: -9, -10, -12, -10, -11, -12, -10, -10, -10, -12, -10, -13, -10, -15, -13, -13, -10, -14, -12, -11, -12, -10, -10, -15, -15, -10, -24, 20, 76, -10, -14, -16, -15, -13, -6, -10, 0, 8, 15, 26, 30, 23, 1, -11, -10, -15, -13, -12, -13, -11, -11, -12, -10, -10, -15
target_str: -18, -10, -17, -8, -8, 2, 14, 19, 20, 15, -4, -16, -9, -13, -11, -15, -4, -5, -3, -5, -4, -6, -10, 2, -5
mse: 0.004736204693311337
----------------------
pred_str: 13, 23, 16, 7, 0, -2, -6, -8, -10, -7, -10, -7, -9, -6, -5, -6, -6, -7, -6, -5, -8, -4, -6, -11, 1, 22, 99, 10, -13, -8, -7, -6, -2, 1
target_str: 16, 23, 21, 3, -4, -11, -14, -15, -9, -8, -11, -4, -9, -7, -6, -12, 0, -7, -8, -8, -4, -4, -1, 4, 0
mse: 0.0007406025215129816
----------------------
pred_str:  -11, -14, 4, 17, 34, 55, 87, 57, 10, -11, -20, -18, -16, -7, -14, -11, -18, -1, -11, -29, 3, 23, -67, -30, -2, -17, -14, -5, 16, 18, 47, 71, 95, 50, 11, -21, -12, -13, -10, -14, -10, -1, -2, -14, -31, 17, 15, -46, -22
target_str: -11, -2, 6, 11, 16, 66, 92, 82, 32, -1, -8, -23, -17, 3, -6, -18, 1, 14, -18, -26, -14, 39, -30, -69, 5
mse: 0.0012218568447907726
----------------------
pred_str: -7, -7, -5, -2, 1, -10, -10, -18, 18, 31, -70, -22, -19, -6, -3, 12, 34, 55, 53, 41, 3, -15, -21, -23, -22, -20, -24
target_str: -6, -9, -10, -8, 3, -1, 0, -16, -10, -22, 50, 25, -69, -5, -15, 0, 2, 15, 37, 56, 61, 46, 19, -4, -4
mse: 0.03657296204829736
----------------------
pred_str: -1, -3, -1, -1, -2, -2, -2, -1, -3, -1, 0, 1, -1, -1, 0, 0, -10, 11, 45, -30, -18, -17, -12, -17, -14, -12, -11, -10, -11, -12, -9, -11, -8, -11, -10, -8, -7, -11, -12, -11, -13, -12, -13, -12, -10, -12, -11, -13, -13, -14, -12
target_str: 14, 11, 8, 4, 5, -3, 23, 103, -5, -26, -4, 1, 3, 6, 17, 13, 21, 30, 38, 35, 17, 0, -8, -11, -22
mse: 0.08165865615301655
----------------------
pred_str: -16, -12, -16, -13, -12, -16, -14, -14, -14, -12, -12, -11, -10, -15, -11, -16, -11, -7, -11, -16, -16, -12, 3, -14, -16, -19, -20, -21, -18, 65, 37, -34, -11, -17, -8, -10, -1, 1, 11, 21, 39, 70, 90, 81, 41, 0, -18, -17, -17, -23
target_str: -37, -38, -42, -37, -19, 69, 0, -46, -21, -20, -13, -19, -4, 0, 15, 29, 59, 87, 83, 54, 15, -9, -10, -6, -17
mse: 0.015749717889617768
----------------------
pred_str: 74, -42, -15, -18, -12, -13, -5, -1, 1, 13, 34, 58, 75, 80, 52, 15, -4, -10, -14, -15, -15, -13, -10, -8, -7, -6, -5, -10, -7, -8, -12, -16, -15, -13, -16, -8
target_str: -21, -45, -11, -17, -5, -6, 3, 4, 17, 33, 63, 81, 84, 62, 22, 3, -7, -11, -8, -11, -5, -8, -7, -5, -5
mse: 0.008143873722281066
----------------------
pred_str: -4, -3, -2, -2, -2, -2, -3, 0, 0, -2, -5, -2, -4, -6, -3, -5, -7, -4, -6, -3, -6, -6, -4, -4, -3, -3, -3, -4, -4, -4, -3, -5, -5, -6, -3, -3, -5, -6, -11, -4, -2, -5, -5, -5, -2, 1, 1, 4, 11, 28, 65, 103, 84, 39, 16, 2, -3, -1, -2, -2, -3, -4
target_str: -4, -2, -3, -1, 7, 9, -3, -7, -12, -7, -22, 49, 21, -72, -19, -17, -12, -12, -5, -1, 0, 20, 43, 82, 98
mse: 0.016430460772285577
----------------------
pred_str: -1, -14, -11, -17, -20, 128, -10, -47, -12, -15, -5, -9, 2, -1, 5, 16, 26, 41, 51, 54, 50, 25, -2, -9, -15, -11, -12
target_str: -5, -14, -16, -5, 83, -41, -55, -10, -15, -6, -4, -3, 3, 10, 23, 38, 55, 68, 67, 53, 23, 2, -2, -7, -9
mse: 0.029119950092262075
----------------------
pred_str: -92, -92, -92, -92, -92, -92, -92, -92, -92, -92, -92, -92, -92, -92, -92, -92, -92, -92, -92, -92, -92, -92, -92, -92, -92, -92, -92, -92, -92
target_str: -92, -92, -92, -92, -92, -92, -92, -92, -92, -92, -92, -92, -92, -92, -92, -92, -92, -92, -92, -92, -92, -92, -92, -92, -92
mse: 0.0
----------------------
pred_str: -2, -2, 3, 13, 26, 41, 58, 71, 75, 57, 20, -1, -14, -15, -14, -13, -12, -12, -12, -13, -12, -13, -14, -11, -10, -12, -14, -14, -17, -15, -17, -13, -23, -21, -37, 94, 24, -75, -21, -20, -9, -5, -1, 3, 13, 29, 50, 68, 77, 63, 26, -7, -15, -16, -16, -16, -16, -17, -17, -17, -15, -15, -15, -17, -14, -12, -11, -14, -14, -17, -16, -15, -19, -19
target_str: 0, 4, 13, 27, 49, 70, 75, 59, 23, -1, -15, -15, -12, -19, -13, -12, -11, -16, -11, -15, -11, -16, -17, -12, -5
mse: 0.0029941238533097675
----------------------
