pred_str: 1, -4, -10, -12, -10
target_str: 1, 4, 7, 13, 25
mse: 0.011353821906557034
----------------------
pred_str: 2, 11, 14, 12, 19
target_str: -19, -10, -5, -8, 7
mse: 0.009074925167510555
----------------------
pred_str: 1, -2, -6, -3, -1
target_str: 92, -15, -4, -9, -6
mse: 0.11723576783329406
----------------------
pred_str: 1, -7, -6, -7, -6
target_str: -7, -6, -3, -3, -4
mse: 0.0028600104243089812
----------------------
pred_str: -12, -12, -11, -12, -12
target_str: -11, -5, -18, -18, -21
mse: 0.00029504545646266597
----------------------
pred_str: 6, 4, -7, -12, -8
target_str: -7, -8, -9, -8, 7
mse: 0.004101733634267833
----------------------
pred_str: 14, -14, -12, -12, -10
target_str: -21, -45, -11, -17, -5
mse: 0.007049158611957417
----------------------
pred_str: 39, 38, 36, 33, 25
target_str: 34, 14, 0, -10, -11
mse: 0.02336937752225019
----------------------
pred_str: 0, 0, 3, 7, 13, 18
target_str: -1, -2, 1, 6, 14
mse: 0.00019149855721662762
----------------------
pred_str: 1, -17, -11, -1, -16
target_str: -12, -15, -7, -5, -22
mse: 0.00018071376321915738
----------------------
pred_str: 2, -3, -3, 4, 3
target_str: -11, -12, -7, -11, -10
mse: 0.0017572600928308132
----------------------
pred_str: -1, 0, 7, 1, 11
target_str: 2, -5, -4, -8, -8
mse: 0.0008131407206224026
----------------------
pred_str: -10, -10, -10, -10, -11
target_str: -9, -11, -10, -5, -5
mse: 0.00042785899593843847
----------------------
pred_str: 1, -6, -8, -9, -9
target_str: -2, 2, 9, 19, 31
mse: 0.05093548062768214
----------------------
pred_str: 6, 4, 4, 3, 5
target_str: -4, -2, -3, -1, 7
mse: 0.0005746680642732789
----------------------
pred_str: 12, 11, 10, 9, 8
target_str: 14, 11, 8, 4, 5
mse: 0.0008401096312038737
----------------------
pred_str: 2, 4, 3, 5, 6
target_str: -2, -2, 0, 0, -2
mse: 0.0022590990527313407
----------------------
pred_str: 42, 40, 33, 20, 11
target_str: 29, -7, -21, -20, -26
mse: 0.011018924376599373
----------------------
pred_str: 1, -7, -23, -10, -26
target_str: -6, -9, -10, -8, 3
mse: 0.005462242169246841
----------------------
pred_str: 90, 89, 88, 87, 86
target_str: -92, -92, -92, -92, -92
mse: 9.567985436737844e-05
----------------------
pred_str: 13, 17, 25, 32, 52
target_str: 8, 49, -51, -31, -7
mse: 0.019791218036846817
----------------------
pred_str: 6, 10, 7, 10, 10
target_str: -1, 4, 9, 18, 26
mse: 0.0026608270207127407
----------------------
pred_str: 0, 4, 7, 13, 19
target_str: -7, -8, -9, -4, -3
mse: 0.010546392426545934
----------------------
pred_str: 1, -8, -15, -17, -17
target_str: -14, -16, -14, -12, -14
mse: 0.0018468255221903093
----------------------
pred_str: 6, 6, 0, -13, -3
target_str: -15, -4, -8, -3, -3
mse: 0.0025149561235689446
----------------------
pred_str: 2, 3, 2, 3, 2
target_str: 21, 105, -6, -3, -3
mse: 0.04880818852804709
----------------------
pred_str: 1, -1, -1, -1, 1
target_str: 0, 4, 13, 27, 49
mse: 0.005099593472499399
----------------------
pred_str: 1, -6, -13, -10, -12
target_str: -12, -5, -6, -13, -18
mse: 0.0006357062022002995
----------------------
pred_str: 1, 5, 4, 0, -2
target_str: -16, 72, -56, -26, -25
mse: 0.02021892778556861
----------------------
pred_str: 5, -17, -17, -6, -11
target_str: -11, -2, 6, 11, 16
mse: 0.0019437760285814932
----------------------
pred_str: 14, 10, 7, 4, 3
target_str: 20, 24, 33, 43, 52
mse: 0.042142681616022415
----------------------
pred_str: 1, 1, 1, 1, 1
target_str: 16, 23, 21, 3, -4
mse: 0.006731674676371989
----------------------
pred_str: 3, 2, -7, -4, -1
target_str: -4, 0, 4, 16, 26
mse: 0.012106667088997694
----------------------
pred_str: 1, -1, -1, -1, -1
target_str: -18, -10, -17, -8, -8
mse: 0.004573045773745541
----------------------
pred_str: -7, -7, -8, -6, -9
target_str: -7, -7, -13, -4, -7
mse: 0.0002782201919380172
----------------------
pred_str: 1, -3, -2, -16, -11
target_str: -1, -3, -7, -23, -9
mse: 0.0007223279315518104
----------------------
pred_str: 0, 6, 12, 28, 36
target_str: -7, -6, -3, -4, -7
mse: 0.03472872587092348
----------------------
pred_str: 149, 10, -7, -1, -6
target_str: -2, -6, -2, -3, -3
mse: 0.15380681723827458
----------------------
pred_str: 0, 4, 5, 4, 0
target_str: -6, -6, -5, -5, -5
mse: 0.007262027277528361
----------------------
pred_str: 3, -1, -8, -13, -6
target_str: -1, 1, 9, -2, -9
mse: 0.0026185900535607137
----------------------
pred_str: 2, 2, 2, 2, 1
target_str: 20, 31, 25, 13, 0
mse: 0.011271935498065513
----------------------
pred_str: 2, 6, 13, 18, 32
target_str: -12, -19, -17, -18, -17
mse: 0.01459720064632325
----------------------
pred_str: 100, 50, -11, 4, -5
target_str: -9, -8, -10, -10, -13
mse: 0.07206221627366924
----------------------
pred_str: 21, -23, -25, -23, -23
target_str: -37, -38, -42, -37, -19
mse: 0.007546609124925219
----------------------
pred_str: 117, 98, 53, 22, 6
target_str: -28, -10, -8, -3, 0
mse: 0.04764773952130406
----------------------
pred_str: 2, 4, 3, 6, 0
target_str: -17, -9, -33, 32, 64
mse: 0.101739423588545
----------------------
pred_str: 1, -3, 1, -2, -1
target_str: -5, -6, -9, -8, -6
mse: 0.0016658885747599622
----------------------
pred_str: 1, -2, -9, -12, -13
target_str: -5, -14, -16, -5, 83
mse: 0.02945439114614392
----------------------
pred_str: 1, 4, -1, -14, -21
target_str: 0, 5, 5, -11, 1
mse: 0.0025032091221094946
----------------------
pred_str: 3, 3, 4, 4, 3
target_str: -10, -14, -25, -18, -35
mse: 0.034085665711268386
----------------------
