pred_str: -10, -14, -10, -2, 0, 1, 10, 23, 46, 59, 37, 12, -14, -23, -24, -23, -21, -17, -16, -7, 0, -19, -16, -36, 46, -101, -21, -34, -23, -12, 4
target_str: -6, -9, -10, -8, 3, -1, 0, -16, -10, -22
mse: 0.02920021493288096
----------------------
pred_str: -1, -11, -11, -11, -12, -11, -11, -12, -12, -11, -13, -13, -13, -14, -13, -13, -12, -14, -13, -14, -13, -14, -13, -14, -15, -14, -15, -15, -14, -14, -13, -12, -13, -13, -13, -13, -13, -13, -13, -13, -13, -13, -14, -13, -14, -13, -14, -14, -13, -13
target_str: -12, -19, -17, -18, -17, -17, -15, -10, -11, -9
mse: 0.00047956842285816524
----------------------
pred_str: -26, -14, -10, 1, -18, -15, -20, -14, -16, -18
target_str: 8, 49, -51, -31, -7, -2, -5, 2, 13, 23
mse: 0.007710603090152266
----------------------
pred_str: 36, -10, -14, -15, -12, -17, -18, -19, -20, -22, -23, -23, -20
target_str: 29, -7, -21, -20, -26, -25, -24, -25, -27, -28
mse: 0.00036605285506190584
----------------------
pred_str: -5, -1, 10, -10, -12, -16, -27, 80, -22, -25, -23, -19, -12, -10
target_str: 0, 5, 5, -11, 1, -23, 26, 87, -36, -6
mse: 0.00876830313959258
----------------------
pred_str: 14, 25, 36, 44, 47, 40, 21, 3, -10, -15, -12, -10, -8, -7, -6, -4, -4, -6, -1, -3, -5, -10, 30, 73, -43, -14
target_str: 14, 11, 8, 4, 5, -3, 23, 103, -5, -26
mse: 0.16345132979482035
----------------------
pred_str: -3, -3, -5, -3, -2, -3, -4, -4, -3, -2, -5, -3, -2, 0, 4, -3, -7, -13, -13, 85, 57, -11, -7, -11, -11, -10, -11, -10, -10, -10, -10, -11, -10, -10, -10, -10, -11, -10, -10, -10, -10, -10, -10
219 *Half of 121, -33, -34, -27, -30, -28, -32, -27, -27, -30
target_str: -2, -2, 0, 0, -2, -1, -2, -1, -2, -2
mse: 0.00040663782949164134
----------------------
pred_str: -5, -1, 1, 6, 18, 31, 43, 41, 21, -4, -11, -15, -12, -10, -10, -9, -10, -10, -11, -10, -12, -12, -11, -12, -12, -11, -12, -5, -2, 0, -7, -10, -18, 125, -17, -12, -13
Q     11, 5, 3, 24, 42, 45, 28, -3, -9, -14, -13
target_str: 1, 4, 7, 13, 25, 35, 45, 38, 18, -3
mse: 0.0006029946269029384
----------------------
pred_str: -23, -35, -16, -2, 0, 5, 14, 24, 27, 47, 68, 79, 52, 2, -13
target_str: -12, -15, -7, -5, -22, -34, -18, -12, -27, -32
mse: 0.005283815487650589
----------------------
pred_str: -3, -1, 2, 0, 1, 11, 18, 17, 10, -2, -7, -11, -15
target_str: -1, 1, 9, -2, -9, -9, -11, -12, 10, 92
mse: 0.03304255034555712
----------------------
pred_str: 14, 21, 27, 31, 37, 33, 15, -8, -11, -10, -9, -10, -11, -9, -10, -11, -10, -11, -10
target_str: -1, 4, 9, 18, 26, 36, 40, 26, 3, -7
mse: 0.01015863421232994
----------------------
pred_str: 0, 11, -17, -67, -51, -44, -47, -36, -24, -10, -3, 3, 7, 15, 23, 42, 65, 64, 41, 19, 7, 2, 4, 5, 5, 6, 6, 8, 10, 9, -2, -2, -15, 0, -41, -62, -53, -47, -46, -33, -18, -1, 0, -12, -20, -25, -16
target_str: -10, -14, -25, -18, -35, 19, 42, -99, -43, -29
mse: 0.10576907765720048
----------------------
pred_str: 0, 11, 15, 27, 39, 55, 62, 51, 17, -16, -28, -25, -21, -16, -20, -16, -17, -18, -17, -18, -15, -18, -14, -11, -3, -10, -13, -16, -22, -15, -29
*In [x] the number of the color in the color sequence that is the same as the first one in the EGCD data
target_str: 0, 4, 13, 27, 49, 70, 75, 59, 23, -1
mse: 0.0006717289287038481
----------------------
pred_str: 37, 1, -4, -10, -10, -9, -9, -7, -8, -7, -9, -10, -9, -10
target_str: 34, 14, 0, -10, -11, -9, -11, -10, -5, -6
mse: 0.0005052086770974357
----------------------
pred_str: -2, 0, 1, 10, 17, 16, 11, -2, -4, -4, -6
target_str: -1, -2, 1, 6, 14, 16, 12, 4, -1, -3
mse: 0.0006702449502581962
----------------------
pred_str: -7, -9, -9, -11, -10, -9, -12, -12, -11, -12, -11, -12, -13, -13
target_str: -9, -11, -10, -5, -5, 0, -3, -12, -10, -17
mse: 0.0008760922297787073
----------------------
pred_str: -24, 20, 60, 76, 60, -32, -15, -28, -23, -20, -19, -25, -22, -16, -19, -19
target_str: -16, 72, -56, -26, -25, -19, -12, -13, -4, 9
mse: 0.03740596584684816
----------------------
pred_str: -14, -15, 93, -41, -19, -15, -14, -10, 0, 3, 6, 14, 29, 44, 61, 59, 49, 22, -2, -10, -13, -13, -13, -12, -11, -10, -9, -10, -11, -12, -13, -13, -11, -12, -14, -12, -14, -9
target_str: -5, -14, -16, -5, 83, -41, -55, -10, -15, -6
mse: 0.04083717618039736
----------------------
pred_str: 1, 7, 14, 25, 36, 40, 33, 12, -2, -3, -3, -3, -3, -4, -4, -5, -3, -5, -4, -5, -5, -5, -6, -4
target_str: -2, 2, 9, 19, 31, 36, 35, 19, 4, -4
mse: 0.0020960339806730083
----------------------
pred_str: -1, -12, -16, -15, -12, -11, -10, -9, -7, -10, -11, -12, -14, -15, -16, -17, -19, -18, -17, -17, -19, -19, -19, -20, -19, -20, -19, -18, -19, -18, -19
target_str: -11, -12, -7, -11, -10, -5, -11, -6, -5, 0
mse: 0.0004672714337754662
----------------------
pred_str: -3, -12, -10, -2, 3, 7, 17, 34, 64, 90, 90, 56, 21, -4, -17, -16, -16, -14, -16, -11, -12, -12, -11, -9, -13, -10, -11, -9, -12, -13, -11, -10, -8, -16, -12, -15, -14, -10, -10, -2, -4, -2, -11, -19, -24, -16, -30
target_str: -28, -10, -8, -3, 0, 3, 22, 31, 42, 73
mse: 0.0009421324773843668
----------------------
pred_str: -1, -1, 0, 2, -2, -1, -1, 1, 0, -1, 0, -2, 0, -1, -3, -3, -1, 1, 0, 0, -2, -4, -3, -14, -12, 51, 55
target_str: 2, -5, -4, -8, -8, -8, -9, -2, 3, 3
mse: 0.0002206512508221595
----------------------
pred_str: -10, -16, -10, -16, -11, 2, -3, 14, 17, 12, 36, 46, 40, 29, 14
target_str: -19, -10, -5, -8, 7, -85, -67, 1, -12, 7
mse: 0.033592965855110415
----------------------
pred_str: -6, -8, -9, -8, -8, -8, -9, -10, -10, -11, -10, -11, -9, -10, -10, -10
target_str: -7, -6, -3, -4, -7, -6, -7, -7, -6, -7
mse: 0.000564566038922639
----------------------
pred_str: 2, -1, -17, -16, 16, 57, -39, -18, -11, -9, -1, 0, 7, 14, 23, 40, 50, 39, 18, -2, -10, -8, -9, -7, -6, -5, -5, -8, -11, -10, -11, -10, -11, -13, -14, -13
target_str: -1, -3, -7, -23, -9, -13, 83, 24, -43, 0
mse: 0.10324004094862467
----------------------
pred_str: 15, 21, 20, 20, 20, 19, 19, 15, 9, 0, -1, -1, -4, -9, -13, -16, -20, -23, -24, -23, -23, -22, -22, -22, -22, -22, -21, -20, -19, -18, -17, -16, -16, -15, -15, -15, -15, -15, -16, -15, -15, -14, -14, -14, -14, -13, -12, -12, -12, -12, -12, -12, -12, -12
target_str: 20, 24, 33, 43, 52, 48, 34, 23, 23, 21
mse: 0.015369427260170493
----------------------
pred_str: -50, -100, -88, -94, -90, -93, -91, -92, -92, -92, -92, -92
target_str: -92, -92, -92, -92, -92, -92, -92, -92, -92, -92
mse: 5.474675945840369e-07
----------------------
pred_str: -21, -14, -10, -3, 0, 2, 14, 29, 31, 28, 17, -4, -12, -17, -14
target_str: -14, -16, -14, -12, -14, -11, -10, -5, -1, -2
mse: 0.011887514279407065
----------------------
pred_str: -5, -3, -1, 1, -2, 2, 4, 10, 65, 101, 101, 83, 42, 15, -1, 0, -2, -5, -4, -4, -6, -7, -10, -13, -11, -13, -14, -12, -11, -11, -13, -13, -9, -13, -8, -10, -5, -10
target_str: -4, -2, -3, -1, 7, 9, -3, -7, -12, -7
mse: 0.025328845340201033
----------------------
pred_str: -11, -7, -5, -4, -2, -1, 0, 1, 4, 9, 16, 24, 35
target_str: -11, -5, -18, -18, -21, -9, -16, -33, -26, -26
mse: 0.00295796729615696
----------------------
pred_str: -12, -14, -13, -13, -11, -14, -10, -13, -11, -13, -10, -12, -14, -12, -13, -14
target_str: -9, -8, -10, -10, -13, -11, -8, -7, -11, -12
mse: 0.0002718715111575939
----------------------
pred_str: 20, 30, 27, 11, -2, -4, -5, -3, -1, -1, -1, 0, -2, 0, 0, 0, -2, -3, -4, -5, -2, -4, -4, -3, -2, -1, -4, -2, -2, -4, -5, -2, 0, -4
target_str: 20, 31, 25, 13, 0, -4, -6, -7, -6, -7
mse: 0.0002824190887455842
----------------------
pred_str: 6, 14, 18, 27, 30, 18, 0, -6, -5, -10, -13, -11, -12, -12, -12, -8, -10, -9, -10, -10, -11, -10, -10, -7, -10, -9, -10
target_str: 16, 23, 21, 3, -4, -11, -14, -15, -9, -8
mse: 0.009050494072802413
----------------------
pred_str: -11, -10, -9, -8, -7, -6, -5, -4, -3, -2, -4, -2, -4, -2, -3, -1, 0, 1, 2, 12, 20, 37, 57, 70, 64, 34, 0, -12, -19, -14, -13, -12, -9, -7, -5
target_str: -12, -5, -6, -13, -18, -24, -23, -28, 104, -14
mse: 0.0156494492731051
----------------------
pred_str: -6, -7, -6, 1, 2, 5, 13, 29, 42, 44
target_str: -7, -8, -9, -8, 7, 9, -6, -20, -11, -13
mse: 0.03290575378817197
----------------------
pred_str: -2, -1, -6, -10, -11, -9, -10, 0, 13, 26, 30, 17, -6, -10, -15, -14, -13, -13, -12, -10, -11, -11, -11, -11, -10, -10, -11, -8, 2, 10, 12, -16, 0, -27, 38, 86, -41, -1, -20, -16, -15, -16, -16, -16, -15
target_str: -15, -4, -8, -3, -3, 6, 16, 33, 37, 27
mse: 0.00510482583379739
----------------------
pred_str: -3, -3, -2, 0, 2, 3, 10, 24, 41, 37, 14, -5, -8, -10, -10, -10, -10, -10, -11, -11, -10, -9, -10, -10, -10, -10, -10, -10, -10, -10, -10, -10, -10, -10, -10, -10, -10, -10, -10, -10, -10, -10, -10, -10, -10, -10
target_str: -4, 0, 4, 16, 26, 37, 46, 26, 3, -5
mse: 0.030392101341605103
----------------------
pred_str: -11, 1, 10, 28, 62, 80, 47, -2, -16, -29, -9, -17, -17, -10, -4, 0, -21, -10, -34, 4, 18, -73, -46, -13, -16, -19
target_str: -11, -2, 6, 11, 16, 66, 92, 82, 32, -1
mse: 0.007090277697944572
----------------------
pred_str: -8, -8, -7, -8, -8, -8, -8, -8, -8, -7, -7, -7, -8, -8, -8, -8, -8, -7, -8, -8, -7, -8, -7, -8, -8, -8, -8, -8, -8, -8, -8, -8, -8, -8
target_str: -7, -6, -3, -3, -4, -5, -11, -5, -20, 75
mse: 0.10583559852083821
----------------------
pred_str: -64, -11, -20, -17, -16, -17, -15, -12, -7, -6, -7, -7, -10, -7
target_str: -21, -45, -11, -17, -5, -6, 3, 4, 17, 33
mse: 0.009461376277336671
----------------------
pred_str: -1, -10, -15, -19, -22, -16, -14, -1, -1, 0, 8, 17, 29, 26, 22, 17, 0, -5, -11, -12, -11, -10, -11, -11, -12, -12, -12, -11, -12, -13, -13, -12, -12, -13, -14, -14, -12, -15, -15, -17, -17
target_str: -17, -9, -33, 32, 64, -16, -7, -13, -7, -7
mse: 0.08369833150024589
----------------------
pred_str: -13, -12, -24, -10, -11, -2, 0, 14, 18, 27, 30, 21, 4, -1, -13, -13, -11, -10, -7, -6, -7, -7, -6, -6, -10, -8, -7, -9, -9, -5, -10, -10, -11, -8, -11, -12, -11, -2, 0, -13, -11, -11, -25, -13, 68
target_str: 21, 105, -6, -3, -3, -3, -1, 2, 9, 14
mse: 0.03513382827101571
----------------------
pred_str: -4, -5, 0, -1, -4, -5, 0, 3, 11, 19, 26, 32, 29
target_str: -18, -10, -17, -8, -8, 2, 14, 19, 20, 15
mse: 0.003369461490328845
----------------------
pred_str: -3, -5, -4, -3, -4, -1, -2, -3, -1, 0, 0, -2, -4, -1, -5, -7, -6, -5, -7, -7, -6, -8, -6, -8, -5, -6, -5, -8, -7, -10, 67, 39, -11, -11, -13, -7, -7, -7, -6, -2, 0, 6, 5, 3, -4, -7, -6, -6, -5, -7, -6, -7, -6, -7, -6, -6, -7, -7, -7, -6, -7, -5, -6, -7, -8, 86, 38, -12, -12, -14, -10, -10, -10, -8, -1, 0, 6, 5, 2, -3, -9, -7, -6, -7, -7, -6, -8, -7, -7, -7, -7, -7, -7, -6, -7, -7, -7, -7, -6, -7, -10, 65, 38, -11, -13, -11, -12, -11, -11, -7, 0, 6, 5, 2, -3, -9, -6, -6, -6, -6, -6, -7, -6, -6, -6, -7, -7, -6, -6, -7, -7, -7, -7, -6, -7, -7, -6, -10, 70, 39, -12, -12, -13, -11, -12, -11, -7, 0, 6, 5, 2, -3, -9, -6, -6, -6, -6, -6, -6, -6,
target_str: -6, -6, -5, -5, -5, -5, -4, -3, 0, 1
mse: 0.00040344595986268667
----------------------
pred_str: -42, -13, -10, 0, 2, 12, 31, 29, 24, 5, 1, 1, 0, -4, -6, -7, -6, -6, -6, -6, -6, -6, -6, -6, -6, -6, -6, -7, -6, -6, -6, -6, -6, -5, 0, 4, -1, -9, -4, -12, 42, 121, -13, 0, -10, -5, -5, -6, -6, -6, -6, -6, -6, -6, -6, -6, -6, -6, -6, -6
target_str: 92, -15, -4, -9, -6, -7, -4, -2, 0, 3
mse: 0.1464104703628008
----------------------
pred_str: -20, -22, -17, -15, -10, -5, 1, 2, 16, 37, 64, 89, 99, 86, 26, -1, -11, -16, -14, -14
target_str: -37, -38, -42, -37, -19, 69, 0, -46, -21, -20
mse: 0.013039581096783992
----------------------
pred_str: -6, -7, -6, -6, -6, -7, -8, -4, -3, 0, -4, -11, -9, -12, -13, 36, 73, -17, -10, -10, -9, -9, -10, -9, -11, -10, -9, -8, -2, -2, -11
target_str: -5, -6, -9, -8, -6, -2, 1, -9, -13, -14
mse: 0.0017871911408832604
----------------------
pred_str: -5, -3, -3, -3, -1, 0, 4, 15, 20, 19, 13, 4, -2, -5, -6, -3, -3, -3, -4, -5, -4, -6, -4, -4, -4, 0, -6, -12, -24, 52, 63, -34, -4, -10, -8, -7, -7, -6, 0, 12, 23, 20, 19, 8, 0, -7, -10, -12, -5, -4
target_str: -7, -8, -9, -4, -3, -8, -5, -2, 0, -8
mse: 0.007046750749815675
----------------------
pred_str: -11, -13, -11, -9, -10, -10, -8, -8, -9
target_str: -2, -6, -2, -3, -3, -4, -3, -4, -4, -5
mse: 0.0014085361266895466
----------------------
pred_str: -7, -10, -12, -10, -12, -12, -10, -12, -10, -9, -10, -11, -11, -12
target_str: -7, -7, -13, -4, -7, -7, -11, -7, -2, 6
mse: 0.0017325530134321987
----------------------
