pred_str: -2, -2, 0, 0, 0
target_str: 1, 4, 7, 13, 25
mse: 0.004576574604186404
----------------------
pred_str: -1, -2, 0, 1, 0
target_str: -19, -10, -5, -8, 7
mse: 0.0027575178320974995
----------------------
pred_str: 11, 11, 0, -1, -1
target_str: 92, -15, -4, -9, -6
mse: 0.10108573193564822
----------------------
pred_str: -5, -7, -7, -6, -6
target_str: -7, -6, -3, -3, -4
mse: 0.0010344718556011207
----------------------
pred_str: -2, 5, 10, -2, 5
target_str: -11, -5, -18, -18, -21
mse: 0.0025912094023596175
----------------------
pred_str: -11, -7, -12, -9, -6
target_str: -7, -8, -9, -8, 7
mse: 0.0014407523159793826
----------------------
pred_str: -15, 3, -20, -10, -15
target_str: -21, -45, -11, -17, -5
mse: 0.0080984969301433
----------------------
pred_str: 38, 40, 34, 33, 29
target_str: 34, 14, 0, -10, -11
mse: 0.024551287730138687
----------------------
pred_str: -5, 0, 4, 11, 16
target_str: -1, -2, 1, 6, 14
mse: 0.0010097196653240357
----------------------
pred_str: -11, -18, -21, -23, -21
target_str: -12, -15, -7, -5, -22
mse: 0.00039817015879407695
----------------------
pred_str: -12, 2, -12, -11, -9
target_str: -11, -12, -7, -11, -10
mse: 0.0005937409101534415
----------------------
pred_str: -4, -4, -5, -3, -2
target_str: 2, -5, -4, -8, -8
mse: 0.00013484243105798638
----------------------
pred_str: -9, -9, -10, -9, -8
target_str: -9, -11, -10, -5, -5
mse: 0.00019695096638436063
----------------------
pred_str: -4, 0, 4, 11, 22
target_str: -2, 2, 9, 19, 31
mse: 0.003301717243891995
----------------------
pred_str: -6, -3, 0, 2, 5
target_str: -4, -2, -3, -1, 7
mse: 7.5687988953066e-05
----------------------
pred_str: 18, 44, 72, -22, -15
target_str: 14, 11, 8, 4, 5
mse: 0.12555638464444566
----------------------
pred_str: -4, -3, -4, -4, -3
target_str: -2, -2, 0, 0, -2
mse: 0.0005723050933586062
----------------------
pred_str: -54, -11, -56, -17, -15
target_str: 29, -7, -21, -20, -26
mse: 0.01101492379894842
----------------------
pred_str: -13, 1, -10, -17, -16
target_str: -6, -9, -10, -8, 3
mse: 0.0030254780899952047
----------------------
pred_str: -92, -92, -92, -92, -92
target_str: -92, -92, -92, -92, -92
mse: 0.0
----------------------
pred_str: -15, -20, -25, -18, -13
target_str: 8, 49, -51, -31, -7
mse: 0.008555629177259664
----------------------
pred_str: -10, 0, 10, 2, 13
target_str: -1, 4, 9, 18, 26
mse: 0.003402475627952967
----------------------
pred_str: -1, 1, 1, 3, 4
target_str: -7, -8, -9, -4, -3
mse: 0.0027185872457953916
----------------------
pred_str: -18, -17, -14, -13, -13
target_str: -14, -16, -14, -12, -14
mse: 0.00010830149667165388
----------------------
pred_str: -4, 1, 12, 26, 36
target_str: -15, -4, -8, -3, -3
mse: 0.010373748095515589
----------------------
pred_str: -9, -10, -10, -10, -10
target_str: 21, 105, -6, -3, -3
mse: 0.06381816312680096
----------------------
pred_str: -1, -1, 0, -1, -1
target_str: 0, 4, 13, 27, 49
mse: 0.005359965465506165
----------------------
pred_str: -13, -8, -12, -10, -8
target_str: -12, -5, -6, -13, -18
mse: 0.0003732365959888121
----------------------
pred_str: -33, 0, -24, 1, -16
target_str: -16, 72, -56, -26, -25
mse: 0.01541685331620055
----------------------
pred_str: -25, 0, 12, -42, -37
target_str: -11, -2, 6, 11, 16
mse: 0.005610880114061173
----------------------
pred_str: 19, 25, 24, 23, 25
target_str: 20, 24, 33, 43, 52
mse: 0.01057493377197084
----------------------
pred_str: -1, 4, -1, -1, -1
target_str: 16, 23, 21, 3, -4
mse: 0.006855897144037906
----------------------
pred_str: -2, -1, -2, -1, -2
target_str: -4, 0, 4, 16, 26
mse: 0.010350596421445458
----------------------
pred_str: -1, -4, -2, -11, -9
target_str: -18, -10, -17, -8, -8
mse: 0.0032172181322832954
----------------------
pred_str: -8, -8, -9, -7, -7
target_str: -7, -7, -13, -4, -7
mse: 0.0002276347024947415
----------------------
pred_str: 0, 0, 0, 0, 0
target_str: -1, -3, -7, -23, -9
mse: 0.005893138856197089
----------------------
pred_str: -9, -6, -8, -7, -6
target_str: -7, -6, -3, -4, -7
mse: 0.0004115528134202417
----------------------
pred_str: -1, -1, -1, -1, -1
target_str: -2, -6, -2, -3, -3
mse: 0.00023309108479496035
----------------------
pred_str: -4, -6, -5, -3, -3
target_str: -6, -6, -5, -5, -5
mse: 0.00025480797465011795
----------------------
pred_str: -3, 1, 10, 16, 19
target_str: -1, 1, 9, -2, -9
mse: 0.006638931046954609
----------------------
pred_str: 17, 29, 24, 12, 4
target_str: 20, 31, 25, 13, 0
mse: 0.000192417401123365
----------------------
pred_str: -1, 0, 1, 1, 0
target_str: -12, -19, -17, -18, -17
mse: 0.003922761930794879
----------------------
pred_str: -4, -11, -12, -13, -13
target_str: -9, -8, -10, -10, -13
mse: 0.00021842668417789598
----------------------
pred_str: -19, -21, -24, -21, -17
target_str: -37, -38, -42, -37, -19
mse: 0.0022086286363167456
----------------------
pred_str: 113, 52, -19, -12, -16
target_str: -28, -10, -8, -3, 0
mse: 0.03108265989165914
----------------------
pred_str: -14, -10, -1, 0, 1
target_str: -17, -9, -33, 32, 64
mse: 0.09293475385998193
----------------------
pred_str: -1, -3, -1, -4, -10
target_str: -5, -6, -9, -8, -6
mse: 0.0009785073667279388
----------------------
pred_str: 22, 18, -1, -8, -4
target_str: -5, -14, -16, -5, 83
mse: 0.02964674128845074
----------------------
pred_str: -7, 1, 2, 29, 30
target_str: 0, 5, 5, -11, 1
mse: 0.011856065804341578
----------------------
pred_str: -2, 3, 1, 2, 2
target_str: -10, -14, -25, -18, -35
mse: 0.029554289637474102
----------------------
