pred_str: 2, 8, 16, 29, 39, 40, 23, 3, -5, -8, -9, -9, -8, -6, -6, -7, -8, -8, -10, -12, -12, -12, -12, -12, -10, -14, -17, -14, -16, -16, -16, -17, -21, 43, 82, -23, -12, -12, -3, -3, 2, 9, 18, 29, 38, 38, 21, 5, -6, -7, -8, -7, -7, -6, -6, -5, -5, -6, -7, -8, -7, -8, -9, -7, -8, -10, -11, -14, -11, -16, 42, 93, -19
target_str: -2, 2, 9, 19, 31, 36, 35, 19, 4, -4, -6, -9, -8, -10, -9, -10, -9, -10, -9, -10, -10, -9, -10, -9, -10, -8, -9, -6, -8, -12, -11, -12, -10, -13, 8, 105, -1, -25, -5, -8, 0, -1, 1, 9, 17, 28, 35, 38, 25, 7
mse: 0.05632024757095093
----------------------
pred_str: -7, -9, -8, -8, -7, -5, -2, -3, -10, -10, -14, -10, -21, 43, 53, -23, -3, -13, -5, 0, 3, 11, 25, 32, 33, 20, 2, -4, -9, -11, -11, -9, -9, -8, -8, -9, -8, -8, -8, -4, -1, -11, -12, -19, -12, -29, 47, 52, -31, -1, -15, -4, -2, 3, 11, 26, 32, 32, 13, 3, -6, -11, -11, -11, -11, -10, -10, -10, -10, -9, -10, -9, -7, -6, -7, -8, -10, -12, -16, -14, -18
target_str: -5, -6, -9, -8, -6, -2, 1, -9, -13, -14, -19, -13, -24, 94, 27, -29, -4, -16, -6, -6, -1, 1, 14, 26, 32, 29, 14, -1, -8, -9, -7, -9, -9, -7, -9, -8, -10, -9, -12, -11, -8, -2, 0, -7, -14, -12, -19, -8, -24, 82
mse: 0.015934305085956457
----------------------
pred_str: 0, -19, -1, 104, 22, -1, -5, -5, -1, 0, 1, 12, 26, 29, 22, 13, -5, -10, -10, -11, -11, -6, -10, -11, -13, -11, -13, -12, -10, -8, -7, -10, -15, -12, -16, -16, -15, -16, -15, -13, -14, -13, -11, -11, -15, -12, -13, -12, -13, -11, -14, -12, -11, -13, -14, -14, -10, -12, -12, -13, -10, -13, -11, -11, -11, -12, -10, -12, -10, -10, -11, -11, -10, -12, -11, -12, -12, -13, -12, -11, -13, -11, -12, -13, -12, -11, -10, -13, -10, -12
target_str: -17, -9, -33, 32, 64, -16, -7, -13, -7, -7, -2, 2, 9, 21, 27, 21, 10, -1, -2, -4, -8, -5, 2, 0, 0, 3, 0, 0, -2, -2, 0, 4, 5, -4, -4, -4, -2, -14, 78, 35, -7, 0, -2, 1, 1, 1, 10, 17, 23, 25
mse: 0.0427358006177103
----------------------
pred_str: 0, 2, 8, 14, 22, 30, 35, 24, 2, -6, -11, -10, -11, -8, -10, -10, -11, -11, -12, -13, -12, -13, -12, -11, -11, -9, 0, 3, -13, -11, -17, -18, 91, 21, -26, 4, -11, 1, 1, 6, 11, 18, 27, 35, 35, 21, 1, -6, -10, -10, -9, -10, -11, -11, -12, -12, -13, -12, -14, -13, -13, -11, -7, 2, 1, -11, -13, -18, -20
target_str: -1, 4, 9, 18, 26, 36, 40, 26, 3, -7, -11, -11, -10, -11, -9, -9, -8, -7, -10, -11, -12, -10, -9, -11, -13, -10, -10, -8, 0, 5, 0, -16, -9, -17, 10, 99, -29, -12, -5, -2, 0, 4, 6, 12, 21, 31, 41, 37, 18, 0
mse: 0.019118269842954845
----------------------
pred_str: -21, -23, -24, -21, -23, -23, -21, -21, -18, -17, -18, -15, -10, 0, 15, -11, -30, -38, 78, 35, -61, -14, -27, -1, -1, 1, 11, 29, 53, 60, 73, 67, 32, 2, -12, -12, -14, -16, -12, -14, -15, -16, -15, -15, -14, -12, -13, -10, 1, 11, -15, -25, -32, 83, 54, -67, -22, -22, -7, -4
target_str: 29, -7, -21, -20, -26, -25, -24, -25, -27, -28, -34, -32, -33, -31, -27, -25, -28, -36, -21, -4, 8, -4, -26, -12, -20, 104, -30, -56, -2, -8, -2, 5, 17, 32, 42, 49, 59, 65, 55, 29, 12, -2, -5, -1, -4, -3, -7, -4, -6, -10
mse: 0.011769966154271014
----------------------
pred_str: 1, -2, 2, 12, 25, 41, 48, 41, 11, -2, -12, -10, -11, -11, -10, -10, -10, -9, -8, -9, -10, -9, -10, -8, -11, -8, -13, -12, -13, -16, -11, 57, 23, -28, -4, -13, -8, -8, -4, -1, 0, 2, 11, 26, 41, 39, 28, 11, -3, -12, -11, -12, -10, -12, -11, -9, -9, -8, -10, -10, -10, -11, -11, -9, -11, -12, -11, -11, -16, -11, -20, -10, 49, 33, -16, -6, -13, -10, -10, -4, 0, 2, 8, 21, 40, 40, 32, 9, -2, -11, -10, -10, -11, -10, -10, -10, -10
target_str: -4, 0, 4, 16, 26, 37, 46, 26, 3, -5, -7, -6, -6, -12, -4, -6, -8, -7, -4, -3, -6, -11, -5, -9, -5, -7, -8, -2, 2, -3, -5, -9, -5, -16, -4, -20, 50, 72, -15, 1, -11, -5, -10, -2, -5, -3, 3, 12, 25, 36
mse: 0.02359638659955376
----------------------
pred_str: 37, 28, 5, -5, -10, -7, -8, -9, -9, -9, -7, -9, -9, -10, -10, -12, -11, -10, -12, -11, -12, -12, -13, -12, -11, 2, 10, -7, -25, -3, -29, 52, 51, -41, 1, -15, -7, -12, -8, -7, -4, 1, 10, 23, 33, 39, 42, 28, 1, -5, -9, -9, -8, -9, -8, -8, -8, -9, -9, -11, -11, -11, -12, -12, -12, -11, 0, 2, -1, -22, -5, -28, 57, 39, -38, 1, -17, -6, -11, -7, -6, -4, 0, 8, 20, 32, 41, 44, 31, 1, -4, -9, -8, -9, -9, -8, -7, -9, -9, -9, -10, -10, -11, -11
target_str: 34, 14, 0, -10, -11, -9, -11, -10, -5, -6, -4, -7, -8, -8, -6, -10, -10, -10, -1, 6, -2, -15, -13, -17, 5, 87, -12, -11, -12, -11, -10, -5, -4, -6, 0, 7, 12, 24, 35, 34, 20, 4, -3, -9, -11, -11, -11, -10, -10, -8
mse: 0.015397740790691663
----------------------
pred_str: 2, -5, -11, -13, -10, -14, -14, -16, -12, -13, -15, -13, -17, -15, -13, -12, -7, -12, -17, -17, -16, -20, -22, -17, 28, 73, -20, -5, -12, -11, -5, -3, 1, 10, 19, 29, 45, 61, 49, 24, -6, -13, -14, -16, -17, -15, -15, -15, -16, -16, -16, -17, -16, -16, -15
target_str: -2, -6, -2, -3, -3, -4, -3, -4, -4, -5, -2, -6, -6, -7, -4, -10, -7, -11, -6, -6, -6, -10, -4, -8, -8, -4, -8, -10, -8, -5, -2, 2, 0, -5, -14, -10, -11, -10, -1, 81, 28, -11, -1, -6, 0, 0, 7, 7, 14, 21
mse: 0.020976865682490475
----------------------
pred_str: -13, -12, -14, -12, -14, -12, 1, 1, -13, -13, -18, -15, -10, 60, 71, -40, -11, -10, -6, -4, -2, 4, 16, 38, 49, 55, 33, 1, -14, -13, -17, -11, -13, -12, -13, -10, -10, -13, -11, -13, -14, -11, -12, -13, -12, -14, 2, 1, -17, -17, -16, -13, 2, 100, 11, -28, -2, -16, -3, -6, -4, 1, 16, 34, 56, 60, 41, 5, -17, -14, -15, -11, -12, -10, -10, -9, -11, -11, -11
target_str: -11, -12, -7, -11, -10, -5, -11, -6, -5, 0, 6, 17, -7, -3, -10, 0, -9, 78, 80, -36, 5, -4, 5, 6, 2, 11, 19, 35, 56, 76, 59, 26, 4, -11, -10, -4, -7, -10, -8, -12, -10, -10, -20, -16, -15, -23, -15, -24, -13, -8
mse: 0.015636153556314415
----------------------
pred_str: -1, -10, -7, -4, -10, 0, 1, 0, 2, 1, 1, 1, 5, 7, 13, 13, 11, 8, 11, 20, 11, 6, 2, 2, 1, 1, 1, 1, 1, 1, 1, 1, 1, 1, 1, 1, 1, 1, 1, 1, 1, 1, 1, 1, 1, 1, 1, 1, 1, 1, 1, 1, 1, 1, 1, 1, 1, 1, 1, 1, 1, 1, 1, 1, 1, 1, 1, 1, 1, 1, 1, 1, 1, 1, 1, 1, 1, 1, 1, 1, 1, 1, 1, 1, 1, 1, 1, 1, 1, 1, 1, 1, 1, 1, 1, 1, 1, 1, 1, 1, 1, 1, 1, 1, 1, 1, 1, 1, 1, 1, 1, 1, 1, 1, 1, 1, 1, 1, 1, 1, 1, 1, 1, 1, 1, 1, 1, 1, 1, 1, 1, 1, 1, 1, 1, 1
target_str: -10, -14, -25, -18, -35, 19, 42, -99, -43, -29, -23, -22, -17, -9, 8, 31, 43, 29, 3, -17, -18, -24, -31, -24, -25, -30, -33, -35, -36, -35, -32, -23, -19, -12, -1, 5, 10, 8, 9, 19, 8, 114, 24, -40, 33, 25, 39, 40, 48, 53
mse: 0.06193936899004578
----------------------
pred_str: -14, -17, -22, -15, -16, -12, -14, 1, -16, -25, -21, -22, -17, 57, 39, -36, -13, -20, -11, -12, -1, 5, 12, 31, 57, 88, 103, 88, 37, 3, -14, -13, -11, -10, -10, -10, -9, -14, -14, -19, -15, -17, -17, -15, -19, -21, -11, -15, -24, -18, -14, -11, -18, 5, -16, -20, -21, -16, 66, 44, -35, -11, -13, -9, -5, 0
target_str: -37, -38, -42, -37, -19, 69, 0, -46, -21, -20, -13, -19, -4, 0, 15, 29, 59, 87, 83, 54, 15, -9, -10, -6, -17, -11, -4, -4, -6, -13, -6, -9, -18, -13, -10, -16, -7, 2, 1, -15, -16, -20, -26, 24, 88, -29, -19, -22, -14, -14
mse: 0.018935715438764072
----------------------
pred_str: -10, -16, -17, -14, -16, -16, -17, -17, -17, -14, -13, -11, -11, -14, -13, -15, -14, -10, -11, -14, -13, -10, -12, -10, -10, -11, -13, -14, -12, -11, -12, -9, -13, -11, -10, -11, -10, -10, -12, -14, -13, -14, -11, -14, -13, -10, -11, -13, -14, -13, -10, -10, -12, -12, -11, -10, -11, -11, -12
target_str: -21, -45, -11, -17, -5, -6, 3, 4, 17, 33, 63, 81, 84, 62, 22, 3, -7, -11, -8, -11, -5, -8, -7, -5, -5, -7, -9, -9, -17, -24, -19, -27, -21, -19, -24, -15, -15, -13, -6, -5, -18, -18, -17, -31, -22, -16, 70, 33, -70, -10
mse: 0.015647115372228227
----------------------
pred_str: -11, -11, -12, -7, -14, -11, -17, -19, -15, 88, 49, -23, -12, -12, -7, 1, 2, 7, 18, 26, 49, 63, 53, 29, -3, -13, -15, -17, -16, -11, -8, -11, -12, -10, -8, -11, -11, -10, -16, -20, -21, -20, -21, -16, -20, 23, 76, -20, -11, -12, -8, 1, 4, 11, 20, 25, 48, 61, 55, 31, -2, -16, -18, -17, -17, -15, -10, -8, -8, -11, -12, -13, -10, -12, -10, -16, -20, -20, -22, -19, -20
target_str: -11, -5, -18, -18, -21, -9, -16, -33, -26, -26, -24, -15, -28, 48, 96, -16, -13, -12, -10, -12, -7, -6, 0, 12, 32, 55, 61, 52, 25, 6, -3, -16, -13, -11, -10, -8, -11, -13, -11, -14, -15, -15, -10, -4, 3, -8, -16, -23, -16, -20
mse: 0.010433818144398492
----------------------
pred_str: -10, -11, -7, -10, -12, -10, -10, -12, -10, -11, -13, -13, -11, -11, -11, -10, -11, -13, -12, -12, -12, -11, -13, -12, -10, -12, -12, -13, -13, -15, -10, -16, -19, 24, 74, -12, -13, -17, -13, -18, -1, -4, 1, 7, 17, 28, 31, 24, 1, -10, -11, -13, -10, -10, -12, -10, -14, -12, -15, -13, -11, -12, -11, -12, -11, -14, -11, -10, -14, -13, -14, -10, -10, -13, -10, -15, -16, -15, 81, 58
target_str: -18, -10, -17, -8, -8, 2, 14, 19, 20, 15, -4, -16, -9, -13, -11, -15, -4, -5, -3, -5, -4, -6, -10, 2, -5, 0, 3, -6, -10, -6, -16, 20, 92, 5, -7, -6, 0, 5, -8, 6, 5, 16, 22, 38, 30, 15, 11, -6, -14, -17
mse: 0.017378722946708877
----------------------
pred_str: -8, -11, -12, -22, -1, 94, 22, -18, -3, -10, -4, -4, 0, 6, 12, 18, 16, 6, -2, -7, -8, -8, -8, -8, -7, -7, -8, -8, -7, -8, -8, -8, -8, -8, -7, -5, -5, -10, -6, -24, 54, 88, -14, -3, -10, -3, -4, 0, 6, 12, 19, 19, 8, -2, -6, -8, -7, -7, -7, -7, -7, -7, -7, -7, -7, -6, -6, -7, -8, -8, -11, -11, -19, -1, 100, 21, -16, -2, -11, -3, -4, 0, 6, 11, 20, 18, 7, -2, -6, -7, -7, -7, -7, -7, -7, -7, -7, -7, -7, -7, -6, -7, -7, -7, -7, -8, -7, -10, -10, -21, 48, 84
target_str: -7, -6, -3, -3, -4, -5, -11, -5, -20, 75, 72, -17, 1, -9, -3, -3, 0, 5, 11, 17, 22, 17, 3, -4, -5, -6, -6, -6, -4, -6, -5, -7, -5, -5, -6, -6, -7, -6, -7, -7, -7, -8, -7, -7, -5, -5, -3, -6, -6, -10
mse: 0.12965279171391347
----------------------
pred_str: 0, 0, -4, -4, -1, -1, -6, -1, -4, -3, -4, -4, -3, -1, 0, 2, 0, 1, 1, 0, 2, 1, 2, 2, 3, 2, 3, 2, 1, 0, 1, 1, 2, 2, 4, 5, 4, 4, 4, 1, 0, 0, 0, 0, 0, 0, 0, 0, 0, 0, 0, 0, 0, 0, 0, 0, 0, 0, 0, 0, 0, 0, 0, 0, 0, 0, 0, 0, 0, 0, 0, 0, 0, 0, 0, 0, 0, 0, 0, 0, 0, 0, 0
target_str: -9, -8, -10, -10, -13, -11, -8, -7, -11, -12, -14, -11, -9, -11, -3, -11, -13, -14, -8, -22, 54, 90, -13, -3, -10, 0, -3, -3, 3, 5, 19, 28, 36, 31, 10, -7, -6, -7, -11, -7, -7, -7, -6, -8, -5, -3, -5, -8, -3, -2
mse: 0.008023695111343347
----------------------
pred_str: 18, 14, 12, 10, 9, 8, 6, 1, 1, 0, 0, 0, 1, 0, 0, 0, 0, 0, 0, 0, 0, 0, 0, 0, 0, 0, 0, 0, 0, 0, 0, 0, 0, 0, 0, 0, 0, 0, 0, 0, 0, 0, 0, 0, 0, 0, 0, 0, 0, 0, 0, 0, 0, 0, 0, 0, 0, 0, 0, 0, 0, 0, 0, 0, 0, 0, 0, 0, 0, 0, 0, 0, 0, 0, 0, 0, 0, 0, 0, 0, 0, 0, 0, 0, 0, 0, 0, 0, 0, 0, 0, 0, 0, 0, 0, 0, 0, 0, 0, 0, 0, 0, 0, 0, 0, 0, 0, 0, 0, 0, 0, 0, 0, 0, 0, 0, 0, 0, 0, 0, 0, 0, 0, 0, 0, 0, 0, 0, 0, 0
target_str: 20, 24, 33, 43, 52, 48, 34, 23, 23, 21, 9, -2, -7, -14, -17, -20, -24, -26, -26, -28, -30, -31, -30, -26, -31, -30, -37, -28, -49, 61, 21, -40, -28, -38, -30, -34, -27, -27, -24, -16, -10, -3, -2, -6, -12, -16, -16, -14, -15, -12
mse: 0.03017171698306532
----------------------
pred_str: -2, 2, 10, 26, 40, 61, 72, 67, 30, 2, -17, -24, -24, -19, -19, -19, -18, -18, -17, -19, -16, -16, -16, -16, -14, -15, -10, -5, -10, -25, -12, -25, -23, -48, 103, 32, -83, -14, -22, -6, -8, -3, 7, 15, 27, 53, 71, 72, 57, 16, -9, -21, -21, -22, -16, -16, -17, -17, -19, -17, -17, -17, -17, -17, -15, -16, -15, -11, -1, -6, -22, -11, -26, -27, -55, 103, 70, -78, -22, -16, -5, -5, -2, 7, 16, 29, 55, 72, 78, 65, 15, 3, -17, -23, -24, -19, -16, -18, -18, -17
target_str: 0, 4, 13, 27, 49, 70, 75, 59, 23, -1, -15, -15, -12, -19, -13, -12, -11, -16, -11, -15, -11, -16, -17, -12, -5, 1, -8, -14, -20, -17, -22, -19, 122, -31, -46, -6, -12, 2, 1, 10, 12, 27, 41, 57, 79, 80, 47, 18, -4, -11
mse: 0.010496534842337884
----------------------
pred_str: -26, 3, -11, -32, -13, 21, 48, -39, -13, -12, -1, 13, 27, 34, 57, 86, 101, 85, 46, 12, -21, -26, -25, -18, -20, -21, -17, -17, -15, -16, -21, -16, -15, -21, -18, -17, -23, -20, -13, -1, -14, -23, -13, 24, 22, -49, -11, -5, -1, 2, 17, 21, 41, 61, 77, 99
target_str: 8, 49, -51, -31, -7, -2, -5, 2, 13, 23, 38, 51, 85, 85, 69, 28, -8, -19, -30, -28, -25, -14, -21, -17, -21, -16, -19, -30, -18, -21, -18, -19, -27, -19, -21, -3, -2, -18, -19, -26, 47, 43, -45, -3, -15, 7, 7, 17, 23, 28
mse: 0.010068496226072783
----------------------
pred_str: 5, 4, 1, -10, -14, -14, -10, 102, 52, -21, -7, -13, -3, -4, 2, 11, 19, 28, 32, 21, 2, -6, -9, -9, -9, -5, -7, -8, -9, -8, -9, -11, -11, -13, -11, -11, -11, -12, -10, -10, -10, -12, -11, -12, -12, -11, -10, -11, -10, -9, -12, -12, -10, -11, -13, -11, -15, -11, -12, -13, -11, -12, -15, -10, -10, -11, -14, -14, -12, -12, -10, -11, -10, -11, -12, -12, -10, -13, -11, -10, -12, -11, -11, -11, -11, -11, -12, -13, -12, -13, -11, -12, -12, -12
target_str: 21, 105, -6, -3, -3, -3, -1, 2, 9, 14, 18, 31, 41, 39, 22, 3, -7, -2, -6, -9, -3, -7, 2, -6, -7, -7, -13, -11, -12, -12, -9, -16, -10, -11, -12, -11, -8, 4, -6, -15, -9, -20, -7, -33, 62, 71, -22, -4, -9, -2
mse: 0.021610957157441456
----------------------
pred_str: -13, -2, 4, 16, -13, -2, -11, 23, -27, -54, 0, -9, 4, 13, 12, 16, 21, 34, 44, 41, 28, 14, -2, -6, -5, -6, -8, -1, -2, -3, -6, -1, -7, -10, -10, -5, -6, -9, 1, -10, -8, 24, -43, -86, 0, -13, 2, 10, 14, 10, 18, 29, 43, 44, 33, 14, -1, -5, -3, -5, -10, 0, 0, -1, 2, -1, -8, -6, -10, -11, -10, -10, -11, 0, -14, -1, 1, 10, 15, 13, 27, 39, 47, 40, 20, 5, -8, -8, -1, -3, -6, -1, -4, -2, -4, -3, -4, -5, -1, -11, -11, -10, -11, -11, -11, -10, -10, -10, -10, -12, -12, -13
target_str: -19, -10, -5, -8, 7, -85, -67, 1, -12, 7, 4, 11, 12, 31, 34, 51, 39, 19, 1, 2, -8, -15, -1, 0, -4, -14, 5, -1, -3, -2, 5, 3, -7, -11, -7, 17, -60, -85, -8, -3, 7, 8, 13, 22, 30, 48, 50, 39, 29, 13
mse: 0.029041791856720404
----------------------
pred_str: -16, -1, -1, -8, -10, -4, 5, 3, 11, 14, 18, 2, -3, -11, -13, -14, -14, 13, 101, 4, -11, -8, -10, -12, -12, -1, 0, 0, 1, 1, 14, 37, 33, 7, -2, -2, -9, -6, -10, 0, 1, 2, 11, 16, 33, 14, 3, -5, -11, -11, -15, -12, 5, 10, -3, -11, -16, -3, -7, -10, -1, 6, 8, 10, 3, -16, -13, -14, -14, 72, 121, -12, -8, -12, -8, -13, -9, -3, -2, 0, 1, 12, 24, 41, 22, 1, -6, -10, -11, -11, -11, -10, -5, -9, -12, -11, -12, -10, -13, -11, -15, -14, -11, -14
target_str: -7, -8, -9, -8, 7, 9, -6, -20, -11, -13, -8, -17, 73, 45, -25, -5, -16, -11, -10, -4, 2, -2, 5, 22, 41, 31, 1, 3, 1, -8, -20, -7, -2, -8, -6, -9, -6, -3, -11, -2, -15, 6, 11, 5, -15, -25, 2, -12, -14, -4
mse: 0.029491317814843265
----------------------
pred_str: -17, -13, -13, -10, -12, -10, -10, -12, -13, -14, -14, -12, -14, -14, -16, -17, -17, -19, -19, -18, -16, -15, -13, -12, -10, -11, -9, -12, -11, -10, -11, -11, -11, -12, -13, -10, -11, -11, -12, -11, -12, -11, -12, -13, -12, -12, -12, -13, -12, -13, -12, -12, -13, -12, -13, -12, -13, -13, -13, -13, -12, -12, -12, -12, -13, -12, -12, -12, -13, -13, -13, -13, -12, -13, -12, -12, -12, -13, -13, -12, -13, -13, -13, -13, -13
target_str: -28, -10, -8, -3, 0, 3, 22, 31, 42, 73, 100, 98, 61, 30, -2, -12, -15, -12, -15, -16, -13, -6, -15, -15, -9, -20, -21, -14, -22, -16, -20, -19, -20, -11, -20, -10, 0, -3, -11, -33, -9, -31, 29, 3, -69, -5, -18, -4, -2, 5
mse: 0.007012139077241683
----------------------
pred_str: -4, -5, -5, -6, -6, -6, -7, -7, -6, -7, -8, -8, -7, -8, -8, -8, -8, -9, -10, -10, -11, -12, -13, -13, -13, -13, -14, -14, -15, -15, -14, -14, -15, -13, -13, -15, -14, -13, -15, -14, -14, -13, -12, -12, -11, -11, -12, -11, -10, -11, -11, -10, -10, -11, -10, -10, -10, -11, -11, -11, -10, -11, -11, -11, -11, -11, -11, -11, -11, -12, -11, -12, -11, -11, -11, -11, -11, -12, -12, -11, -12, -12, -12, -12, -12, -12, -12, -12, -12, -12, -13, -12, -12, -12, -13, -12, -12, -12, -13, -13, -13, -12, -12, -13, -13, -12
target_str: -7, -8, -9, -4, -3, -8, -5, -2, 0, -8, -10, -14, 99, 20, -23, -5, -14, -8, -1, -4, -2, 7, 14, 27, 24, 9, 0, -5, -4, -7, -8, -7, -6, -5, -3, -10, -9, -6, -5, -8, -5, 1, -8, -3, -26, 32, 94, -17, -7, -14
mse: 0.0275776942387765
----------------------
pred_str: -7, -5, -9, -14, -13, -11, -10, -11, -9, -8, -14, -15, -14, -12, -10, -12, -14, -15, -17, -21, -26, -32, 86, -5, -97, -9, -11, 0, 1, 7, 13, 26, 41, 63, 72, 58, 14, 0, -1, -10, -11, -12, -12, -10, -10, -10, -12, -12, -12, -14, -15, -13, -16, -17, -20, -21, -24, -21, 10, -5, -26, -15, -41, 93, 39, -99, -14, -16, 0, 1
target_str: 2, -5, -4, -8, -8, -8, -9, -2, 3, 3, -1, -12, 1, -21, 30, 111, -74, -28, -10, 0, 0, 3, 9, 17, 39, 55, 64, 63, 21, -1, -17, -20, -25, -21, -17, -14, -16, -19, -20, -21, -17, -20, -20, -19, -2, -5, -17, -19, -25, -18
mse: 0.01264358908106137
----------------------
pred_str: -14, -16, -10, 3, 14, 30, 58, 86, 55, 19, -8, -18, -13, -10, -11, -12, -14, 0, 1, -17, -10, -19, 4, 26, -60, -33, -11, -20, -11, -2, 1, 12, 29, 57, 81, 34, 1, -17, -13, -14, -21, -12, -17, -10, -14, -10, 0, -18, -26, 2, 24, -66, -41, -16, -22, -11, -9, -1, 4, 19, 43, 68, 80, 22, -10, -15, -14, -21, -16, -14, -16, -10, -14
target_str: -11, -2, 6, 11, 16, 66, 92, 82, 32, -1, -8, -23, -17, 3, -6, -18, 1, 14, -18, -26, -14, 39, -30, -69, 5, -19, -18, -1, 10, 22, 33, 105, 81, 17, -19, -19, -11, -19, -19, -16, 3, -2, -6, -29, -23, 12, -3, -76, -21, -5
mse: 0.005426183052568248
----------------------
pred_str: -11, -15, -18, -12, -23, -17, -30, 91, 22, -49, -7, -10, -1, 0, 2, 6, 15, 20, 37, 55, 70, 72, 43, 2, -12, -15, -14, -14, -11, -12, -9, -12, -11, -10, -12, -11, -12, -12, -15, -12, -11, -11, -10, -13, -15, -13, -16, -21, -17, -19, -28, 94, 11, -56, -7, -12, -2, -1, 3, 6, 13, 24, 41, 61, 66, 68, 41, 1, -13, -18, -18, -14, -13, -12, -12, -10, -11, -11, -13
target_str: -12, -5, -6, -13, -18, -24, -23, -28, 104, -14, -53, -6, -11, -5, -6, 1, 4, 15, 28, 45, 62, 67, 39, 3, -12, -22, -24, -18, -20, -19, -10, -12, -17, -17, -19, -17, -16, -4, -7, -7, -7, -8, -7, -5, -6, 0, 2, 0, -4, -11
mse: 0.00655909137944468
----------------------
pred_str: -4, -1, 10, 3, -10, -10, -12, -14, 91, 39, -15, -6, -12, -2, -6, -2, 0, 2, 7, 16, 18, 12, 3, -5, -10, -10, -12, -10, -6, -7, -7, -5, -6, -5, -4, -2, 0, 10, 0, -1, -11, -1, -16, 69, 45, -21, -3, -13, -2, -5, -1, 0, 1, 7, 13, 23, 16, 3, -3, -8, -7, -11, -10, -8, -5, -6, -4, -3, -5, -5, -4, -4, 2, 0, -1, -9, -10, -11, -15, 88, 33, -19, -3, -14, -2, -7, -4, 0, 3, 8, 14, 22, 16, 3, -2, -6, -6, -8, -8, -6, -5, -5, -3, -4, -5, -3, -4, -3
target_str: -1, 1, 9, -2, -9, -9, -11, -12, 10, 92, 4, -10, -8, -9, -4, -4, 0, -1, 4, 9, 16, 21, 19, 9, -3, -4, -9, -9, -7, -9, -6, -5, -4, -4, -7, -6, -6, -8, -7, -7, -2, 0, 6, 2, -7, -7, -12, -6, -16, 78
mse: 0.01563757559092202
----------------------
pred_str: -32, -29, 44, 72, -40, -10, -14, -2, -2, 0, 5, 18, 35, 52, 61, 41, 12, 0, -10, -15, -10, -10, -11, -7, -5, -1, -1, -2, -2, -1, 0, 4, -14, -15, 0, -28, 89, 32, -33, -4, -13, -2, -1, 0, 6, 14, 31, 47, 58, 41, 8, -4, -16, -19, -13, -17, -19, -17, -21, -18, -14, -12, -12, -6, -14, -23, -23, -19, 10, 98, -41, -17, -11
target_str: -16, 72, -56, -26, -25, -19, -12, -13, -4, 9, 28, 39, 33, 7, -17, -26, -29, -26, -25, -21, -19, -16, -7, -1, -3, -35, -12, -41, 55, 46, -71, 0, -18, 4, 2, 16, 19, 41, 54, 66, 52, 22, 0, -6, -6, -3, -2, 3, 1, 0
mse: 0.01967373620257885
----------------------
pred_str: -3, 0, 3, 1, 1, 1, 2, 1, 6, 11, 17, 19, 16, 4, -4, -6, -7, -5, -5, -6, -5, -4, -3, -3, -1, 0, 5, 3, -10, -5, -12, -1, -21, 40, 71, -18, -5, -7, -4, -5, -5, -2, 1, 11, 17, 21, 17, 9, -2, -2, -7, -8, -6, -6, -5, -3, -2, -2, -4, -1, 2, 4, -10, -8, -12, -3, -16, 35, 49, -24, -4, -9, -6, -5, -3, 0, 2, 11, 17, 20, 16, 11, -1, -4, -6, -5, -5, -6, -4, -5, -3, -3, -1, -1, 0, 6, 2, -12, -6, -12, -1, -20, 32, 62, -20, -2, -9, -5, -4, -3, 0
target_str: -1, -2, 1, 6, 14, 16, 12, 4, -1, -3, -5, -4, -3, -3, -5, -4, -3, -2, -1, -2, -2, 0, -1, -2, -3, 0, 6, 9, -3, 0, -7, 3, -17, 45, 50, -26, 0, -6, 1, -2, 0, 0, 3, 9, 14, 18, 15, 4, 0, -3
mse: 0.005485563216269029
----------------------
pred_str: -3, 0, -12, -15, -17, 3, 88, -44, -18, -8, -1, -2, -1, 5, 16, 26, 38, 45, 36, 12, -2, -8, -9, -8, -9, -7, -10, -10, -11, -14, -13, -13, -14, -14, -13, -10, -3, -5, -11, -11, -15, -19, 22, 82, -39, -15, -12, -11, -6, -3, 6, 18, 27, 38, 45, 40, 15, -2, -10, -11, -10, -10, -10, -10, -11, -13, -13, -15, -15, -15, -16, -15, -16, -11, -3, 0, -13, -15
target_str: -1, -3, -7, -23, -9, -13, 83, 24, -43, 0, -17, -2, -7, 1, 6, 19, 33, 42, 46, 33, 12, -5, -12, -8, -6, -7, -12, -9, -11, -8, -12, -13, -12, -16, -13, -13, -15, -11, -2, 0, -5, -13, -13, -19, 23, 103, -23, -17, -8, -7
mse: 0.032560252846279975
----------------------
pred_str: 11, 20, 29, 29, 12, 0, -10, -11, -15, -15, -13, -11, -11, -12, -13, -11, -10, -10, -12, -12, -13, -13, -13, -10, -12, -10, -10, -10, -14, -9, -13, -15, -16, 10, 81, -2, -7, -3, -5, -1, 0, 4, 9, 15, 25, 29, 21, 1, -7, -5, -12, -13, -12, -11, -10, -10, -12, -8, -12, -12, -12, -10, -11, -13, -11, -10, -12, -13, -11, -15, -16, 1, 79, -3
target_str: 16, 23, 21, 3, -4, -11, -14, -15, -9, -8, -11, -4, -9, -7, -6, -12, 0, -7, -8, -8, -4, -4, -1, 4, 0, -2, -10, 0, -12, 81, 66, -5, 0, -7, 4, -9, 4, 3, 9, 16, 23, 30, 24, 7, -2, -10, -3, -10, -10, -9
mse: 0.016815581373042756
----------------------
pred_str: 0, 10, 3, -2, -1, 15, 26, 34, 44, 70, 57, 23, 1, -17, -10, -16, -19, -13, -11, -14, -14, -21, -14, -15, -21, -21, -25, -23, -17, -26, -12, -25, -23, -15, -11, -14, 2, 10, 1, 10, -15, -17, -10, -15, 11, 65, -39, -19, 1, -18, -3, -15, -12, -21, 1, 16, 23, 49, 73, 87, 67, 31
target_str: -12, -15, -7, -5, -22, -34, -18, -12, -27, -32, -48, -22, -21, -40, -32, -29, -6, -29, -28, -7, -2, -3, -38, -28, -27, -6, 19, -49, -51, -25, -22, -9, -8, 6, 16, 41, 81, 99, 126, 113, 100, 65, 32, 30, 36, 25, 16, 23, -1, -12
mse: 0.00899092213745503
----------------------
pred_str: -6, -8, -10, 0, -2, -8, -7, -8, -1, -10, -12, -12, -13, -10, -15, 97, 74, -20, -2, -11, -2, -6, -5, -4, 1, 12, 29, 38, 34, 17, -2, -7, -6, -7, -10, -6, -7, -7, -9, -7, -7, -7, -10, -7, -10, -7, -7, -7, -11, -10, -10, -10, -10, -11, -11, -11, -12, -13, -15, -11, -14, -13, -21, 2, 1, -10, -16, -11, -14, -12, -15, 88, 32, -24, 1, -14, -4
target_str: -7, -7, -13, -4, -7, -7, -11, -7, -2, 6, 1, -6, -5, -7, -11, -5, -11, 4, 111, 17, -9, -5, -5, -6, -5, -4, -4, 3, 6, 18, 31, 38, 25, 7, -3, -4, -5, -5, -5, -10, -4, -4, -6, -10, -5, -10, -7, -9, -10, -6
mse: 0.03395888215476182
----------------------
pred_str: -6, -7, -7, -7, -8, -8, -8, -9, -9, -9, -10, -9, -10, -10, -11, -10, -11, -10, -11, -10, -10, -11, 0, 1, -5, -16, -4, -28, 51, 86, -29, 0, -15, -4, -11, -8, -5, -1, 6, 12, 23, 31, 30, 16, 0, -5, -7, -8, -9, -9, -9, -9, -9, -8, -9, -9, -10, -10, -10, -11, -11, -10, -11, -11, -11, -10, 0, 0, -7, -16, 1, -25, 57, 84, -32, 0, -11, -6, -10, -8, -4, 0, 7, 15, 27, 32, 30, 13, -2, -8, -8, -8, -9, -10
target_str: -7, -6, -3, -4, -7, -6, -7, -7, -6, -7, -7, -7, -7, -3, 3, 7, -4, -6, -7, -11, -2, 96, -2, -15, -2, -7, -3, -5, 0, 0, 5, 9, 21, 32, 36, 26, 8, -1, -5, -6, -7, -7, -7, -7, -5, -4, -6, -12, -11, -13
mse: 0.03713578219761981
----------------------
pred_str: 1, -22, -8, -17, -10, -12, -10, -8, 0, 11, 27, 32, 22, 1, -1, -5, -7, -7, -7, -7, -7, -5, -6, -4, -6, -6, -5, -5, -5, 1, 4, 2, -12, 0, -30, 41, 99, -39, -1, -28, -7, -16, -8, -9, -8, 1, 11, 29, 34, 20, 2, -4, -7, -9, -9, -11, -11, -9, -10, -11, -9, -8, -7, -7, -5, 2, 2, 0, -15, 0, -29, 42, 99, -40, 0, -28, -12, -14, -12, -10, -7, 0, 10, 31, 34, 18, 2, -2, -10, -13, -12, -12, -12, -10, -10, -10, -9, -8, -8, -6, -7
target_str: -15, -4, -8, -3, -3, 6, 16, 33, 37, 27, 5, -5, -6, -9, -8, -6, -3, -1, -4, -5, -6, -4, -5, -3, 9, 1, -9, -7, -11, -14, 110, -16, -21, -12, -14, -10, -10, -6, 0, 10, 23, 36, 28, 7, -7, -10, -12, -12, -7, -7
mse: 0.01694366964555378
----------------------
pred_str: -5, -3, -4, -2, -3, -2, -2, -3, -1, 0, -2, -1, -4, -2, -2, -7, 1, -7, 0, -21, 81, 86, -12, -1, -10, -6, -6, -6, -5, -4, -3, 1, 3, 7, 3, -1, -3, -3, -4, -3, -3, -3, -3, -4, -4, -4, -4, -4, -4, -3, -3, -4, -4, -1, -4, -1, -6, -1, -21, 86, 89, -6, -4, -11, -7, -7, -7, -6, -4, -3, 1, 4, 5, 0, -4, -4, -4, -3, -4, -4, -3, -4, -4, -3, -4, -4, -4, -3, -4, -4, -3, -3, -4, -4, -1, -1, -5, -1, -1, -21, 72, 100, -1, -6, -11, -6, -8, -8, -7, -6, -3, 0, 4, 6, 3, -2, -5, -5, -6, -5, -4, -4, -5, -4, -4, -3, -4, -4, -4, -3, -3, -4, -2, -4, -4, -1, -1, -1, -11, 4, -20
target_str: -6, -6, -5, -5, -5, -5, -4, -3, 0, 1, -5, -4, -4, -8, -8, 93, 42, -12, -7, -12, -6, -9, -6, -7, -3, 2, 6, 7, 6, -1, -5, -4, -6, -4, -6, -6, -5, -5, -4, -2, 0, -3, -2, -10, 0, -21, 77, 80, -11, -3
mse: 0.09247406080010531
----------------------
pred_str: -11, -12, -13, -13, -12, -11, -12, -12, -12, -13, -12, -12, -13, -13, -12, -13, -11, -13, -12, -10, -12, -10, -12, -11, -13, -10, 30, -28, -76, 1, -14, 0, 4, 6, 10, 23, 37, 53, 41, 2, -11, -10, -10, -11, -10, -10, -10, -11, -10, -10, -10, -10, -10, -11, -11, -10, -11, -10, -10, -12, -10, -11, -13, 13, -18, 104, -40, -66, 1, -11, -4, 3, 6, 15, 26, 42, 53, 39, 2, -13, -12, -11, -13, -12, -12, -12, -12, -12, -12, -12, -12, -12, -12, -12, -13, -13, -12
target_str: -12, -19, -17, -18, -17, -17, -15, -10, -11, -9, -13, -13, -11, -10, -12, -10, -9, -7, -3, -3, -6, -10, -1, -21, 59, 59, -89, -8, 2, 8, 13, 14, 24, 36, 57, 69, 71, 42, 13, 2, 1, -1, 0, 0, 1, 1, 1, 1, -1, 0
mse: 0.011050819101333351
----------------------
pred_str: -10, -10, -19, -24, 80, -23, -61, -17, -19, -14, -12, -11, -7, -10, 1, 8, 21, 36, 50, 62, 62, 47, 16, -6, -17, -11, -10, -11, -10, -10, -12, -11, -12, -12, -13, -14, -12, -14, -13, -13, -13, -12, -13, -11, -11, -6, 2, 10, 1, -16, -15, -23, 78, -16, -58, -12, -16, -10, -11, -10, -7, -5, 0, 1, 10, 22, 34, 50, 57, 57, 34, 12, -2, -16, -12, -11, -11, -10, -10, -11, -12, -11, -12, -13, -12
target_str: -5, -14, -16, -5, 83, -41, -55, -10, -15, -6, -4, -3, 3, 10, 23, 38, 55, 68, 67, 53, 23, 2, -2, -7, -9, -8, -4, -5, -6, -8, -8, -12, -8, -8, -13, -9, -12, -10, -14, -16, -6, -1, 11, 7, -15, -11, -28, 0, 77, -56
mse: 0.00592376389871995
----------------------
pred_str: -9, -10, -10, -10, -12, -11, -13, -12, -12, -12, -10, -10, -11, -11, -11, -10, -10, -11, -12, -10, -12, -13, -10, -10, -13, -13, -11, -12, -12, -13, -13, -12, -11, -12, -13, -10, -11, -10, -10, -12, -10, -12, -13, -11, -13, -13, -13, -13, -13, -13, -13, -12, -11, -13, -13, -13, -13, -14, -13, -12, -12, -13, -12, -14, -12, -13, -12, -13, -13, -12, -12, -12, -13, -12, -12, -12, -12, -12, -13, -12, -13, -13, -13, -12
target_str: -9, -11, -10, -5, -5, 0, -3, -12, -10, -17, -9, -26, 41, 65, -31, -5, -12, 0, -3, -1, 3, 12, 17, 30, 36, 26, 9, 0, -10, -9, -8, -10, -10, -7, -7, -7, -8, -9, -8, -8, -3, 0, -4, -14, -11, -17, -10, -25, 39, 51
mse: 0.016859681863764662
----------------------
pred_str: -10, -4, -4, -3, -4, -2, 1, 1, 0, 0, 0, 0, 0, 0, 0, 0, 0, 0, 0, 0, 0, 0, 0, 0, 0, 0, 0, 0, 0, 0, 0, 0, 0, 0, 0, 0, 0, 0, 0, 0, 0, 0, 0, 0, 0, 0, 0, 0, 0, 0, 0, 0, 0, 0, 0, 0, 0, 0, 0, 0, 0, 0, 0, 0, 0, 0, 0, 0, 0, 0, 0, 0, 0, 0, 0, 0, 0, 0, 0, 0, 0, 0, 0, 0, 0, 0, 0, 0, 0, 0, 0, 0, 0, 0, 0, 0, 0, 0, 0, 0, 0, 0
target_str: -4, -2, -3, -1, 7, 9, -3, -7, -12, -7, -22, 49, 21, -72, -19, -17, -12, -12, -5, -1, 0, 20, 43, 82, 98, 90, 54, 18, 5, 0, -3, -4, -5, -4, -3, -3, -11, -12, -9, -10, -14, -15, -13, -20, -17, -17, -14, -18, -17, -12
mse: 0.012061581854383597
----------------------
pred_str: -11, -11, -10, -8, -11, -13, -10, -11, -11, -14, -14, -16, -16, -16, -12, -12, -12, -11, -12, -13, -13, -12, -11, -15, -10, -11, -11, -11, -10, -10, -10, -11, -12, -12, -10, -10, -12, -12, -13, -12, -14, -13, -14, -15, -15, -15, -16, -16, -14, -13, -13, -12, -10, -10, -13, -13, -12, -13, -12, -11, -11, -12, -13, -11, -11, -11, -10, -10, -10
target_str: 14, 11, 8, 4, 5, -3, 23, 103, -5, -26, -4, 1, 3, 6, 17, 13, 21, 30, 38, 35, 17, 0, -8, -11, -22, -27, -26, -21, -12, -10, -15, -22, -25, -28, -32, -35, -35, -29, -31, -36, -38, -34, -26, -23, -8, -8, 34, 94, -14, -16
mse: 0.0952124248697724
----------------------
pred_str: -3, 0, 1, 8, 20, 35, 42, 43, 31, 1, -7, -13, -15, -11, -12, -11, -12, -11, -12, -11, -11, -14, -12, -13, -12, -14, -11, -13, -13, -12, -11, -5, 0, -3, -5, -12, -11, -17, -1, 100, -3, -13, -6, -7, -2, -1, 4, 15, 31, 42, 45, 33, 11, -3, -13, -13, -11, -8, -11, -10, -11, -12, -12, -13, -14, -13, -12, -12, -13, -12, -10, -12, -7, -3, 0, -7, -12, -10, -17, -1, 99, 11, -16, -8, -9, -1, -1, 1, 11, 27, 41, 46, 40
target_str: 1, 4, 7, 13, 25, 35, 45, 38, 18, -3, -11, -11, -15, -10, -15, -11, -12, -11, -10, -11, -14, -10, -12, -17, -12, -14, -14, -16, -12, -11, -13, -8, -7, 3, -12, -10, -17, -9, -24, 29, 84, -21, -5, -8, -1, 0, 6, 8, 17, 29
mse: 0.007374057368997642
----------------------
pred_str: -10, -16, -16, -13, -14, -1, 1, 11, 1, -16, -16, -17, 24, 83, -44, -33, -21, -11, 1, 18, 44, 64, 55, 23, 3, -13, -17, -16, -18, -15, -13, 0, -1, -10, -11, -16, -22, 60, 46, -81, -20, -24, -16, -14, 2, 22, 45, 54, 52, 20, 1, -11, -16, -15, -15, -11, 1, 1, -13, -10, -16, -26, 56, 59, -72, -19, -21, -17, -13, 0, 15, 41, 59, 58, 34, 11, -3, -14, -15
target_str: -6, -9, -10, -8, 3, -1, 0, -16, -10, -22, 50, 25, -69, -5, -15, 0, 2, 15, 37, 56, 61, 46, 19, -4, -4, -7, -9, -10, -12, -6, -1, -2, -7, -21, -18, -24, 48, -3, -73, -12, -22, -6, 0, 15, 33, 53, 60, 39, 7, -10
mse: 0.034586180243344505
----------------------
pred_str: -16, -17, -15, -15, -12, 0, 1, 14, 26, 29, 24, 10, -1, -10, -13, -12, -14, -14, -14, -15, -15, -15, -15, -15, -16, -16, -17, -19, -20, -19, -17, -19, -19, -13, 1, 8, 14, 11, 1, 1, 0, -3, 69, 54, -21, -12, -8, -5, 0, 3, 10, 21, 29, 31, 25, 11, -3, -11, -13, -13, -14, -12, -14
target_str: -14, -16, -14, -12, -14, -11, -10, -5, -1, -2, -13, -10, -17, -11, -22, 26, 101, -18, -6, -4, -3, -1, -1, 4, 10, 19, 30, 40, 36, 21, 4, -3, -7, -9, -8, -9, -10, -6, -6, -5, -8, -9, -10, -14, -9, -12, -11, -16, -14, -12
mse: 0.02641986510911136
----------------------
pred_str: -4, -4, -4, -5, -4, -4, -4, -4, -4, -4, -5, -4, -4, -3, -5, -4, -2, -5, -6, -5, -6, -4, -1, 0, 2, -5, -5, -11, -11, -22, 96, 49, 0, -6, -8, -6, -6, -6, -6, -6, -6, 0, 0, 5, 10, 10, 3, -2, -4, -4, -4, -4, -3, -3, -4, -4, -5, -5, -5, -5, -6, -5, -5, -5, -6, -6, -2, 0, 0, -3, -5, -8, -8, -20, 99, 39, -3, -7, -8, -7, -7, -7, -6, -5, -5, 1, 3, 10, 11, 5, -2, -5, -5, -4, -5, -4, -5, -4, -5, -5, -5, -6, -5, -5, -5, -5, -4, -3, -2, 0, -3, -5, -8, -8, -18, 98, 46, 0, -6, -8, -8, -8, -7
target_str: -2, -2, 0, 0, -2, -1, -2, -1, -2, -2, -3, -3, -4, -4, -2, 0, 4, -2, -2, -10, 0, -22, 17, 112, 21, 0, -5, -6, -5, -6, -5, -2, -1, 6, 10, 14, 10, 5, -3, -5, -6, -5, -6, -7, -7, -8, -8, -9, -7, -8
mse: 0.04398014035857373
----------------------
pred_str: 23, 30, 22, 8, -2, -7, -9, -12, -10, -7, -8, -6, -6, -6, -5, -5, -6, -7, -7, -7, 0, 2, -10, -6, -18, 40, 89, -24, -8, -11, -5, -9, -6, -1, 12, 22, 29, 24, 10, 0, -6, -11, -11, -11, -8, -7, -8, -7, -5, -6, -6, -6, -7, -7, -9, -8, -9, -9, -5, 0, -4, -11, -5, -16, 2, 97, -24, -14, -10, -10, -10, -4, 3, 13, 29, 28, 10, 4, -4, -6, -8, -9, -10, -10, -7, -7, -6, -7, -8, -8, -7, -8, -7, -8, -8, -9, -7, 0
target_str: 20, 31, 25, 13, 0, -4, -6, -7, -6, -7, -4, -2, -1, -2, -2, -4, -2, -3, 0, 0, 8, -10, -2, -22, 65, 45, -49, -3, -18, -3, -9, 0, 3, 13, 23, 29, 16, 2, -5, -10, -12, -14, -12, -10, -9, -8, -8, -8, -7, -6
mse: 0.01799226840762252
----------------------
pred_str: -92, -92, -92, -92, -92, -92, -92, -92, -92, -92, -92, -92, -92, -92, -92, -92, -92, -92, -92, -92, -92, -92, -92, -92, -92, -92, -92, -92, -92, -92, -92, -92, -92, -92, -92, -92, -92, -92, -92, -92, -92, -92
target_str: -92, -92, -92, -92, -92, -92, -92, -92, -92, -92, -92, -92, -92, -92, -92, -92, -92, -92, -92, -92, -92, -92, -92, -92, -92, -92, -92, -92, -92, -92, -92, -92, -92, -92, -92, -92, -92, -92, -92, -92, -92, -92, -92, -92, -92, -92, -91, -90, -93, -85
mse: 3.904382971471982e-06
----------------------
pred_str: -1, 2, -10, -2, -25, 12, 101, -31, -13, -19, -15, -16, -12, -8, 2, 23, 31, 31, 12, 3, -5, -7, -9, -10, -7, -4, -6, -7, -5, -5, -5, -7, -7, -5, 0, 3, -10, -2, -25, 16, 99, -29, -10, -21, -12, -14, -11, -8, 1, 25, 30, 26, 10, 0, -4, -7, -9, -9, -8, -6, -7, -5, -7, -6, -6, -6, -6, -6, -6, -6, -3, 1, -12, -1, -26, 1, 101, -36, -14, -22, -15, -15, -11, -7, 3, 18, 33, 29, 12, 0, -4, -5, -8, -8, -6, -6, -6, -6, -5, -6, -5, -7, -5, -8, -2, 2, -12, -2, -26, 3, 100, -43, -15, -24
target_str: 0, 5, 5, -11, 1, -23, 26, 87, -36, -6, -18, -8, -12, -6, -3, 3, 18, 35, 35, 22, 7, -1, -6, -6, -5, -6, -6, -7, -5, -6, -8, -6, -10, -6, 1, 0, -17, -7, -26, 16, 74, -45, -11, -21, -10, -12, -9, -6, 4, 16
mse: 0.011949405805504982
----------------------
pred_str: 103, 75, -19, 0, -7, -4, -4, -3, -1, 2, 12, 20, 30, 27, 22, 5, -3, -5, -6, -6, -6, -7, -6, -6, -7, -6, -6, -6, -7, -7, -7, -7, -7, -8, -6, -7, -7, -7, -5, 0, 2, -3, -9, -6, -14, 11, 101, 0, -12, -4, -5, -5, -4, -3, 0, 6, 15, 23, 32, 27, 18, 4, -4, -6, -7, -7, -7, -7, -7, -7, -6, -6, -7, -7, -7, -8, -8, -8, -8, -8, -8, -8, -8, -7, -7, -7, -7, 0, 1, -2, -10, -10, -17, 100, 40, -14, 0, -6, -6, -6, -4, -1, 3, 11, 21, 32, 29, 23, 5, -2, -5, -7, -7, -7, -7
target_str: 92, -15, -4, -9, -6, -7, -4, -2, 0, 3, 13, 22, 30, 29, 16, 5, -1, -5, -6, -6, -7, -5, -6, -6, -6, -5, -4, -5, -7, -5, -6, -4, -6, -7, -6, -7, -6, -8, -6, -2, 3, 6, -3, -6, -5, -8, -1, 88, -2, -13
mse: 0.03788030159010474
----------------------
