pred_str: 0, -11, -14, -32, -52, -70, -82, -84, -65, -42, -34, -27, -22, -13, -3, 2, 10, 14, 13, 10, 5, 1, -1, -10, -14, -31, -47, -65, -80, -82, -75
target_str: -22, -42, -67, -104, -94, -65, -52, -45, -37, -23, -13, -4, 3, 5, 1, 1, -2, -6, -7, -24, -51, -69, -98, -82, -51
mse: 0.6330395678062721
----------------------
pred_str: 73, 71, 70, 70, 71, 71, 71, 71, 72, 73, 73, 74, 75, 74, 75, 75, 76, 76, 77, 77, 77, 78, 78, 78, 79, 79, 80, 80, 79, 80, 81, 81, 81, 82, 82, 82, 82, 83, 84, 84, 84, 84, 85, 85, 85, 85, 85, 85, 85, 86, 86, 86, 86, 86, 86, 86, 87, 87, 87, 88, 88, 88, 88, 88, 88, 89, 89, 89, 89, 89, 89, 89, 90, 90, 90, 90, 90, 90, 90, 90, 90, 90, 90, 90, 90, 90, 90, 90, 90, 90, 90, 90, 90, 90, 90, 90, 90, 90, 90, 90, 90, 90, 90, 90, 90, 90, 90, 90, 90, 90, 90, 90, 90, 90, 90, 90, 90, 90, 90, 90, 90, 90, 90, 90, 90, 90, 90, 90, 
target_str: 74, 74, 80, 89, 93, 88, 82, 78, 76, 80, 80, 76, 73, 74, 75, 77, 77, 77, 77, 73, 71, 72, 75, 75, 76
mse: 0.007528930938231152
----------------------
pred_str: 15, 18, 18, 21, 22, 23, 23, 22, 22, 20, 18, 14, 11, 8, 4, -3, -9, -14, -19, -24, -24, -21, -18, -15, -11, -6, 3, 10, 21, 42, 66, 88, 91, 78, 60, 46, 37, 28, 22, 18, 15, 14, 14, 13, 13, 12, 12, 12, 10, 11, 10, 12, 13, 14, 14, 13, 12, 11, 11, 12, 12, 13, 14, 14, 15, 15, 15, 15, 15, 15, 16, 17, 17, 17, 17, 16, 16, 16, 16, 15, 15, 15, 15, 14, 14, 14, 13, 13, 13, 13, 13, 13, 13, 13, 13, 13, 13, 12, 12, 12, 12, 12, 12, 12, 12, 12, 12, 12, 12, 12, 12, 12, 12, 12, 12, 12, 12, 12, 12, 12, 12, 12, 12, 12, 12, 12, 12, 12, 12, 12
target_str: 19, 17, 17, 15, 12, 9, 6, 6, 5, 5, 7, 14, 29, 56, 91, 87, 60, 44, 35, 28, 21, 14, 6, -2, -11
mse: 2.443254219012874
----------------------
pred_str: 0, 1, 8, 15, 22, 25, 29, 31, 29, 26, 24, 22, 21, 18, 15, 12, 9, 6, 3, 1, -1, -4, -7, -13, -18, -25, -31, -37, -42, -47, -52, -58, -62, -64, -64, -61, -53, -42, -28, -13, 1, 10, 19, 26, 31, 32, 31, 29, 28, 26, 25, 24, 23, 22, 22, 22, 21, 21, 21, 20, 19, 18, 17, 17, 16, 16, 16, 16, 15, 15, 15, 15, 15, 15, 15, 15, 15, 15, 15, 15, 15, 15, 15, 15, 15, 15, 15, 15, 15, 15, 15, 15, 15, 15, 15, 15, 15, 15, 15, 15, 15, 15, 15, 15, 15, 15, 15, 15, 15, 15, 15, 15, 15, 15, 15, 15, 15, 15, 15, 15, 15, 15, 15, 15, 15, 15, 15, 15, 15, 15, 15,
target_str: 34, 9, -15, -36, -53, -57, -54, -43, -29, -15, -1, 13, 29, 42, 57, 65, 67, 65, 54, 40, 19, -5, -31, -58, -78
mse: 1171.3150128559964
----------------------
pred_str: 92, 86, 78, 74, 68, 65, 59, 51, 43, 35, 28, 22, 13, 2, -2, -12, -32, -48, -67, -84, -84, -78, -67, -53, -42, -37, -31, -16, 0, 16, 28, 43, 59, 74, 86, 92
target_str: 5, 24, 41, 54, 61, 67, 64, 45, 19, -9, -33, -48, -51, -48, -44, -44, -48, -50, -40, -19, 8, 34, 44, 35, 8
mse: 5173.501259661704
----------------------
pred_str: 44, 30, 20, 14, 10, 8, 7, 6, 5, 5, 5, 5, 6, 7, 8, 9, 10, 10, 11, 12, 13, 14, 14, 13, 14
target_str: 38, 29, 20, 13, 4, -3, -12, -19, -24, -25, -19, -7, 7, 23, 34, 42, 45, 45, 43, 39, 32, 23, 9, -7, -29
mse: 1204.8892379336774
----------------------
pred_str: -32, -30, -24, -22, -16, -8, 1, 16, 33, 45, 46, 36, 21, 5, -10, -25, -39, -49, -54, -56
target_str: -31, -30, -29, -20, -4, 17, 36, 47, 52, 51, 47, 38, 25, 7, -11, -24, -33, -36, -34, -31, -29, -28, -29, -29, -28
mse: 722.8627861519988
----------------------
pred_str: 5, 11, 14, 18, 21, 26, 31, 36, 41, 46, 50, 54, 59, 63, 66, 69, 72, 73
target_str: 19, 17, 17, 20, 23, 31, 36, 42, 46, 51, 58, 61, 51, 30, 3, -17, -24, -21, -11, -1, 7, 11, 7, 1, -6
mse: 1429.2321393192924
----------------------
pred_str: 55, 55, 63, 72, 77, 77, 77, 75, 70, 60, 53, 46, 36, 26, 17, -1, 14, 15, 20, 26, 34, 42, 49, 53, 55, 55
target_str: -47, -55, -61, -69, -74, -79, -87, -91, -92, -87, -60, -37, -13, 5, 3, 4, 6, 17, 31, 38, 42, 43, 45, 48, 51
mse: 0.27048599755419295
----------------------
pred_str: -32, -29, -27, -27, -27, -26, -25, -24, -24, -24, -23, -23, -22, -22, -21, -21, -20, -19, -18, -17, -17, -16, -16, -15, -15, -14, -14, -13, -13, -12, -12, -11, -11, -10, -10, -9, -9, -8, -8, -7, -7, -7, -6, -6, -5, -5, -4, -4, -3, -3, -2, -2, -2, -1, 0, 2, 6, 10, 14, 19, 24, 31, 40, 49, 59, 67, 70, 66, 58, 48, 38, 26, 15, -2, -12, -24, -35, -45, -55, -65, -74, -73, -72, -65, -55, -44, -35, -25, -15, -1, 2, 13, 23, 34, 46, 59, 73, 80, 75, 68, 58, 48, 38, 28, 18, 1, -10, -23, -39, -51, -64, -72, -72, -68, -57, -44, -31, -18, -4, 0, 12, 25, 40, 55, 71, 83, 91, 88, 81, 71, 59, 46, 30, 10, -1, -
target_str: 79, 91, 93, 83, 64, 40, 15, -6, -24, -38, -49, -56, -58, -54, -49, -41, -33, -25, -16, -7, 6, 29, 61, 94, 118
mse: 10670.634802992712
----------------------
pred_str: 7, 15, 34, 59, 85, 93, 76, 54, 40, 29, 21, 15, 10, 9, 9, 11, 17, 31, 53, 74, 92, 80, 54, 39
target_str: 15, 10, 7, 5, 2, 0, -3, -4, -3, 0, 9, 25, 45, 68, 83, 74, 56, 39, 27, 19, 14, 11, 9, 9, 11
mse: 3.0649776088992287
----------------------
pred_str: 80, 75, 65, 53, 41, 28, 9, -14, -32, -47, -60, -59, -47, -34, -19, -2, 10, 20, 31, 37, 33, 25, 14, 1, -3, -11
target_str: -42, -53, -62, -57, -39, -12, 21, 51, 73, 85, 90, 89, 88, 83, 66, 39, 6, -28, -62, -92, -109, -104, -80, -39, 7
mse: 10739.600110583322
----------------------
pred_str: 52, 38, 15, -1, -37, -57, -57, -63, -55, -45, -43, -42, -42, -41, -40, -40, -39, -40, -39, -38, -37, -38, -37, -38, -38, -38, -39, -40, -41, -43, -46, -48, -51, -54, -56, -57, -57, -57, -57, -56, -55, -55, -53, -53, -53, -52, -52, -51, -51, -51, -50, -50, -50, -50, -50, -50, -50, -50, -50, -50, -50, -50, -50, -50, -50, -50, -50, -50, -50, -50, -50, -50, -50, -50, -50, -50, -50, -50, -50, -50, -50, -50, -50, -50, -50, -50, -50, -50, -50, -50, -50, -50, -50, -50, -50, -50, -50, -50, -50, -50, -50, -50, -50, -50, -50, -50, -50, -50, -50, -50, -50, -50, -50, -50, -50, -50, -50, -50, -50, -50, -50, -50, -50, -50, -50, -50, -50, -50, -5
target_str: -56, -55, -48, -41, -39, -34, -37, 1, 74, 39, 21, 19, 2, 6, 17, 23, 30, 36, 38, 46, 58, 69, 81, 84, 74
mse: 1.698222937716177
----------------------
pred_str: -1, -6, -16, -28, -50, -76, -112, -20, -29, -46, -70, -97, -128, -174, -240, -309, -360, -407
target_str: 68, 55, 48, 37, 24, 13, 5, 0, -7, -14, -18, -19, -16, -7, 3, 16, 39, 71, 92, 84, 69, 58, 46, 34, 23
mse: 17.396347893570983
----------------------
pred_str: 0, 1, 1, 3, 7, 12, 16, 17, 17, 15, 12, 10, 9, 8, 7, 6, 5, 5, 5, 4, 4, 4, 3, 3, 2, 2, 2, 2, 2, 2, 2, 2, 2, 2, 2, 2, 2, 2, 2, 2, 2, 2, 2, 2, 2, 2, 2, 2, 2, 2, 2, 2, 2, 2, 2, 2, 2, 2, 2, 2, 2, 2, 2, 2, 2, 2, 2, 2, 2, 2, 2, 2, 2, 2, 2, 2, 2, 2, 2, 2, 2, 2, 2, 2, 2, 2, 2, 2, 2, 2, 2, 2, 2, 2, 2, 2, 2, 2, 2, 2, 2, 2, 2, 2, 2, 2, 2, 2, 2, 2, 2, 2, 2, 2, 2, 2, 2, 2, 2, 2, 2, 2, 2, 2, 2, 2, 2, 2, 2, 2, 2, 2, 2, 2, 2, 2, 2, 2, 2, 2, 2, 2, 2, 2, 2, 2, 2, 2, 2, 2, 2, 2, 2, 2, 2, 2, 2, 2, 2, 2, 2, 2, 2, 2, 2, 2, 2, 2, 2
target_str: 8, 6, 7, 7, 5, 1, -5, -5, -2, 0, 5, 13, 20, 23, 30, 37, 43, 49, 56, 66, 69, 72, 73, 75, 73
mse: 0.032505693065076044
----------------------
pred_str: 41, 37, 35, 34, 34, 34, 34, 34, 35, 38, 41, 46, 51, 57, 62, 68, 73, 74, 74, 74, 73, 73, 73, 73, 73, 72
target_str: 41, 42, 46, 50, 58, 70, 73, 74, 75, 72, 67, 57, 42, 28, 20, 15, 12, 12, 13, 17, 23, 34, 46, 57, 65
mse: 0.061821909217166696
----------------------
pred_str: 6, 33, 62, 84, 98, 100, 89, 72, 51, 28, 7, -6, -14, -20, -21, -20, -20, -20, -21, -18, -4, 10
target_str: 26, 37, 44, 41, 35, 21, 7, -8, -20, -31, -40, -45, -44, -40, -29, -15, 0, 12, 20, 27, 36, 44, 50, 51, 45
mse: 1558.0430676192284
----------------------
pred_str: 75, 47, 23, 11, 2, -1, -11, -17, -19, -22, -26, -34, -44, -52, -57, -59, -59, -50, -37, -16, 1, 21, 30, 35, 34, 32, 30, 25, 20, 15, 11, 6, 1, -3, -10, -18, -20, -24, -32, -45, -56, -68, -74, -78, -75, -70, -57, -38, -16, 2, 14, 25, 37, 40, 34, 29, 21, 14, 7, 1, -11, -21, -28, -35, -42, -52, -59, -63, -57, -50, -38, -15, 1, 12, 24, 36, 41, 39, 35, 32, 29, 24, 20, 14, 9, 5, 1, -4, -10, -14, -17, -21, -26, -31, -34, -35, -35, -34, -34, -33, -33, -32, -31, -30, -29, -28, -27, -26, -25, -24, -23, -22, -22, -21, -20, -19, -18, -17, -16, -15, -14, -13, -12, -12, -11, -10, -10, -9, -8, -7, -6, -6, -5,
target_str: -11, 18, 43, 63, 75, 77, 57, 39, 38, 23, -8, -40, -69, -92, -102, -98, -82, -55, -23, 6, 30, 42, 45, 39, 26
mse: 17732.49362553712
----------------------
pred_str: -8, -5, 4, 11, 19, 26, 26, 23, 17, 10, -2, -14, -31, -44, -55, -62, -62, -56, -40, -27, -17, -1, 1, 4, 10, 16, 21, 25, 26
target_str: -72, -57, -30, -27, -13, -1, 6, 11, 17, 24, 28, 28, 23, 21, 10, -9, -35, -82, -101, -104, -101, -91, -72, -47, -28
mse: 0.5935857185877872
----------------------
pred_str: -70, -70, -62, -47, -28, -10, 1, 10, 13, 17, 22, 28, 36, 44, 50, 57, 62, 66, 68, 69, 67, 63
target_str: -57, -42, -20, -2, 4, 6, 2, 3, 13, 28, 38, 46, 52, 53, 49, 50, 55, 58, 56, 57, 61, 53, 43, 26, 8
mse: 0.06210084532240652
----------------------
pred_str: -73, -71, -68, -61, -55, -51, -46, -40, -35, -29, -26, -22, -18, -15, -13, -11, -9, -8, -7, -6, -5, -5, -5, -5, -5, -4, -4, -4, -4, -4, -4, -4, -3, -3, -3, -3, -2, -2, -2, -2, -2, -2, -2, -2, -2, -2, -2, -2, -2, -2, -2, -2, -2, -2, -2, -2, -2, -2, -2, -2, -2, -2, -2, -2, -2, -2, -2, -2, -2, -2, -2, -2, -2, -2, -2, -2, -2, -2, -2, -2, -2, -2, -2, -2, -2, -2, -2, -2, -2, -2, -2, -2, -2, -2, -2, -2, -2, -2, -2, -2, -2, -2, -2, -2, -2, -2, -2, -2, -2, -2, -2, -2, -2, -2, -2, -2, -2, -2, -2, -2, -2, -2, -2, -2, -2, -2, -2, -2, -2, -2, -2, -2, -2, -2, -2, -2, -2, -2, -2, -2, -2, -2, -2, -2, -2, -2, -2, -2, -2, -2, -2, -2, -2, -2, -2, -2, -2, -2, -2, -2, -2, -2, -2, -2, -2, -
target_str: -24, -36, -40, -39, -32, -23, -15, -12, -12, -13, -16, -28, -33, -47, -59, -70, -74, -77, -74, -64, -43, -14, 21, 59, 88
mse: 294.9842947166255
----------------------
pred_str: 45, 30, 25, 21, 16, 10, 2, -2, -13, -24, -32, -42, -53, -67, -85, -105, -126, -148, -159, -165, -161, -159, -156, -149, -140, -123, -107, -87, -65, -46, -26, -10, 1, 17, 28, 35, 39, 41, 39, 38, 36, 34, 32, 31, 30, 30, 29, 29, 28, 27, 27, 27, 27, 27, 27, 27, 27, 27, 27, 27, 27, 27, 27, 27, 27, 27, 27, 27, 27, 27, 27, 27, 27, 27, 27, 27, 27, 27, 27, 27, 27, 27, 27, 27, 27, 27, 27, 27, 27, 27, 27, 27, 27, 27, 27, 27, 27, 27, 27, 27, 27, 27, 27, 27, 27, 27, 27, 27, 27, 27, 27, 27, 27, 27, 27, 27, 27, 27, 27, 27, 27, 27, 27, 27, 27, 27,
target_str: -45, -38, -25, -6, 7, 55, 94, 96, 96, 90, 91, 87, 80, 74, 70, 69, 66, 61, 58, 59, 66, 76, 81, 90, 92
mse: 1.1091934183292758
----------------------
pred_str: -50, -51, -47, -40, -31, -24, -16, -4, 18, 47, 71, 80, 73, 60, 40, 16, -8, -33, -54, -67, -78, -84, -84, -78, -64, -39, -12, 12, 39, 63, 77, 79, 74, 57, 32, 12, -12, -37, -58, -71
target_str: -44, -39, -28, -6, 24, 58, 85, 99, 100, 88, 69, 44, 17, -7, -30, -47, -59, -66, -67, -67, -61, -54, -36, -6, 28
mse: 2736.9057129780786
----------------------
pred_str: 0, 0, -1, -1, -3, -11, -18, -22, -19, -20, -18, -13, -6, 1, 14, 21, 27, 30, 30, 27, 22, 13, 3, -1, -2, -3
target_str: -6, -3, 0, 1, 1, -1, -5, -10, -15, -21, -28, -34, -40, -41, -40, -35, -29, -24, -18, -16, -14, -10, -2, 9, 22
mse: 760.0432808338197
----------------------
pred_str: -5, -7, -8, -10, -14, -21, -27, -33, -40, -46, -53, -59, -63, -66, -69, -71, -72, -70, -64, -54, -45, -37, -28, -18, -5, 3, 14, 31, 48, 62, 75, 84, 89, 90, 90, 87, 81, 71, 59, 42, 25, 7, 0, -4, -10, -22, -33, -41, -48, -55, -61, -64, -68, -71, -71
target_str: -52, -53, -51, -51, -51, -50, -51, -45, -29, -10, 7, 21, 23, 17, 4, -13, -30, -47, -57, -63, -64, -62, -53, -43, -33
mse: 1531.7641808046167
----------------------
pred_str: 56, 49, 44, 34, 24, 14, 0, -11, -27, -37, -42, -39, -32, -14, 1, 16, 34, 48, 56, 52, 44, 33, 21, 7, -10, -29
target_str: -54, -67, -77, -79, -73, -67, -53, -30, 3, 41, 79, 111, 129, 133, 125, 108, 92, 76, 58, 33, 0, -32, -66, -93, -104
mse: 6953.567487800739
----------------------
pred_str: 0, 2, 10, 18, 23, 30, 37, 42, 47, 54, 58, 61, 63, 64, 65, 63, 57, 48, 38, 27, 16, 4, -5, -18, -32, -41, -48, -54, -57, -57
target_str: -26, -44, -64, -80, -85, -68, -60, -54, -43, -40, -19, 15, 30, 17, 11, 10, 4, 1, -13, -37, -48, -59, -73, -70, -57
mse: 0.7682334186116213
----------------------
pred_str: -2, -13, -13, -9, -4, 4, 16, 32, 45, 58, 64, 58, 50, 44, 37, 32, 29, 25, 21, 19, 17, 20, 30, 56, 71, 81, 79, 71, 61, 51, 41, 31, 22, 13, -1, -8, -20, -26, -26, -21, -12, -7, -1, 3, 10, 25, 39, 48, 48, 43, 35, 27, 19, 7, 0, -5, -14, -23, -26, -25, -19, -11, -5, -1, 3, 10, 23, 30, 32, 30, 24, 19, 13, 7, 0, -6, -15, -26, -34, -35, -25, -19, -13, -9, -5, -1, 4, 14, 29, 39, 43, 40, 33, 25, 17, 6, 1, -4, -12, -21, -29, -34, -33, -26, -19, -13, -7, -2, -1, 3, 10, 22, 32, 40, 42, 40, 36, 32, 27, 22, 17, 11, 5, -1, -10, -22, -29, -37, -42, -46, -50, -54, -59
target_str: 49, 52, 42, 39, 48, 56, 54, 46, 39, 34, 28, 23, 20, 16, 12, 10, 17, 44, 78, 92, 98, 87, 76, 57, 37
mse: 0.48309380066505025
----------------------
pred_str: 62, 40, 28, 20, 12, 8, 5, 3, 1, -2, -7, -10, -14, -20, -27, -35, -44, -49
target_str: 19, 14, 8, 3, 0, -3, -4, -3, -1, 1, 13, 34, 55, 69, 75, 73, 58, 37, 20, 9, 3, 1, 0, 1, 2
mse: 2.9444846519225507
----------------------
pred_str: 68, 64, 56, 47, 39, 27, 12, -13, -39, -64, -83, -85, -76, -68, -57, -47, -35, -17, 3, 23, 46, 59, 71, 75, 74, 71, 67, 65, 61, 57, 57, 55, 57, 58, 58, 60, 60, 62, 65
target_str: 55, 60, 51, 28, 10, -12, -31, -46, -56, -60, -62, -64, -65, -58, -45, -32, -15, 17, 45, 63, 60, 54, 53, 50, 50
mse: 0.10082677590024117
----------------------
pred_str: 37, 53, 41, 50, 50, 46, 43, 37, 33, 30, 28, 24, 22, 21, 20, 20, 20, 19, 18, 19, 20, 21, 22, 23, 23, 23, 22, 22, 21, 21, 21, 22
target_str: -51, -57, -57, -60, -74, -69, 6, 76, 15, -2, 23, 30, 18, 13, 23, 40, 47, 45, 43, 55, 85, 104, 87, 52, 45
mse: 0.3986181298055652
----------------------
pred_str: 32, 33, 32, 30, 26, 25, 25, 24, 23, 25, 24, 24, 24, 24, 23, 24, 24, 24, 25, 26, 27, 29, 30, 33, 41, 54, 69, 86, 94, 90, 89, 89, 89, 90, 90, 90, 90, 90, 90, 90
target_str: -31, -34, -34, -30, -25, -22, -21, -13, 20, 67, 46, 40, 42, 28, 24, 23, 25, 28, 30, 29, 28, 29, 32, 36, 45
mse: 0.18282435527710308
----------------------
pred_str: 51, 45, 43, 35, 33, 32, 32, 31, 31, 31, 30, 30, 30, 30, 30, 30, 29, 29, 29, 29, 29, 29, 29, 29, 29, 29, 29, 29, 29, 29, 29, 29, 29, 29, 29, 29, 29, 29, 29, 29, 29, 29, 29, 29, 29, 29, 29, 29, 29, 29, 29, 29, 29, 29, 29, 29, 29, 29, 29, 29, 29, 29, 29, 29, 29, 29, 29, 29, 29, 29, 29, 29, 29, 29, 29, 29, 29, 29, 29, 29, 29, 29, 29, 29, 29, 29, 29, 29, 29, 29, 29, 29, 29, 29, 29, 29, 29, 29, 29, 29, 29, 29, 29, 29, 29, 29, 29, 29, 29, 29, 29, 29, 29, 29, 29, 29, 29, 29, 29, 29, 29, 29, 29, 29, 29, 29, 29, 29, 
target_str: 46, 38, 16, -47, -38, -8, -35, -32, -34, -37, -37, -40, -51, -61, -68, -70, -63, -50, -41, -24, -46, -32, 18, 28, 24
mse: 0.34997430367357574
----------------------
pred_str: 40, 68, 62, 59, 44, 31, 13, -2, -18, -30, -39, -45, -46, -45, -42, -35, -25, -9, 12, 37, 60, 78, 88, 92, 87, 77, 60, 42, 23, 5, -11, -24, -35, -42, -46, -48, -48, -43, -30, -7, 19, 46, 64, 71, 68, 58, 43, 23, 2, -14, -28, -38, -44, -46, -48, -48, -43, -35, -29, -8, 16, 44, 69, 87, 95, 91, 78, 58, 34, 10, -12, -29, -42, -51, -53, -52, -48, -42, -34, -17, 3, 25, 45, 58, 64, 60, 50, 36, 20, 4, -9, -21, -30, -34, -33, -30, -27, -22, -12, 3, 27, 53, 76, 93, 100, 97, 84, 64, 41, 17
target_str: -3, -20, -32, -42, -48, -49, -44, -34, -23, -10, 2, 17, 33, 47, 56, 58, 51, 39, 24, 6, -8, -22, -31, -34, -34
mse: 8473.10202828961
----------------------
pred_str: 75, 58, 30, 15, 5, 0, -1, -5, -10, -14, -17, -17, -18, -18, -18, -18, -18, -18, -18, -18, -18, -18, -18, -18, -18, -18, -18, -18, -18, -18
target_str: 9, 3, 2, 4, 5, 5, 5, 6, 8, 12, 20, 42, 83, 99, 82, 52, 27, 12, 3, -3, -10, -15, -17, -15, -10
mse: 3.7663706450256114
----------------------
pred_str: -55, -61, -60, -58, -59, -62, -65, -65, -69, -72, -76, -77, -79, -79, -80, -81, -81, -81, -82, -82, -83
target_str: -67, -69, -86, -45, 4, 13, 18, 8, 0, 6, 23, 30, 33, 41, 48, 50, 56, 63, 70, 64, 62, 68, 44, 31, 4
mse: 1.522001100178528
----------------------
pred_str: 0, -1, -11, -15, -18, -19, -17, -13, -7, -2, 1, 12, 25, 48, 69, 59, 38, 25, 16, 9, 5, 3, 2, 1, 1, 0
target_str: 5, 3, 2, 10, 31, 73, 101, 83, 46, 22, 10, 2, -1, -4, -7, -11, -14, -15, -11, -3, 17, 54, 81, 78, 50
mse: 4.815261400558623
----------------------
pred_str: 19, 28, 19, 17, 16, 20, 36, 62, 84, 80, 77, 73, 84, 76, 57, 40, 11, -7, -26, -40, -50, -57, -68, -84, -90, -80, -63, -50, -29, 25, 100, 89, 71, 56, 29, 21, 16, 12, 7, 10, 21, 36, 55, 72, 82, 84, 96, 99, 79, 62, 35, 3, -25, -46, -63, -69, -80, -85, -75, -62, -55, -44, -11, 67, 94, 73, 69, 41, 29, 24, 16, 11, 13, 15, 27, 48, 68, 77, 81, 82, 86, 80, 61, 49, 25, 0, -28, -44, -57, -64, -72, -86, -88, -70, -51, -37, -19, 42, 81, 60, 57, 41, 24, 21, 19, 15, 19, 28, 36, 55, 72, 84, 80, 77, 63, 50, 29, 25, 11, -7, -26, -40, -50, -57, -68, -84, -90, -80, -63, -
target_str: 14, 15, 25, 45, 64, 80, 78, 79, 83, 80, 66, 54, 35, 12, -10, -33, -52, -62, -65, -73, -81, -78, -65, -51, -42
mse: 0.3288197023473029
----------------------
pred_str: 1, 12, 20, 26, 36, 47, 57, 64, 67, 58, 45, 30, 20, 13, 8, 4, 2, 1, -2, -5, -10, -12, -10, -8, -4, 2, 13, 30, 49, 70, 80, 82, 79
target_str: -17, -15, -10, -4, 1, 9, 23, 46, 68, 73, 63, 48, 35, 26, 18, 14, 10, 7, 7, 4, 1, 0, 7, 23, 52
mse: 0.8860803558278305
----------------------
pred_str: -25, -33, -30, -28, -22, -12, 0, 6, 14, 23, 30, 35, 37, 36, 33, 27, 18, 4, -2, -10, -19, -25, -29, -32
target_str: -29, -29, -29, -26, -24, -21, -16, -7, 2, 12, 18, 20, 19, 14, 7, 0, -8, -16, -22, -27, -32, -37, -40, -40, -38
mse: 1420.4862273331123
----------------------
pred_str: 0, -1, -6, -12, -19, -28, -39, -49, -62, -74, -85, -96, -108, -121, -133, -145, -158, -171, -184, -197
target_str: 6, 0, -5, -8, -8, -6, -2, 3, 11, 24, 45, 63, 73, 67, 56, 44, 32, 23, 17, 13, 9, 6, 3, 1, 0
mse: 18.204024829887818
----------------------
pred_str: 59, 62, 57, 56, 54, 53, 52, 52, 51, 50, 49, 49, 49, 49, 50, 51, 53, 55, 58, 59, 61, 63, 67, 71, 74, 78
target_str: -70, -92, -51, 20, 42, 46, 48, 32, 12, 3, 16, 21, 18, 19, 22, 31, 58, 90, 88, 67, 52, 32, 11, 8, -12
mse: 0.25708974918792715
----------------------
pred_str: 27, 17, 1, -6, -21, -31, -35, -32, -27, -21, -13, -2, 4, 10, 13, 20, 24, 27, 28, 27, 25, 22, 19, 14, 9, 2, -3, -11, -17, -22, -27, -30, -33
target_str: -8, 15, 40, 62, 75, 78, 75, 64, 52, 41, 29, 20, 13, 5, -1, -9, -20, -31, -38, -44, -46, -46, -47, -44, -38
mse: 1198.0706313203468
----------------------
pred_str: 0, -2, -10, -23, -38, -48, -49, -39, -25, -11, 1, 12, 20, 27, 30, 26, 20, 10, 3, -1, -2, -5, -13, -19, -25, -26, -20, -11, -1, 0, 1, 2, 4, 6, 10, 16, 22, 28, 34, 40, 38, 30, 19, 6, 1, -1, -1, -2, -4, -8, -12, -18, -28, -35, -40, -39, -36, -32, -25, -19, -12, -4, 1, 5, 12, 21, 31, 41, 44, 40, 31, 20, 10, 3, 1, -1, -2, -4, -7, -14, -25, -38, -49, -54, -49, -44, -33, -22, -11, -4, 1, 3, 8, 17, 28, 39, 49, 50, 40, 28, 14, 2, -2, -5, -10, -19, -27, -35, -40, -35, -29, -20, -10, -1, 1, 3, 8, 16, 27, 40, 46, 43, 34, 21, 8, -1, -2, -5, -11, -19, -26, -33, -37, -40, -38, -32, -22, -11, 0, 1
target_str: 13, 33, 42, 40, 28, 15, 4, -3, -10, -11, -9, -7, -5, -3, -1, 2, 6, 15, 30, 49, 63, 69, 65, 56, 43
mse: 4124.263211553061
----------------------
pred_str: 92, 91, 88, 81, 71, 56, 39, 26, 18, 11, 8, 6, 6, 7, 8, 10, 14, 19, 26, 36, 44, 56, 63, 63, 58, 55, 51, 44, 33, 22, 11, 6, 1, 2, -2, -10, -32, -68, -110, -169, -190, -210, -220, -193, -174, -155, -138, -119, -97, -70, -46, -29, -16, -5, 5, 15, 24, 32, 41, 47, 52, 59, 64, 63, 62, 61, 60, 58, 57, 55, 54, 53, 52, 52, 52, 53, 53, 54, 55, 57, 59, 62, 64, 65, 66, 67, 69, 70, 68, 66, 64, 63, 63, 62, 61, 60, 58, 57, 57, 57, 56, 56, 55, 55, 55, 54, 54, 53, 52, 52, 52, 51, 50, 49, 48, 47, 46, 45, 44, 43, 42, 41, 40, 39, 38, 37, 37, 36, 3
target_str: 23, 36, 65, 76, 68, 45, 27, 13, -47, -57, -43, -75, -76, -78, -66, -61, -64, -72, -85, -94, -100, -94, -74, -51, -36
mse: 0.33811075823160813
----------------------
pred_str: -55, -44, -34, -29, -28, -27, -28, -27, -27, -27, -26, -26, -26, -25, -25, -25, -25, -25, -25, -25, -25, -25, -25, -24
target_str: -20, -21, -28, -41, -50, -59, -70, -77, -78, -75, -73, -66, -64, -71, -79, -84, -75, -50, -28, -24, -19, -13, -15, -26, -33
mse: 0.023085488235212358
----------------------
pred_str: -7, -19, -30, -33, -37, -37, -36, -35, -36, -35, -34, -35, -36, -36, -37, -36, -35, -36, -34, -33, -34, -33, -33, -34, -34, -33, -33, -32, -31, -32, -31, -31, -30, -30, -30, -29, -29, -29, -28, -28, -28, -27, -27, -27, -27, -27, -26, -26, -26, -26, -26, -26, -25, -25, -25, -25, -25, -25, -25, -25, -24, -24, -24, -24, -24, -23, -23, -23, -23, -23, -23, -23, -22, -22, -22, -22, -22, -22, -21, -21, -21, -21, -21, -21, -21, -21, -21, -20, -20, -20, -20, -20, -20, -20, -19, -19, -19, -19, -19, -19, -19, -19, -18, -18, -18, -18, -18, -18, -18, -17, -17, -17, -17, -17, -17, -17, -17, -17, -17, -17, -17, -17, -17, -17, -17, -17, -17, -17, -
target_str: -24, -39, -61, -79, -86, -85, -75, -59, -41, -27, -14, -7, -3, -2, -7, -14, -32, -51, -69, -67, -51, -50, -48, -30, -25
mse: 0.012736694030824296
----------------------
pred_str: 12, 16, 24, 32, 42, 50, 50, 50, 50, 50, 50, 50, 50, 50, 50, 50, 50, 50, 50, 50
target_str: 10, 13, 15, 17, 21, 29, 49, 73, 83, 70, 49, 35, 25, 16, 9, 4, 0, -2, -5, -7, -7, 0, 11, 28, 49
mse: 0.9046292964553869
----------------------
pred_str: 51, 34, 27, 19, 13, 12, 12, 15, 23, 45, 67, 65, 56, 40, 29, 18, 12, 7, 2, -4, -14, -32, -49, -62, -72, -74, -68
target_str: 22, 3, -16, -30, -38, -43, -51, -62, -73, -65, -48, -37, -18, 19, 60, 56, 42, 34, 17, 13, 15, 14, 11, 12, 25
mse: 1.2166160115857754
----------------------
pred_str: 0, -1, 6, 11, 18, 26, 31, 33, 33, 28, 20, 12, 4, -11, -27, -49, -73, -90, -97, -97, -93, -80, -54, -30, -10, 3, 12, 18, 26, 32, 34, 32, 29, 23, 14, 4, -6, -18, -39, -59, -78, -88, -90, -90
target_str: -44, -30, -15, 0, 16, 31, 45, 56, 63, 65, 60, 50, 35, 17, -5, -35, -67, -89, -97, -91, -77, -60, -41, -23, -8
mse: 3485.3493888039775
----------------------
