pred_str: 1, 2, 1, 1, 1, 1, 2, 1, 1, 1, 1, 1, 1, 1, 1, 1, 1, 1, 1, 1, 1, 1, 1, 1, 1, 1, 1, 1, 1, 1, 1, 1, 1, 1, 1, 1, 1, 1, 1, 1, 1, 1, 1, 1, 1, 1, 1, 1, 1, 1, 1, 1, 1, 1, 1, 1, 1, 1, 1, 1, 1, 1, 1, 1, 1, 1, 1, 1, 1, 1, 1, 1, 1, 1, 1, 1, 1, 1, 1, 1, 1, 1, 1, 1, 1, 1, 1, 1, 1, 1, 1, 1, 1, 1, 1, 1, 1, 1, 1, 1, 1, 1, 1, 1, 1, 1, 1, 1, 1, 1, 1, 1, 1, 1, 1, 1, 1, 1, 1, 1, 1, 1, 1, 1, 1, 1, 1, 1, 1, 1, 1, 1, 1, 1, 1, 1, 1, 1, 1, 1, 1, 1, 1, 1, 1, 1, 1, 1, 1, 1, 1, 1, 1, 1, 1, 1, 1, 1, 1, 1, 1, 1, 1, 1, 1, 1, 1, 1, 1, 1, 1,
target_str: 1, 4, 7, 13, 25
mse: 0.00391688817475413
----------------------
pred_str: 40, 11, 32, 37, 22
target_str: -19, -10, -5, -8, 7
mse: 0.038295473244654224
----------------------
pred_str: 18, 21, 5, 21, 18
target_str: 92, -15, -4, -9, -6
mse: 0.11467489257586683
----------------------
pred_str: -6, -5, -5, -1, -1
target_str: -7, -6, -3, -3, -4
mse: 0.0005780872134241559
----------------------
pred_str: 60, 2, 1, 10, 10
target_str: -11, -5, -18, -18, -21
mse: 0.009829384744006225
----------------------
pred_str: 0, -14, -8, -2, 0
target_str: -7, -8, -9, -8, 7
mse: 0.0012569828879207875
----------------------
pred_str: 9, -25, -16, -15, -10, 43
target_str: -21, -45, -11, -17, -5
mse: 0.004266678927398453
----------------------
pred_str: 40, 32, 40, 24, 11
target_str: 34, 14, 0, -10, -11
mse: 0.01668579117019054
----------------------
pred_str: -1, 0, -2, 0, 0
target_str: -1, -2, 1, 6, 14
mse: 0.004265195138006704
----------------------
pred_str: 15, 0, 0, -14, -7
target_str: -12, -15, -7, -5, -22
mse: 0.0009815531786467925
----------------------
pred_str: 2, 1, 3, 4, 5
target_str: -11, -12, -7, -11, -10
mse: 0.0023643135794450937
----------------------
pred_str: 52, 65, 73, 20, 0
target_str: 2, -5, -4, -8, -8
mse: 0.01930970853645528
----------------------
pred_str: -10, -7, -6, -9, -5
target_str: -9, -11, -10, -5, -5
mse: 0.00033277921906322996
----------------------
pred_str: -10, -4,  -7,  -5,  -8
target_str: -2, 2, 9, 19, 31
mse: 0.04550063145655655
----------------------
pred_str: 0, 4, 4, 3, 3
target_str: -4, -2, -3, -1, 7
mse: 0.00037283342706510294
----------------------
pred_str: 43, 48, 3, 1, 0
target_str: 14, 11, 8, 4, 5
mse: 0.04538592269527597
----------------------
pred_str: -1, -2, -4, -5, -3
target_str: -2, -2, 0, 0, -2
mse: 0.0006476083951163176
----------------------
pred_str: 0, -14, -11, -19, -14, 12
target_str: 29, -7, -21, -20, -26
mse: 0.0015135518779426705
----------------------
pred_str: -18, 0, 56, 58, 44
target_str: -6, -9, -10, -8, 3
mse: 0.054356220574566974
----------------------
pred_str: 50, -100, -88, -94, -92
target_str: -92, -92, -92, -92, -92
mse: 1.1958062411151649e-05
----------------------
pred_str: 0, -11, -23, -14, -30
target_str: 8, 49, -51, -31, -7
mse: 0.007300914478601428
----------------------
pred_str: -2, 0, 0, -3, 0, 0, 0, 0, 0, 0, 0, 0, 0, 0, 0, 0, 0, 0, 0, 0, 0, 0, 0, 0, 0, 0, 0, 0, 0, 0, 0, 0, 0, 0, 0, 0, 0, 0, 0, 0, 0, 0, 0, 0, 0, 0, 0, 0, 0, 0, 0, 0, 0, 0, 0, 0, 0, 0, 0, 0, 0, 0, 0, 0, 0, 0, 0, 0, 0, 0, 0, 0, 0, 0, 0, 0, 0, 0, 0, 0, 0, 0, 0, 0, 0, 0, 0, 0, 0, 0, 0, 0, 0, 0, 0, 0, 0, 0, 0, 0, 0, 0, 0, 0, 0, 0, 0, 0, 0, 0, 0, 0, 0, 0, 0, 0, 0, 0, 0, 0, 0, 0, 0, 0, 0, 0, 0, 0, 0, 0, 0, 0, 0, 0, 0, 0, 0, 0, 0, 0, 0, 0, 0, 0, 0, 0, 0, 0, 0, 0, 0, 0, 0, 0, 0, 0, 0, 0, 0, 0, 0, 0, 0, 0, 0, 0, 0, 0, 0, 0, 0
target_str: -1, 4, 9, 18, 26
mse: 0.007904412787691882
----------------------
pred_str: -3, 0, -4, 0, 0
target_str: -7, -8, -9, -4, -3
mse: 0.0011219566411219079
----------------------
pred_str: 1.12, 14, 15, 18, 17
target_str: -14, -16, -14, -12, -14
mse: 0.02183480382589419
----------------------
pred_str: -12, -3, 0, 1, 4
target_str: -15, -4, -8, -3, -3
mse: 0.0004958565974128841
----------------------
pred_str: 10, 10, 12, 12
target_str: 21, 105, -6, -3, -3
mse: 0.043492622725084376
----------------------
pred_str: -12, -5, -8, -13, -7
target_str: 0, 4, 13, 27, 49
mse: 0.008322659800133459
----------------------
pred_str: -10, -11, -12, -13, -14
target_str: -12, -5, -6, -13, -18
mse: 0.00022153397955464974
----------------------
pred_str: 1, 12, 18, 20, 25
target_str: -16, 72, -56, -26, -25
mse: 0.029498156044039943
----------------------
pred_str: -4, -11, -8, 27, 23
target_str: -11, -2, 6, 11, 16
mse: 0.0006047942179659377
----------------------
pred_str: 15, 28, 21, 24, 12
target_str: 20, 24, 33, 43, 52
mse: 0.018724263922978077
----------------------
pred_str: 1, 2, 4, 3
target_str: 16, 23, 21, 3, -4
mse: 0.005743810290647805
----------------------
pred_str: 1, 1, 0, 0
target_str: -4, 0, 4, 16, 26
mse: 0.009049803334369727
----------------------
pred_str: -1, -4, 0, 2, 13
target_str: -18, -10, -17, -8, -8
mse: 0.006635512397834298
----------------------
pred_str: 0, -8, -10, -7, -9
target_str: -7, -7, -13, -4, -7
mse: 0.0006070258733193106
----------------------
pred_str: -1, -4, -11, -13, -15
target_str: -1, -3, -7, -23, -9
mse: 0.0013477582137491097
----------------------
pred_str: 0, 1, 1, 1, 1
target_str: -7, -6, -3, -4, -7
mse: 0.002142185157033566
----------------------
pred_str: 50, 40, 30, 9, 26
target_str: -2, -6, -2, -3, -3
mse: 0.045479400516136706
----------------------
pred_str: 8, 4, 7, 1, -5
target_str: -6, -6, -5, -5, -5
mse: 0.01010738299445468
----------------------
pred_str: -1, -4, -5, -3, -6
target_str: -1, 1, 9, -2, -9
mse: 0.0013778913493679378
----------------------
pred_str: -1, -10, 2, -1, 1
target_str: 20, 31, 25, 13, 0
mse: 0.017677572851591727
----------------------
pred_str: 44, 2, 11, 9, 8
target_str: -12, -19, -17, -18, -17
mse: 0.01539737941929446
----------------------
pred_str: 37, 47, 33, 8, 0
target_str: -9, -8, -10, -10, -13
mse: 0.0347763165468765
----------------------
pred_str: -1, 0, -2, 0, 2
target_str: -37, -38, -42, -37, -19
mse: 0.01134759073796824
----------------------
pred_str: -4, 0, -19, 0
target_str: -28, -10, -8, -3, 0
mse: 0.0010359601320215552
----------------------
pred_str: -3, -1, 0, -1, -5
target_str: -17, -9, -33, 32, 64
mse: 0.11100668542193626
----------------------
pred_str: -2, -5, -7, -8, -5
target_str: -5, -6, -9, -8, -6
mse: 0.00012130256612329822
----------------------
pred_str: 52, 16, 0, 14, 10
target_str: -5, -14, -16, -5, 83
mse: 0.03131894655786001
----------------------
pred_str: 0, -4, -6, -6, -5
target_str: 0, 5, 5, -11, 1
mse: 0.0012398192073724995
----------------------
pred_str: 13, -5, -12, -15, -7
target_str: -10, -14, -25, -18, -35
mse: 0.01660448295572169
----------------------
