pred_str: -15, -13, -13, -14, -12
target_str: 30, 42, 45, 36, 10
mse: 0.0357900790822671
----------------------
pred_str: -5, -11, -5, -10, -11
target_str: -1, -13, -3, 5, 0
mse: 0.0011618116564694532
----------------------
pred_str: -6, -6, -6, -6, -5
target_str: -6, -6, -7, -5, -7
mse: 1.884018902382895e-05
----------------------
pred_str: -5, -5, -7, -6, -5
target_str: -1, -7, -8, -8, -9
mse: 0.0001287412916628313
----------------------
pred_str: -23, -27, -17, -22, -19
target_str: -12, -2, -8, 0, 4
mse: 0.00577765796730755
----------------------
pred_str: -10, -10, -13, -16, -12
target_str: -23, -4, -15, -10, -9
mse: 0.0007975680020087595
----------------------
pred_str: -18, -17, -17, -18, -17
target_str: -9, -5, -12, -5, 13
mse: 0.004141701553738402
----------------------
pred_str: -12, -12, -12, -12, -11
target_str: 6, -2, -15, -13, -17
mse: 0.0014758148068666022
----------------------
pred_str: -2, -5, -6, -5, -6
target_str: 12, 4, -1, -3, -5
mse: 0.0009639896717192487
----------------------
pred_str: -20, -14, -25, -22, -28
target_str: -14, 5, -6, 0, -13
mse: 0.004606426216326182
----------------------
pred_str: -2, -1, -1, -2, -1
target_str: 0, -8, -1, 5, 17
mse: 0.0013376534206918568
----------------------
pred_str: -17, -14, -16, -15, -12
target_str: -2, 3, 3, -1, -11
mse: 0.0033661137722574416
----------------------
pred_str: -2, -1, -1, -1, -1
target_str: 3, -11, -2, -1, 2
mse: 0.0004239042530361516
----------------------
pred_str: -5, -2, -1, -2, -2
target_str: -3, -5, -4, -5, -5
mse: 0.00012560126015885982
----------------------
pred_str: -16, -16, -15, -13, -15
target_str: -12, -18, -20, -13, -17
mse: 0.0001538615436946033
----------------------
pred_str: -17, -11, -10, -10, -8
target_str: 34, 24, 7, -4, -10
mse: 0.01304683089900156
----------------------
pred_str: -2, -2, -2, -2, -2
target_str: -5, -6, -5, -5, -1
mse: 0.00013816138617474578
----------------------
pred_str: -11, -17, -15, -15, -18
target_str: -16, -1, 11, 13, -23
mse: 0.00554529563601366
----------------------
pred_str: -18, -14, -17, -18, -16
target_str: -10, -8, 3, -1, 0
mse: 0.0032813329216502124
----------------------
pred_str: -98, -97, -98, -98, -98
target_str: -81, -81, -81, -81, -81
mse: 0.004433724483607747
----------------------
pred_str: -13, -15, -13, -15
target_str: 91, 94, 71, 22, -10
mse: 0.098038063616998
----------------------
pred_str: -14, -13, -11, -10, -12
target_str: 0, -8, -9, -8, -6
mse: 0.000832108348552446
----------------------
pred_str: -5, -5, -4, -4, -4
target_str: 4, 15, 23, 20, 20
mse: 0.0074167544123806715
----------------------
pred_str: -15, -20, -19, -13, -12
target_str: 1, 9, 15, 11, 5
mse: 0.009790618229383121
----------------------
pred_str: -5, -6, -7, -8, -9
target_str: 33, 24, 5, -5, -6
mse: 0.007868918948952561
----------------------
