pred_str: -22, -13, 11, 25, 39, 48, 46, 36, 23, 4, -1, -13, -22, -27
target_str: -8, 15, 40, 62, 75, 78, 75, 64, 52, 41
mse: 1418.66726631449
----------------------
pred_str: -49, -53, -54, -54, -55, -57, -63, -68, -74, -76, -76
target_str: -56, -55, -48, -41, -39, -34, -37, 1, 74, 39
mse: 6401.618727261642
----------------------
pred_str: -65, -47, -25, -11, 11, 16, 21, 24, 28, 33, 37
target_str: -57, -42, -20, -2, 4, 6, 2, 3, 13, 28
mse: 214.77708532426286
----------------------
pred_str: -50, -51, -45, -34, -21, -10, -1, 20, 41, 61, 77, 83, 75, 53, 30, 13, 0, -11, -17, -23, -26, -25, -21, -16, -10, -4, 16, 30, 45, 54, 48, 31, 15, -1, -13, -19, -26, -30, -33 Predict the next entry: -34, -36, -39, -42, -46, -50, -55, -60, -63, -65, -62
target_str: -52, -53, -51, -51, -51, -50, -51, -45, -29, -10
mse: 2999.9558644253584
----------------------
pred_str: 9, 0, -2, -7, -11, -14, -15, -13, -8, -1, 11, 32, 64, 88, 79, 47, 24, 12, 6, 1, -1, -5, -10, -15, -16, -15, -10, -3
target_str: 9, 3, 2, 4, 5, 5, 5, 6, 8, 12
mse: 299.8571198402495
----------------------
pred_str: -5, -1, 0, -2, 1, 1, 2, 2, 2, 2, 2, 2, 2, 2, 2, 2, 2, 2, 2, 2, 2, 2, 2, 2, 2, 2, 2, 2, 2, 2, 2, 2, 2, 2, 2, 2, 2, 2, 2, 2, 2, 2, 2, 2, 2, 2, 2, 2, 2, 2, 2, 2, 2, 2, 2, 2, 2, 2, 2, 2, 2, 2, 2, 2, 2, 2, 2, 2, 2, 2, 2, 2, 2, 2, 2, 2, 2, 2, 2, 2, 2, 2, 2, 2, 2, 2, 2, 2, 2, 2, 2, 2, 2, 2, 2, 2, 2, 2, 2, 2, 2, 2, 2, 2, 2, 2, 2, 2, 2, 2, 2, 2, 2, 2, 2, 2, 2, 2, 2, 2, 2, 2, 2, 2, 2, 2, 2, 2, 2, 2, 2, 2, 2, 2, 2, 2, 2, 2, 2, 2, 2, 2, 2, 2, 2, 2, 2, 2, 2, 2, 2, 2, 2, 2, 2, 2, 2, 2, 2, 2, 2, 2, 2, 2, 2, 2, 2, 2, 2, 2, 2
target_str: 13, 33, 42, 40, 28, 15, 4, -3, -10, -11
mse: 965.4199214969551
----------------------
pred_str: -45, -35, -13, 23, 54, 78, 86, 84, 82, 82, 83, 78, 68
target_str: -45, -38, -25, -6, 7, 55, 94, 96, 96, 90
mse: 646.1774773366072
----------------------
pred_str: -14, -1, 17, 34, 41, 36, 17, 1, -10, -23, -27, -29, -37, -58, -79, -87, -82, -60, -23, 7, 26, 39, 37, 21, 1, -12, -24, -26, -29, -42, -59, -75, -77
target_str: -11, 18, 43, 63, 75, 77, 57, 39, 38, 23
mse: 1875.1454985187077
----------------------
pred_str: -12, -20, -26, -28, -22, -16, -9, -1, 6, 13, 13
target_str: -22, -42, -67, -104, -94, -65, -52, -45, -37, -23
mse: 3470.2807568582175
----------------------
pred_str: 82, 66, 51, 41, 31, 21, 15, 10, 7, 4, 0, -5, -9, -12, -15, -16, -15, -11
target_str: 68, 55, 48, 37, 24, 13, 5, 0, -7, -14
mse: 180.77584187393185
----------------------
pred_str: 32, 12, -21, -31, -37, -40, -40, -36, -27, -12, 0, 12, 19, 27, 31, 28, 9, -16, -40, -62, -76, -83, -86, -83
target_str: 38, 29, 20, 13, 4, -3, -12, -19, -24, -25
mse: 1268.200225163251
----------------------
pred_str: 77, 93, 101, 96, 85, 71, 57, 42, 27, 10, -2, -13
target_str: 79, 91, 93, 83, 64, 40, 15, -6, -24, -38
mse: 1633.2904998584347
----------------------
pred_str: -45, -27, -1, 2, 15, 24, 32, 38, 39, 37, 32, 24, 14, 5, -3, -19
target_str: -44, -30, -15, 0, 16, 31, 45, 56, 63, 65
mse: 325.0888118124409
----------------------
pred_str: 12, 28, 50, 52, 45, 30, 18, 9, 3, 1, 0, -2, -5
target_str: 5, 3, 2, 10, 31, 73, 101, 83, 46, 22
mse: 3298.8898735836983
----------------------
pred_str: 17, 31, 50, 74, 93, 93, 74, 57, 43, 33, 25, 19
target_str: 19, 14, 8, 3, 0, -3, -4, -3, -1, 1
mse: 5785.903902428046
----------------------
pred_str: -42, -54, -61, -66, -69, -73, -73, -69, -60, -42
target_str: -47, -55, -61, -69, -74, -79, -87, -91, -92, -87
mse: 588.4830597172672
----------------------
pred_str: 40, 27, 14, 0, -15, -31, -48, -67, -84, -95, -104, -109
target_str: 34, 9, -15, -36, -53, -57, -54, -43, -29, -15
mse: 2254.5439887834873
----------------------
pred_str: 10, 11, 10, 9, 8, 6, 4, 3, 2, 2, 2
target_str: 10, 13, 15, 17, 21, 29, 49, 73, 83, 70
mse: 2907.952499795051
----------------------
pred_str: 3, 3, 3, 2, 1, 0, 0, 0, -1, -2, -3
target_str: 8, 6, 7, 7, 5, 1, -5, -5, -2, 0
mse: 22.61621170678126
----------------------
pred_str: -40, -46, -43, -37, -27, -11, 11, 21, 27, 29, 30
target_str: -42, -53, -62, -57, -39, -12, 21, 51, 73, 85
mse: 1109.4251878748278
----------------------
pred_str: 51, 63, 60, 45, 22, -17, -43, -34, -31, -39, -51, -63, -70
target_str: 46, 38, 16, -47, -38, -8, -35, -32, -34, -37
mse: 2278.852570073768
----------------------
pred_str: -31, -37, -42, -43, -44, -43, -39, -32, -26, -19, -15, -12
target_str: -31, -34, -34, -30, -25, -22, -21, -13, 20, 67
mse: 1729.4478625573345
----------------------
pred_str: 54, 45, 36, 28, 22, 15, 4, -21, -48, -73, -81, -76, -65
target_str: 55, 60, 51, 28, 10, -12, -31, -46, -56, -60
mse: 524.1730155442432
----------------------
pred_str: 18, 1, -23, -36, -40, -36, -31, -25, -17, -5, 15, 33, 47, 56, 62, 61, 53, 38, 18, -2, -22
target_str: 19, 17, 17, 20, 23, 31, 36, 42, 46, 51
mse: 4543.858479918896
----------------------
pred_str: 41, 42, 42, 43, 44, 45, 47, 49, 53, 58, 63, 70, 79, 87, 84, 78, 66
target_str: 41, 42, 46, 50, 58, 70, 73, 74, 75, 72
mse: 441.09305417239386
----------------------
