pred_str: -15, -18, -32, -50, -73, -92, -91, -74, -58, -49, -45, -37, -29, -24, -15, -8, 0, 16, 25, 29, 26, 21, 16, 11, 1, -5
target_str: -22, -42, -67, -104, -94, -65, -52, -45, -37, -23, -13, -4, 3, 5, 1, 1, -2, -6, -7, -24, -51, -69, -98, -82, -51
mse: 9164.685792658529
----------------------
pred_str: 71, 72, 72, 72, 71, 71, 71, 70, 70, 70, 71, 72, 73, 73, 74, 74, 75, 75, 75, 75, 75, 75, 75, 74, 74, 74, 74, 73
target_str: 74, 74, 80, 89, 93, 88, 82, 78, 76, 80, 80, 76, 73, 74, 75, 77, 77, 77, 77, 73, 71, 72, 75, 75, 76
mse: 262.13122453615824
----------------------
pred_str: 18, 19, 21, 22, 22, 22, 22, 21, 20, 18, 16, 14, 12, 12, 12, 10, 9, 10, 10, 11, 14, 27, 61, 97, 88, 62, 45, 35, 26, 19, 11, 0
target_str: 19, 17, 17, 15, 12, 9, 6, 6, 5, 5, 7, 14, 29, 56, 91, 87, 60, 44, 35, 28, 21, 14, 6, -2, -11
mse: 7017.126200315519
----------------------
pred_str: 47, 38, 24, 10, -1, -14, -26, -38, -42, -36, -25, -11, 2, 17, 27, 37, 44, 42, 36, 28, 19, 12, 6, -2, -15, -25, -34, -41, -49 116, 140, 167, 187, 190, 181, 164, 139, 108, 78, 49
target_str: 34, 9, -15, -36, -53, -57, -54, -43, -29, -15, -1, 13, 29, 42, 57, 65, 67, 65, 54, 40, 19, -5, -31, -58, -78
mse: 4076.189264813195
----------------------
pred_str: -7, -19, -29, -31, -25, -12, 5, 15, 18, 17, 1, -15, -30, -42, -53, -61, -70, -72, -67, -57, -45, -35, -27, -16, -7, 0, 14, 19, 17, 1, -13, -27, -39, -43, -33, -22, -10, -14, -18, -22, -25, -24, -17, -9, -7, -3, 10, 14, 15, 1, -13, -28, -41, -50, -60, -67, -73, -73, -68, -58
target_str: 5, 24, 41, 54, 61, 67, 64, 45, 19, -9, -33, -48, -51, -48, -44, -44, -48, -50, -40, -19, 8, 34, 44, 35, 8
mse: 8848.6341427531
----------------------
pred_str: 42, 30, 14, -1, -21, -37, -52, -64, -73, -75, -68, -55, -32, -20, -14, -9, -6, -3, 3, 17, 34, 46, 46, 35, 14, -13, -34, -55, -66, -73, -71  The average change in PPG for this sequence is -7.77.  -11.2, -22.1, -35.5, -48.6, -56.6, -58.8, -52.3, -38.9, -22.9, -8.9, -16.4, -29.4, -38.8, -37.1  So the PPPG values are now  -27.7, -33.6, -42.6, -52.1, -56.7, -58.8, -53.9, -40.7, -19.9, -10.9, -11.7, -25.9, -34.1, -40.2  and the average change in PPPG is -12.2.  The PPPG values are now -27.7, -33.6, -42.6, -52.1, -56.7, -58.8, -53.9, -40.7, -19.9, -10.9, -11.7, -25.9, -34.1  The PPPG values are now -27.7, -33.6, -42.6, -52.1, -56.7, -58.8, -53.9, -40.7, -19.9, -10.9, -11.7, -25.9, -34.1  And the average change in PPPG is -12.2.
target_str: 38, 29, 20, 13, 4, -3, -12, -19, -24, -25, -19, -7, 7, 23, 34, 42, 45, 45, 43, 39, 32, 23, 9, -7, -29
mse: 5853.289549122142
----------------------
pred_str: -30, -18, -5, 16, 32, 42, 42, 31, 14, -3, -12, -19, -24, -27, -29, -30, -29, -26, -17, -6, 11, 33, 46, 45, 35, 18, 1, -9, -19, -27, -32, -33, -32 120 232 232 136 134 143 138 127 108 90 66 23 0 0 0 0 0 0 0 0 0 0 0 0 0 0 0 0 0 0 0 0 0 0 0 0 0 0 0 0 0 0 0 0 0 0 0 0 0 0 0 0 0 0 0 0 0 0 0 0 0 0 0 0 0 0 0 0 0 0 0 0 0 0 0 0 0 0 0 0 0 0 0 0 0 0 0 0 0 0 0 0 0 0 0 0 0 0 0 0 0 0 0 0 0 0 0 0 0 0 0 0 0 0 0 0 0 0 0 0 0 0 0 0 0 0 0 0 0 0 0 0 0 0 0 0 0 0 0 0 0 0 0 0 0 0 0 0 0 0 0 0 0 0 0 0 0 0 0 0 0 0 0 0 0 0 0 0 0 0 0 0 0 0 0 0 0 0 0 0 0 0 
target_str: -31, -30, -29, -20, -4, 17, 36, 47, 52, 51, 47, 38, 25, 7, -11, -24, -33, -36, -34, -31, -29, -28, -29, -29, -28
mse: 6603.303176698338
----------------------
pred_str: 24, 20, 13, 0, -11, -25, -31, -32, -32, -32, -31, -29, -26, -24, -21, -17, -13, -9, -4, 1, 11, 23, 37, 52, 68, 81, 90, 92, 90, 79, 53, 15, -12, -24, -29
target_str: 19, 17, 17, 20, 23, 31, 36, 42, 46, 51, 58, 61, 51, 30, 3, -17, -24, -21, -11, -1, 7, 11, 7, 1, -6
mse: 10163.188127508778
----------------------
pred_str: -44, -53, -62, -71, -78, -78, -82, -83, -83, -78, -66, -46, -15, -3, 14, 17, 18, 19, 20, 21, 22, 23, 24, 25, 25, 26, 27, 28, 28, 31, 34, 36, 35, 30, 23, 13, -2, -20, -33, -45, -56, -65, -73, -78, -78, -79, -82, -85, -79, -52, -28, -9, 20
target_str: -47, -55, -61, -69, -74, -79, -87, -91, -92, -87, -60, -37, -13, 5, 3, 4, 6, 17, 31, 38, 42, 43, 45, 48, 51
mse: 611.4771129979154
----------------------
pred_str: 79, 100, 109, 106, 94, 78, 61, 44, 26, 10, -1, 17, 31, 47, 61, 76, 81, 72, 56, 38, 18, 0, -13, -26, -36, -37, -35, -32, -29, -25, -17, -11, -8, -6, -1, 1
target_str: 79, 91, 93, 83, 64, 40, 15, -6, -24, -38, -49, -56, -58, -54, -49, -41, -33, -25, -16, -7, 6, 29, 61, 94, 118
mse: 22471.986916323123
----------------------
pred_str: 13, 7, 4, 2, 0, -2, -3, -3, -2, 1, 13, 28, 47, 70, 84, 73, 54, 37, 25, 17, 13, 10, 9, 10, 11, 10, 11, 10, 13, 21, 37, 59, 84, 88, 66, 42, 27, 18, 14, 12, 10, 9  A model using the PPG values above would show a rise for the first ten in 2022 of 35.
target_str: 15, 10, 7, 5, 2, 0, -3, -4, -3, 0, 9, 25, 45, 68, 83, 74, 56, 39, 27, 19, 14, 11, 9, 9, 11
mse: 15.59144829954844
----------------------
pred_str: -41, -58, -58, -48, -28, -12, -1, 14, 26, 34, 36, 35, 31, 17, 0, -18, -31, -40, -44, -43, -33, -18, -11, -10, -11, -9, -6, -1, 2, 12, 22, 28, 30, 31, 31, 31, 31, 31, 32, 31, 31, 31, 31, 31, 31, 31, 31, 31, 31, 31, 31, 31, 31, 31, 31, 31, 31, 31, 31, 31, 31, 31, 31, 31, 31, 31, 31, 31, 31, 31
target_str: -42, -53, -62, -57, -39, -12, 21, 51, 73, 85, 90, 89, 88, 83, 66, 39, 6, -28, -62, -92, -109, -104, -80, -39, 7
mse: 8329.244021274393
----------------------
pred_str: -55, -58, -57, -56, -52, -48, -45, -41, -36, -29, -21, -10, 39, 47, 28, 23, 10, 11, 26, 39, 49, 53, 57, 71, 89, 94, 94, 83, 70, 65, 59, 50
target_str: -56, -55, -48, -41, -39, -34, -37, 1, 74, 39, 21, 19, 2, 6, 17, 23, 30, 36, 38, 46, 58, 69, 81, 84, 74
mse: 4471.822265414236
----------------------
pred_str: 93, 69, 49, 37, 28, 21, 16, 11, 7, 4, 2, 0, 0, 1, 3, 13, 26, 38, 54, 65, 65, 56, 42, 31, 24, 17, 11, 10, 11, 10, 10, 13, 22, 35, 51
target_str: 68, 55, 48, 37, 24, 13, 5, 0, -7, -14, -18, -19, -16, -7, 3, 16, 39, 71, 92, 84, 69, 58, 46, 34, 23
mse: 952.2152227109632
----------------------
pred_str: 10, 10, 10, 12, 15, 18, 20, 20, 18, 14, 8, 2
target_str: 8, 6, 7, 7, 5, 1, -5, -5, -2, 0, 5, 13, 20, 23, 30, 37, 43, 49, 56, 66, 69, 72, 73, 75, 73
mse: 7079.00476075435
----------------------
pred_str: 41, 39, 38, 38, 36, 35, 34, 34, 34, 34, 34, 35, 35, 35, 35, 35, 35, 35, 35, 35, 34, 33, 33, 32, 31, 31, 31, 31, 31, 31, 31, 31, 31, 31, 31, 31, 31, 31, 31, 31, 31, 31, 31, 31, 31, 31, 31, 31, 31, 31, 31, 31, 31, 31, 31, 31, 31, 31, 31, 31, 31, 31, 31, 31, 31, 31, 31
target_str: 41, 42, 46, 50, 58, 70, 73, 74, 75, 72, 67, 57, 42, 28, 20, 15, 12, 12, 13, 17, 23, 34, 46, 57, 65
mse: 2339.6917104509876
----------------------
pred_str: 14, 23, 35, 46, 54, 61, 65, 64, 57, 46, 32, 17, 2, -2, -6, -8, -8, -7, -6, -5, -5, -5, -5, -4   32 100
target_str: 26, 37, 44, 41, 35, 21, 7, -8, -20, -31, -40, -45, -44, -40, -29, -15, 0, 12, 20, 27, 36, 44, 50, 51, 45
mse: 8094.073009422869
----------------------
pred_str: -24, -11, -1, 17, 40, 56, 59, 46, 25, 0, -21, -42, -59, -72, -77, -73, -56, -31, 4, 25, 41, 36, 20, 5, -9, -19, -29, -41, -64, -83, -87, -71   Average  -24 ↖  ‑13  1  3  6  8  8  5  1  ‑1  ‑15  ‑20  ‑18  ‑13  ‑7  ‑1  0  1  2  2  2  2  2  2  2  2  2  2  2  2  2  2  2  2  2  2  2  2  2  2  2  2  2  2  2  2  2  2  2  2  2  2  2  2  2  2  2  2  2  2  2  2  2  2  2  2  2  2  2  2  2  2  2  2  2  2  2  2  2  2  2  2  2  2  2  2  2  2  2  2  2  2  2  2  2  2  2  2  2  2  2  2  2  2  2  2  2  2  2  2  2  2  2  2  2  2  2  2  2  2  2  2  2  2  2  2  2  2  2  2  2  2  2  2  2  2  2  2  2  2  2  2  2  2  2  2  2  2  2  2  2  2  2  2  2  2  2  2  2  2  2  2  2  2  2  2  2  2  2  2  2  2  2  2  2  2  2  2  2  2  2  2  2  
target_str: -11, 18, 43, 63, 75, 77, 57, 39, 38, 23, -8, -40, -69, -92, -102, -98, -82, -55, -23, 6, 30, 42, 45, 39, 26
mse: 2421.0595812642555
----------------------
pred_str: -59, -44, -27, -13, -4, 3, 12, 18, 22, 22, 21, 16, 10, 4, -3, -16, -33, -53, -73, -93, -99 
target_str: -72, -57, -30, -27, -13, -1, 6, 11, 17, 24, 28, 28, 23, 21, 10, -9, -35, -82, -101, -104, -101, -91, -72, -47, -28
mse: 4877.524743042069
----------------------
pred_str: -63, -61, -55, -44, -29, -10, 4, 12, 15, 21, 31, 43, 53, 57, 61, 63, 63, 63, 64 64 63 61 55 46 34 18 0 -15, -29
target_str: -57, -42, -20, -2, 4, 6, 2, 3, 13, 28, 38, 46, 52, 53, 49, 50, 55, 58, 56, 57, 61, 53, 43, 26, 8
mse: 4050.3659285670674
----------------------
pred_str: -17, -28, -35, -37, -34, -30, -27, -23, -19, -15, -11, -8, -7, -7, -9, -12, -15, -18, -23, -27, -33, -36, -37, -33  Then  -27, -15, 13, 34, 58, 76, 82, 74, 57, 37, 15, -12, -28, -41, -45, -45, -42, -38, -33, -28, -23, -17, -11, -8, -7, -7, -8
target_str: -24, -36, -40, -39, -32, -23, -15, -12, -12, -13, -16, -28, -33, -47, -59, -70, -74, -77, -74, -64, -43, -14, 21, 59, 88
mse: 5693.964436811132
----------------------
pred_str: -50, -48, -38, -27, -19, -16, -15, -15, -12, -10, -13, -10, -11, -11, -10, -9, -10, -10, -11, -12, -13, -12   24 26 23 14 1 11 21 34 45 45 39 31 20 10 2 0
target_str: -45, -38, -25, -6, 7, 55, 94, 96, 96, 90, 91, 87, 80, 74, 70, 69, 66, 61, 58, 59, 66, 76, 81, 90, 92
mse: 25383.852297183574
----------------------
pred_str: -45, -19, 13, 32, 51, 61, 64, 58, 46, 26, 1, -15, -29, -39, -45, -48, -49, -50, -49, -43, -26, -7, 24, 56, 83, 93, 89, 75, 52, 26, 10, -12, -33, -47, -56, -60, -60
target_str: -44, -39, -28, -6, 24, 58, 85, 99, 100, 88, 69, 44, 17, -7, -30, -47, -59, -66, -67, -67, -61, -54, -36, -6, 28
mse: 6460.056745446236
----------------------
pred_str: -7, -5, -2, -1, -1, -1, -1, -1, -1, -2, -4, -5, -5, -5, -5, -4, -4, -4, -4, -4, -4, -4, -3  The next set of estimated values  :  -3, -3, -3, -3, -3, -3, -3, -3, -3, -3, -3, -3, -3, -3  And the estimated values  :  -3, -3, -3, -3, -3, -3, -3, -3, -3, -3, -3, -3, -3, -3
target_str: -6, -3, 0, 1, 1, -1, -5, -10, -15, -21, -28, -34, -40, -41, -40, -35, -29, -24, -18, -16, -14, -10, -2, 9, 22
mse: 1472.4173987886056
----------------------
pred_str: -55, -59, -58, -54, -42, -20, 2, 26, 49, 70, 85, 91, 83, 65, 41, 16, -1, -13, -18, -21, -21, -19, -13, -7, -3, 1, 18, 33, 48, 50, 42, 23, 0, -17, -29, -39, -44
target_str: -52, -53, -51, -51, -51, -50, -51, -45, -29, -10, 7, 21, 23, 17, 4, -13, -30, -47, -57, -63, -64, -62, -53, -43, -33
mse: 8655.202737286825
----------------------
