pred_str: -15, -36, -70, -97, -83, -58, -42, -39, -31, -27, -22, -17, -12, 0, 13, 19, 23, 23, 20, 18, 17, 17, 16, 16, 16, 15, 15, 15, 14, 15, 14, 14, 14, 13, 13, 13, 13, 13, 12, 12, 12, 12, 12, 12, 12, 12, 12, 12, 12, 12, 12, 12, 12, 12, 12, 12, 12, 12, 12, 12, 12, 12, 12, 12
target_str: -22, -42, -67, -104, -94, -65, -52, -45, -37, -23, -13, -4, 3, 5, 1, 1, -2, -6, -7, -24, -51, -69, -98, -82, -51
mse: 7233.295134551965
----------------------
pred_str: 71, 71, 72, 72, 74, 77, 81, 82, 80, 77, 75, 74, 75, 76, 77, 77, 78, 79, 80, 80, 80, 81, 82, 84, 87, 88, 88, 89, 88, 88, 88
target_str: 74, 74, 80, 89, 93, 88, 82, 78, 76, 80, 80, 76, 73, 74, 75, 77, 77, 77, 77, 73, 71, 72, 75, 75, 76
mse: 229.32421873919156
----------------------
pred_str: 23, 23, 21, 20, 18, 16, 15, 14, 13, 12, 11, 11, 11, 11, 10, 10, 10, 10, 10, 10, 10, 10, 10, 10, 10, 10, 10, 10, 10, 10, 10, 10, 10, 10, 10, 10, 10, 10, 10, 10, 10, 10, 10, 10, 10, 10, 10, 10, 10, 10, 10, 10, 10, 10, 10, 10, 10, 10, 10, 10, 10
target_str: 19, 17, 17, 15, 12, 9, 6, 6, 5, 5, 7, 14, 29, 56, 91, 87, 60, 44, 35, 28, 21, 14, 6, -2, -11
mse: 3352.648617162275
----------------------
pred_str: 47, 44, 42, 44, 44, 45, 45, 46, 46, 46, 47, 47, 48, 48, 49, 50, 51, 52, 53, 54, 55, 56, 58, 59, 60, 62, 63, 65, 67, 69, 72, 74, 77, 80, 82, 84, 86, 88, 90, 92, 94, 96, 98, 100, 102, 104, 106, 108, 110, 112, 114, 116, 118, 120, 122, 124, 126, 128, 130, 132, 134, 136, 138, 140
target_str: 34, 9, -15, -36, -53, -57, -54, -43, -29, -15, -1, 13, 29, 42, 57, 65, 67, 65, 54, 40, 19, -5, -31, -58, -78
mse: 17599.334500874662
----------------------
pred_str: 0, 15, 25, 34, 37, 38, 38, 37, 35, 34, 33, 32, 31, 29, 27, 26, 25, 24, 23, 21, 19, 18, 16, 15, 15, 15, 13, 12, 11, 10, 10, 9, 8, 8, 7, 6, 6, 5, 4, 4, 4, 4, 4, 4, 4, 4, 4, 4, 4, 4, 3, 2, 2, 2, 2, 2, 2, 2, 2, 2, 2, 2, 2, 2, 2, 2, 2, 2, 2, 2
target_str: 5, 24, 41, 54, 61, 67, 64, 45, 19, -9, -33, -48, -51, -48, -44, -44, -48, -50, -40, -19, 8, 34, 44, 35, 8
mse: 9153.154617353655
----------------------
pred_str: 41, 38, 33, 27, 19, 15, 15, 15, 17, 20, 20, 17, 11, 5, 1, -6, -17, -25, -31, -31, -28, -21, -15, -10, -8, -6, -5, -5, -4, -2, -1, 0, 2, 8, 16, 24, 31, 34, 34, 30, 19, 14, 12, 12, 14, 18, 20, 20, 19, 17, 15, 14, 16, 20, 24, 31, 39, 48, 59, 70, 82, 94, 105, 108, 107, 95, 78, 59, 40, 17, -1, -14, -24, -30, -31, -30
target_str: 38, 29, 20, 13, 4, -3, -12, -19, -24, -25, -19, -7, 7, 23, 34, 42, 45, 45, 43, 39, 32, 23, 9, -7, -29
mse: 6188.992920321795
----------------------
pred_str: -27, -16, -1, 11, 27, 40, 42, 35, 25, 13, 2, -3, 1, 6, 15, 20, 21, 14, 6, -1, -9, -16, -20, -22, -25, -28, -29, -31, -31, -32, -33, -33, -34, -34, -34, -34, -33, -32, -30, -27, -19, -8, -2, 10, 24, 33, 32, 24, 14, 0, -10, -18, -24, -27, -30, -31, -31, -31, -30, -29, -28, -27, -26, -25, -24, -23, -22, -21, -20
target_str: -31, -30, -29, -20, -4, 17, 36, 47, 52, 51, 47, 38, 25, 7, -11, -24, -33, -36, -34, -31, -29, -28, -29, -29, -28
mse: 3458.378125943588
----------------------
pred_str: 24, 20, 14, 9, 3, -4, -13, -21, -27, -33, -35, -34, -32, -29, -26, -23, -23, -22, -17, -10, -1, 12, 24, 37, 48, 55, 59, 60, 61, 60, 51, 36, 14, -4, -21, -30, -32
target_str: 19, 17, 17, 20, 23, 31, 36, 42, 46, 51, 58, 61, 51, 30, 3, -17, -24, -21, -11, -1, 7, 11, 7, 1, -6
mse: 8794.551306464042
----------------------
pred_str: -55, -64, -72, -80, -88, -96, -100, -104, -110, -105, -94, -75, -49, -23, -11, -4, 8, 14, 17, 18, 17, 19, 24, 34, 44, 50, 56, 64, 72, 78, 82, 88, 95, 102, 97, 87, 75, 63, 55, 49, 47, 43, 46, 49, 45, 41, 33, 19, -1, -17, -30, -43, -54, -57
target_str: -47, -55, -61, -69, -74, -79, -87, -91, -92, -87, -60, -37, -13, 5, 3, 4, 6, 17, 31, 38, 42, 43, 45, 48, 51
mse: 1509.4470885000335
----------------------
pred_str: 77, 97, 112, 118, 106, 85, 60, 36, 11, -1, -18, -33, -45, -50, -49, -42, -32, -21, -11, -1, 8, 21, 38, 56, 74, 93, 104, 98, 85, 60, 34, 9, -5, -18, -28, -31, -28, -23, -17, -11, -4, 3, 15, 35, 57, 76, 90, 94, 90, 78, 60, 39, 17, 3, -10, -26, -37, -44, -44, -40, -34, -28, -23, -16, -9
target_str: 79, 91, 93, 83, 64, 40, 15, -6, -24, -38, -49, -56, -58, -54, -49, -41, -33, -25, -16, -7, 6, 29, 61, 94, 118
mse: 2846.9010129456724
----------------------
pred_str: 18, 15, 13, 12, 11, 10, 9, 10, 10, 12, 16, 29, 55, 86, 97, 76, 45, 30, 21, 15, 13, 12, 11, 11, 12, 14, 16, 21, 32, 58, 89, 104, 74, 43, 27, 19, 15, 13, 12, 11, 10, 9, 11, 14, 20, 35
target_str: 15, 10, 7, 5, 2, 0, -3, -4, -3, 0, 9, 25, 45, 68, 83, 74, 56, 39, 27, 19, 14, 11, 9, 9, 11
mse: 309.71762403373833
----------------------
pred_str: -39, -51, -55, -49, -30, -6, 21, 42, 57, 65, 68, 61, 46, 27, 8, -15, -36, -51, -58, -56, -46, -25, -10, 14, 36, 52, 62, 69, 70, 61, 46, 26, 8, -11, -31, -47, -58, -59, -49, -28, -5, 21, 45, 60, 64, 64, 57, 42, 20, 3, -11, -30, -45, -57, -61, -54, -35, -13, 0, 24, 43, 56, 62, 64, 61, 54, 40, 21, 2, -14, -36, -55, -66
target_str: -42, -53, -62, -57, -39, -12, 21, 51, 73, 85, 90, 89, 88, 83, 66, 39, 6, -28, -62, -92, -109, -104, -80, -39, 7
mse: 5813.174051934763
----------------------
pred_str: -53, -47, -39, -36, -29, -27, -18, -13, -4, 61, 47, 25, 17, 5, 11, 16, 24, 29, 37, 49, 61, 77, 88, 82, 77, 68, 62, 47, 39, 24, 0, -14, -26, -35, -45
target_str: -56, -55, -48, -41, -39, -34, -37, 1, 74, 39, 21, 19, 2, 6, 17, 23, 30, 36, 38, 46, 58, 69, 81, 84, 74
mse: 1413.949467665299
----------------------
pred_str: 63, 44, 35, 25, 16, 8, 0, -10, -19, -25, -29, -32, -27, -14, 4, 21, 49, 79, 97, 87, 69, 53, 42, 31, 21, 15, 10, 10, 8, 5, 3, 3, 8, 16, 26, 45, 64
target_str: 68, 55, 48, 37, 24, 13, 5, 0, -7, -14, -18, -19, -16, -7, 3, 16, 39, 71, 92, 84, 69, 58, 46, 34, 23
mse: 272.20070156294986
----------------------
pred_str: 7, 7, 7, 7, 7, 7, 7, 7, 7, 7, 7, 7, 7, 7, 7, 7, 7, 7, 7, 7, 7, 7, 7, 7, 7, 7, 7, 7, 7, 7, 7, 7, 7, 7, 7, 7, 7, 7, 7, 7, 7, 7, 7, 7, 7, 7, 7, 7, 7, 7, 7, 7, 7, 7, 7, 7, 7, 7, 7, 7, 7, 7, 7, 7, 7, 7, 7, 7, 7, 7, 7, 7, 7, 7, 7, 7, 7, 7, 7, 7, 7, 7, 7, 7, 7, 7, 7, 7, 7, 7, 7, 7
target_str: 8, 6, 7, 7, 5, 1, -5, -5, -2, 0, 5, 13, 20, 23, 30, 37, 43, 49, 56, 66, 69, 72, 73, 75, 73
mse: 5310.999487953473
----------------------
pred_str: 40, 39, 37, 33, 29, 27, 26, 26, 27, 29, 33, 37, 41, 44, 47, 51, 52, 52, 51, 50, 48, 45, 43, 41, 39, 37, 34, 31, 29, 28, 26, 25, 24, 24, 24, 25, 26, 28, 30, 32, 35, 38, 42, 46, 51, 55, 58, 59, 60, 59, 56, 51, 45, 39, 36, 34, 32, 31, 29, 29, 28, 28, 29, 30, 30, 30, 31, 32, 33, 35
target_str: 41, 42, 46, 50, 58, 70, 73, 74, 75, 72, 67, 57, 42, 28, 20, 15, 12, 12, 13, 17, 23, 34, 46, 57, 65
mse: 3734.476689581425
----------------------
pred_str: 17, 23, 32, 42, 52, 62, 72, 76, 70, 57, 40, 22, 1, -5, -14, -22, -27, -26, -20, -12, -1, 10, 24, 41, 55, 64, 69, 70, 61, 48, 33, 17, 1, -7, -15, -21, -24, -25, -24, -25, -25, -26, -25, -24, -19, -10, 10, 27, 45, 62, 78, 82, 72, 56, 37, 18, 0, -8, -15, -22, -27, -29, -28, -27, -25, -22, -18
target_str: 26, 37, 44, 41, 35, 21, 7, -8, -20, -31, -40, -45, -44, -40, -29, -15, 0, 12, 20, 27, 36, 44, 50, 51, 45
mse: 8546.874653788924
----------------------
pred_str: 0, 10, 17, 20, 17, 11, 2, -15, -37, -52, -62, -69, -66, -49, -26, 2, 28, 48, 62, 59, 37, 13, -13, -24, -28, -35, -49, -78, -97, -100, -88, -58, -22, 12, 38, 54, 60, 53, 29, 3, -17, -34, -45, -51, -59, -67, -68, -59
target_str: -11, 18, 43, 63, 75, 77, 57, 39, 38, 23, -8, -40, -69, -92, -102, -98, -82, -55, -23, 6, 30, 42, 45, 39, 26
mse: 15086.999982690131
----------------------
pred_str: -59, -48, -26, -14, -2, 11, 23, 28, 27, 22, 14, 6, -3, -24, -55, -81, -93, -87, -76, -54, -31, -15, -4, 1, 11, 18, 23, 22, 17, 10, 3, -1, -18, -40, -56, -65, -57, -44
target_str: -72, -57, -30, -27, -13, -1, 6, 11, 17, 24, 28, 28, 23, 21, 10, -9, -35, -82, -101, -104, -101, -91, -72, -47, -28
mse: 6465.741127638779
----------------------
pred_str: -59, -53, -46, -23, 0, 12, 17, 24, 31, 41, 47, 53, 56, 63, 67, 73, 77, 79, 82, 85, 87, 89, 88, 83, 73, 63, 54, 45, 31, 11, -1, -11, -20, -31, -42, -56, -69, -76, -82, -93, -98, -102, -99, -97, -95, -95, -94, -95, -96, -97, -97, -97, -96, -94, -92, -90
target_str: -57, -42, -20, -2, 4, 6, 2, 3, 13, 28, 38, 46, 52, 53, 49, 50, 55, 58, 56, 57, 61, 53, 43, 26, 8
mse: 2827.2492916514498
----------------------
pred_str: -17, -34, -47, -51, -52, -50, -46, -42, -35, -31, -24, -18, -13, -9, -9, -12, -17, -20, -27, -30, -32, -32, -27, -18, 4, 37, 67, 85, 85, 73, 50, 23, -2, -22, -41, -54, -59, -58, -52, -47, -40, -35, -31, -27, -22, -15, -10, -9, -11, -15, -18, -20, -24, -24, -18, -10, 10, 40, 71, 90, 95, 93, 80, 57, 29, 0, -23, -42, -56, -62, -63, -58, -53, -48, -44, -39, -35, -31, -28, -26, -25, -25, -24, -24, -24, -24, -24, -24, -24, -23, -23, -22, -21, -21, -20, -19, -18, -17, -16, -15, -15, -15, -14, -13, -13, -13, -13, -13, -13
target_str: -24, -36, -40, -39, -32, -23, -15, -12, -12, -13, -16, -28, -33, -47, -59, -70, -74, -77, -74, -64, -43, -14, 21, 59, 88
mse: 6099.829325358753
----------------------
pred_str: -45, -38, -35, -29, -20, -5, 27, 72, 90, 93, 85, 83, 80, 75, 69, 64, 61, 61, 64, 72, 87, 94, 97, 89, 76, 64, 54, 47, 41, 32, 23, 11, -1, -22, -35, -41, -41, -34, -20, -14, 14, 71, 89, 91, 83, 80, 75, 72, 70, 70, 73, 84, 95, 98, 88, 76, 64, 54, 48, 45, 37, 27, 17
target_str: -45, -38, -25, -6, 7, 55, 94, 96, 96, 90, 91, 87, 80, 74, 70, 69, 66, 61, 58, 59, 66, 76, 81, 90, 92
mse: 1892.8992701170523
----------------------
pred_str: 40, 19, 2, 2, 0, 0, 0, 0, 0, 0, 0, 0, 0, 0, 0, 0, 0, 0, 0, 0, 0, 0, 0, 0, 0, 0, 0, 0, 0, 0, 0, 0, 0, 0, 0, 0, 0, 0, 0, 0, 0, 0, 0, 0, 0, 0, 0, 0, 0, 0, 0, 0, 0, 0, 0, 0, 0, 0, 0, 0, 0, 0, 0, 0, 0, 0, 0, 0, 0, 0, 0, 0, 0, 0, 0, 0, 0, 0, 0, 0, 0, 0, 0, 0, 0, 0, 0, 0, 0
target_str: -44, -39, -28, -6, 24, 58, 85, 99, 100, 88, 69, 44, 17, -7, -30, -47, -59, -66, -67, -67, -61, -54, -36, -6, 28
mse: 13935.83138324014
----------------------
pred_str: -8, -10, -12, -12, -14, -15, -17, -19, -22, -26, -30, -31, -30, -25, -22, -18, -14, -8, -1, 11, 24, 35, 43, 36, 23, 9, -1, -8, -11, -10, -9, -9, -8, -7, -7, -5, -3, 0, 10, 18, 25, 27, 28, 26, 21, 14, 9, 9, 15, 21, 25, 28, 28, 20, 13, 6, 0, -6, -11, -16, -20, -23, -24, -23, -20, -16, -13, -11, -10, -11, -10, -9, -8, -7, -6, -5, -4, -2
target_str: -6, -3, 0, 1, 1, -1, -5, -10, -15, -21, -28, -34, -40, -41, -40, -35, -29, -24, -18, -16, -14, -10, -2, 9, 22
mse: 1590.1653156341536
----------------------
pred_str: -54, -59, -61, -62, -62, -60, -58, -50, -37, -20, -6, 12, 33, 53, 70, 81, 87, 84, 75, 59, 41, 23, 6, -6, -15, -25, -32, -34, -28, -20, -8, -1, 9, 27, 45, 58, 64, 68, 70, 65, 56, 44, 29, 12, 0, -10, -21, -29, -36, -38, -33, -26, -17, -8, -4, 2, 17, 35, 53
target_str: -52, -53, -51, -51, -51, -50, -51, -45, -29, -10, 7, 21, 23, 17, 4, -13, -30, -47, -57, -63, -64, -62, -53, -43, -33
mse: 16588.651347040388
----------------------
