pred_str: -10, -21, -31, -34, -33, -34, -31, -28, -25, -19, -17, -18, -18, -18, -18, -18, -18, -18, -18, -18, -18, -18, -18, -18, -18, -18, -18, -18, -18, -18, -18, -18, -18, -18, -18, -18, -18, -18, -18, -18, -18, -18, -18, -18, -18, -18, -18, -18, -18, -18, -18, -18, -18, -18, -18, -18, -18, -18, -18, -18, -18, -18, -18, -18, -18, -18, -18, -18, -18, -18, -18, -18, -18, -18, -18, -18, -18, -18, -18, -18, -18, -18, -18, -18, -18, -18, -18, -18, -18, -18, -18, -18, -18, -18, -18, -18, -18, -18, -18, -18, -18, -18, -18, -18, -18, -18, -18, -18, -18, -18, -18, -18, -18, -18, -18, -18, -18, -18, -18, -18, -18, -18, -18, -18, -18, -18, -18, -18,
target_str: -11, 18, 43, 63, 75
mse: 29316.366086685604
----------------------
pred_str: 64, 58, 51, 51, 50, 52, 55, 64, 75, 83, 86, 77, 68, 61, 54, 47, 37, 14, -14, -38, -53, -66, -72, -72, -67, -65, -56, -49, -42, -28, -15, 1, 33, 72, 86, 79, 71, 63, 59, 52, 51, 50, 51, 53, 56, 68, 76, 85, 81, 72, 64, 59, 54, 50, 45, 42, 40, 39, 41, 47, 59, 66, 76, 83, 85, 75, 66, 61, 54, 51, 50, 50, 51, 54, 57, 67, 77, 85, 89, 80, 72, 63, 59, 54, 50, 45, 42, 40, 39, 41, 47, 59, 66, 76, 85, 88, 78, 68, 62, 54, 51, 50, 50, 51, 54, 57, 67, 77, 85, 89, 80, 72, 63, 59, 54, 50, 45, 42, 40, 39, 41, 47, 59, 66, 76, 85, 89, 80, 
target_str: 55, 60, 51, 28, 10
mse: 2312.223808055357
----------------------
pred_str: 73, 73, 72, 73, 74.
The series of daily mean temperatures above 8°F.
The series of daily mean temperatures below 8°F.
The series of daily mean temperatures above 10°F.
The series of daily mean temperatures below 10°F.
The series of daily mean temperatures above 12°F.
The series of daily mean temperatures below 12°F.
The series of daily mean temperatures above 14°F.
The series of daily mean temperatures below 14°F.
The series of daily mean temperatures above 16°F.
The series of daily mean temperatures below 16°F.
The series of daily mean temperatures above 18°F.
The series of daily mean temperatures below 18°F.
The series of daily mean temperatures above 20°F.
The series of daily mean temperatures below 20°F.
The series of daily mean temperatures above 22°F.
The series of daily mean temperatures below 22°F.
The series of daily mean temperatures above 24°F.
The series of daily mean temperatures below 24°F.
The series of daily mean temperatures above 26°F.
The series of daily mean temperatures below 26°F.
The series of daily mean temperatures above 28°F.
The series of daily mean temperatures below 28°F.
The series of daily mean temperatures above 30°F.
The series of daily mean temperatures below 30°F.
The series of daily mean temperatures above 32°F.
The series of daily mean temperatures below 32°F.
The series of daily mean temperatures above 34°F.
The series of daily mean temperatures below 34°F.
The series of daily mean temperatures above 36°F.
The series of daily mean temperatures below 36°F.
The series of daily mean temperatures above 38°F.
The series of daily mean temperatures below 38°F.
The series of daily mean temperatures above 40°F
target_str: 74, 74, 80, 89, 93
mse: 9368.997191537765
----------------------
pred_str: -1, -1, -1, -1, -1, -1, -1, -1, -1, -1, -1, -1, -1, -1, -1, -1, -1, -1, -1, -1, -1, -1, -1, -1, -1, -1, -1, -1, -1, -1, -1, -1, -1, -1, -1, -1, -1, -1, -1, -1, -1, -1, -1, -1, -1, -1, -1, -1, -1, -1, -1, -1, -1, -1, -1, -1, -1, -1, -1, -1, -1, -1, -1, -1, -1, -1, -1, -1, -1, -1, -1, -1, -1, -1, -1, -1, -1, -1, -1, -1, -1, -1, -1, -1, -1, -1, -1, -1, -1, -1, -1, -1, -1, -1, -1, -1, -1, -1, -1, -1, -1, -1, -1, -1, -1, -1, -1, -1, -1, -1, -1, -1, -1, -1, -1, -1, -1, -1, -1, -1, -1, -1, -1, -1, -1, -1, -1, -1, -1, -1, -1, -1, -1, -1, -1, -1, -1, -1, -1, -1, -1, -1, -1, -1, -1, -1, -1, -1, -1, -1, -1, -1, -1, -1, -1, -1, -1, -1, -1, -1, -1, -1, -1, -1, -1, -1, -1, -1, -1, -1, -1
target_str: -24, -36, -40, -39, -32
mse: 5931.992425363335
----------------------
pred_str: -44, -39, -34, -26, -15, -2, 25, 57, 82, 91, 88, 76, 54, 16, 0, -19, -36, -48, -55, -59, -59, -57, -52, -36, -8, 23, 55, 81, 90, 87, 74, 49, 16, -10, -31, -48, -58, -59, -55, -50
target_str: -44, -39, -28, -6, 24
mse: 2043.8220381049389
----------------------
pred_str: 19, 15, 13, 11, 9, 10, 10, 10, 10, 10, 10, 10, 10, 10, 10, 10, 10, 10, 10, 10, 10, 10, 10, 10, 10, 10, 10, 10, 10, 10, 10, 10, 10, 10, 10, 10, 10, 10, 10, 10, 10, 10, 10, 10, 10, 10, 10, 10, 10, 10, 10, 10, 10, 10, 10, 10, 10, 10, 10, 10, 10, 10, 10, 10, 10, 10, 10, 10, 10, 10, 10, 10, 10, 10, 10, 10, 10, 10, 10, 10, 10, 10, 10, 10, 10, 10, 10, 10, 10, 10, 10, 10, 10, 10, 10, 10, 10, 10, 10, 10, 10, 10, 10, 10, 10, 10, 10, 10, 10, 10, 10, 10, 10, 10, 10, 10, 10, 10, 10, 10, 10, 10, 10, 10, 10, 10, 10, 10, 
target_str: 19, 17, 17, 15, 12
mse: 46.996418862913764
----------------------
pred_str: -25, -18, -12, -4, -13, -23, -28, -31, -30, -26, -19, -11, -3, -13, -22, -30, -39, -46, -54, -61, -69, -75, -75, -76, -76, -77, -80, -81, -83, -83, -82, -82, -82, -81, -80, -79, -78, -77, -77, -76, -75, -75, -74, -73, -73, -72, -71, -70, -69, -68, -67, -66, -66, -65, -64, -63, -62, -61, -60, -59, -58, -57, -56, -55, -54, -53, -52, -51, -50, -49, -48, -47, -46, -45, -44, -43, -42, -41, -40, -39, -38, -37, -36, -35, -34, -33, -32, -31, -30, -29, -28, -27, -26, -25, -24, -23, -22, -21, -20, -19, -18, -17, -16, -15, -14, -13, -12, -11, -10, -9, -8, -7, -6, -5, -4, -3, -2, -1, 0, 1, 2, 3, 4, 5, 6, 7, 8, 9, 10, 11, 12, 13, 14, 
target_str: -20, -21, -28, -41, -50
mse: 3162.3368070422875
----------------------
pred_str: -2, -11, -18, -23, -23, -15, -4, 20, 49, 63, 63, 49, 29, 14, 6, 2, 0, -1, -6, -10, -15, -18, -15, -7, 15, 46, 70, 69, 51, 32, 19, 10, 6, 5, 6, 7, 8, 9, 10, 9, 8, 7, 14, 42, 70, 84, 68, 41, 23, 13, 7, 4, 6, 7, 8, 9, 10, 9, 8, 7, 14, 42, 70, 84, 68, 41, 23, 13, 7, 4, 6, 7, 8, 9, 10, 9, 8, 7, 14, 42, 70, 84, 68, 41, 23, 13, 7, 4, 6, 7, 8, 9, 10, 9, 8, 7, 14, 42, 70, 84, 68, 41, 23, 13, 7, 4, 6, 7, 8, 9, 10, 9, 8, 7, 14, 42, 70, 84, 68, 41, 23, 13, 7, 4, 6, 7, 8, 9, 10, 9, 8, 7, 14, 42, 70, 84, 68, 41, 23, 13, 7, 4, 6, 7, 8
target_str: 5, 3, 2, 10, 31
mse: 4856.2966158344225
----------------------
pred_str: 17, 10, 5, 2, 0, 0, 1, 4, 10, 21, 36, 57, 70, 70, 60, 45, 31, 20, 14, 9, 9, 6, 2, 0, -1, -1, 1, 8, 19, 39, 67, 86, 79, 62, 49, 40, 32, 25
target_str: 19, 14, 8, 3, 0
mse: 31.33094590860918
----------------------
pred_str: -17, -25, -27, -25, -22, -16.
Guyana 1994-1995 2004-2005 2013-2014 2022-2023 2031-2032 2040-2041 2049-2050 2058-2059 2067-2068 2076-2077 2085-2086 2094-2095 2103-2104 2112-2113 2121-2122 2130-2131 2139-2140 2148-2149 2157-2158 2166-2167 2175-2176 2184-2185 2193-2194 2202-2203 2211-2212 2220-2221 2229-2230 2238-2239 2247-2248 2256-2257 2265-2266 2274-2275 2283-2284 2292-2293 2301-2302 2310-2311 2319-2320 2328-2329 2337-2338 2346-2347 2355-2356 2364-2365 2373-2374 2382-2383 2391-2392 2400-2401 2409-2410 2418-2419 242
target_str: -22, -42, -67, -104, -94
mse: 13930.782915831258
----------------------
pred_str: -44, -56, -54, -50, -38, -21.
target_str: -42, -53, -62, -57, -39
mse: 132.63433767977878
----------------------
pred_str: -31, -34, -37, -41, -44, -47, -49, -52, -56, -62, -69, -76, -84, -90, -97, -105, -114, -122, -131, -140, -149, -158, -167, -176, -185, -194, -203, -212, -221, -230, -239, -248, -257, -266, -275, -284, -293, -302, -311, -320, -329, -338, -347, -356, -365, -374, -383, -392, -401, -410, -419, -428, -437, -446, -455, -464, -473, -482, -491, -500, -509, -518, -527, -536, -545, -554, -563, -572, -581, -590, -599, -608, -617, -626, -635, -644, -653, -662, -671, -680, -689, -698, -707, -716, -725, -734, -743, -752, -761, -770, -779, -788, -797, -806, -815, -824, -833, -842, -851, -860, -869, -878, -887, -896, -905, -9
target_str: -31, -34, -34, -30, -25
mse: 512.7831480375705
----------------------
pred_str: -36, -36, -34, -32, -28
target_str: -47, -55, -61, -69, -74
mse: 4904.337399560956
----------------------
pred_str: -1, 4, 7, 10, 14, 19.
The PG data are yearly averages for the Pennsylvania area as calculated from the PPG data.
The PG data are yearly averages for the Pennsylvania area as calculated from the PG data.
The PG data are yearly averages for the Pennsylvania area as calculated from the PG data. The PG data are a 20 year average.
target_str: 8, 6, 7, 7, 5
mse: 182.7638511335535
----------------------
pred_str: -12, -28, -35, -41, -46, -44, -50, -55, -66, -69, -65, -64, -54, -48, -38, -29, -25, -25, -25, -26, -25, -27, -30, -35, -40, -42, -43, -45, -46, -46, -45, -42, -36, -29, -26, -26, -26, -25, -26, -26, -26, -27, -27, -27, -27, -26, -25, -24, -23, -22, -21, -20, -19, -18, -18, -17, -16, -15, -15, -14, -13, -13, -13, -13, -12, -12, -12, -11, -10, -9, -8, -8, -7, -6, -6, -6, -5, -5, -5, -5, -4, -4, -4, -3, -3, -3, -3, -3, -2, -2, -2, -2, -2, -2, -2, -2, -2, -2, -2, -2, -2, -2, -2, -2, -2, -2, -2, -2, -2, -2, -2, -2, -2, -2, -2, -2, -2, -2, -2, -2, -2, -2, -2, -2, -2, -2, -2, -2, -2, -2, -2, -2, -2, -2, -2, -2, -2, -2, -2, -2, -2, -2, -2, -2, -2, -2, -2, -2
target_str: -24, -39, -61, -79, -86
mse: 4161.793981526917
----------------------
pred_str: -1, -5, -12, -22, -34, -46, -54, -63, -70, -72, -71, -62, -51, -38, -22, -17, -10, -16, -28, -42, -57, -68, -76, -82, -84, -82, -77, -71, -64, -55, -45, -33, -20, -13, -7, -4, -11, -22, -38, -53, -68, -81, -89, -91, -88, -82, -71, -56, -38, -25, -17, -10, -15, -28, -42, -57, -72, -83, -89, -92, -91, -89, -82, -73, -63, -53, -43, -32, -20, -12, -7, -3, 2, 12, 26, 42, 58, 77, 80, 71, 54, 37, 18, 2, -11, -23, -37, -47, -53, -62, -70, -73, -72, -70, -64, -57, -50, -44, -38, -30, -21, -14, -7, 2, 12, 26, 42, 58, 77, 80, 71, 54, 37, 18, 2, -11, -23, -37, -47, -53, -62, -70, -73, -72, -70, -64, -57, -50, -44, -38, -30
target_str: 13, 33, 42, 40, 28
mse: 12787.203390167026
----------------------
pred_str: -50, -47, -46, -47, -45, -41.
The data has been compiled for every year from 1994 to 2018. The series is the most recent 25 years of data on the average temperature in New York. For the period 1994-2018, the average temperature in New York was 50.1°F, which ranked #3 among all cities.
Average Temperature in New York
Temperatures in New York are sufficiently cold that snow often forms. Weather in New York City is influenced by the Atlantic Ocean, the Gulf Stream, and the North Atlantic Current. These currents can create moderate temperatures in the winter and cooler temperatures in the summer. In the winter, the average low temperature is 25°F and the average high temperature is 43°F. In the summer, the average low temperature is 64°F and the average high temperature is 81°F.
New York is in the humid subtropical climate zone. The climate is moderate with warm summers and cool winters.
New York, New York United States
New York City, New York United States
New York City, New York $100.00
New York City, New York $99.00
New York City, New York $109.00
New York City, New York $99.00
New York City, New York $119.00
New York City, New York $109.00
New York City, New York $99.00
New York City, New York $9.00
New York City, New York $10.00
New York City, New York $10.00
New York City, New York $9.00
New York City, New York $9.00
New York City, New York $10.00
New York City, New York $9.00
New York City, New York $9.00
New York City, New York $10.00
New York City, New York $10.00
New York City, New York $10.00
New York City, New York $9.
target_str: -45, -38, -25, -6, 7
mse: 5150.80750737535
----------------------
pred_str: -49, -45, -42, -34, -15.
13 19 41 60 71 66 48 30 12 0 11 18 30 41 41 32 15 1 17 29 41 45 49 49 45 42 34 16 0 16 29 41 41 32 15 1 17 29 41 41 32 15 1 17 29 41 41 32 15 1 17 29 41 41 32 15 1 17 29 41 41 32 15 1 17 29 41 41 32 15 1 17 29 41 41 32 15 1 17 29 41 41 32 15 1 17 29 41 41 32 15 1 17 29 41 41 32 15 1 17 29 41 41 32 15 1 17 29 41 41 32 15 1 17 29 41 41 32 15 1 17 29 41 41 32 15 1 17 29 41 41 32 15 1 17 29 41 41 32 15 1 17 29 41 41 32 15 1 17 29 41 41 32 15 1 17 29 41 41 32 15 1 17 29 41 41 32 15 1 17 29 4
target_str: -52, -53, -51, -51, -51
mse: 3179.0466448602106
----------------------
pred_str: -31, -32, -30, -25, -13
target_str: -8, 15, 40, 62, 75
mse: 23969.21798494964
----------------------
pred_str: 33, 28, 20, 15, 10.
PPG:  11, 10, 9, 9, 8
22-23 20-21 18-19 16-18 14-17
30-31 29-28 27-27 25-26 23-25
PPG: 21, 20, 19, 18, 17
PPG: 18, 18, 17, 16, 16
PPG: 15, 15, 14, 13, 12
20-21 19-20 17-19 15-18 13-17
PPG: 15, 15, 14, 13, 13
PPG: 12, 12, 11, 10, 10
PPG: 9, 9, 8, 8, 8
PPG: 7, 7, 6, 6, 6
PPG: 5, 5, 4, 4, 4
PPG: 3, 3, 2, 2, 2
PPG: 2, 2, 2, 2, 2
PPG: 2, 2, 1, 1, 1
PPG: 1, 1, 1, 1, 1
PPG: 1, 1, 1, 1, 1
PPG: 1, 1, 1, 1
PPG: 1, 1, 1
PPG: 1, 1, 1
PPG: 1, 1
PPG: 1, 1, 1
PPG: 1, 1, 1, 1
PPG: 1, 1, 1, 1, 1
PPG: 1, 1, 1, 1, 1, 1
PPG: 1, 
target_str: 22, 3, -16, -30, -38
mse: 6653.648546124969
----------------------
pred_str: -58, -53, -42, -29, -14.
target_str: -57, -42, -20, -2, 4
mse: 1732.6013087460876
----------------------
pred_str: -3, 24, 35, 37, 30, 18, 6, 20, 29, 31, 33, 34, 30, 22, 10, 3, -5, -17, -25, -27, -27, -26, -22, -19, -15, -11, -7, -4, 0, 3, 10, 19, 28, 35, 35, 26, 7, -16, -40, -61, -74, -79, -77, -68, -49, -25, -1, 20, 37, 45, 44, -3, 24, 35, 37, 30, 18, 6, 20, 29, 31, 33, 34, 30, 22, 10, 3, -5, -17, -25, -27, -27, -26, -22, -19, -15, -11, -7, -4, 0, 3, 10, 19, 28, 35, 35, 26, 7, -16, -40, -61, -74, -79, -77, -68, -49, -25, -1, 20, 37, 45, 44, -3, 24, 35, 37, 30, 18, 6, 20, 29, 31, 33, 34, 30, 22, 10, 3, -5, -17, -25, -27, -27, -26, -22, -19, -15, -11, -7, -4, 0, 3, 10, 19, 28,
target_str: 38, 29, 20, 13, 4
mse: 3324.213360903434
----------------------
pred_str: -10, -16, -19, -24, -31, -37
target_str: 49, 52, 42, 39, 48
mse: 23013.62413473706
----------------------
pred_str: -60, -72, -68, -64, -53.
Previous Article:  -50, -60, -59, -55, -47
The following chart displays the historical data about 11th of November.
The 11th of November is the day of the week with the lowest number of deaths in 2008. The day of the week with the highest number of deaths is the 1st of November.
target_str: -54, -67, -77, -79, -73
mse: 559.7795669004843
----------------------
pred_str: 13, 10, 8, 8, 9, 10, 12, 15, 24, 41, 64, 82, 71, 52, 34, 24, 17, 12, 9, 8, 8, 9, 10, 14, 15, 17, 27, 48, 76, 92, 80, 58, 39, 25, 17, 13, 10, 10, 11, 13, 15, 24, 42, 66, 87, 77, 59, 39, 25, 17, 13, 10, 10, 11, 13, 14, 22, 42, 67, 88, 77, 58, 38, 25, 16, 12, 10, 10, 10, 12, 13, 15, 24, 43, 66, 87, 77, 59, 39, 25, 17, 13, 10, 10, 11, 13, 14, 22, 42, 67, 88, 77, 58, 38, 25, 16, 12, 10, 10, 10, 12, 13, 15, 24, 43, 66, 87, 77, 59, 39, 25, 17, 13, 10, 10, 11, 13, 14, 22, 42, 67, 88, 77, 58, 38, 25, 16, 12, 10, 10
target_str: 15, 10, 7, 5, 2
mse: 65.79498640807927
----------------------
