pred_str: 15, 10, 8, 7, 7, 6, 6, 5, 5, 5, 5, 4, 3, 2, 3, 4, 4, 5, 5, 5, 5, 5, 4, 3, 2, 2, 2, 3, 3, 4, 4, 4, 4, 4, 3, 2, 1, 2, 2, 2, 2, 2, 1, 1, 2, 2, 2, 2, 2, 2, 2, 2, 1, 1, 1, 2, 2, 3, 4, 5, 6, 6, 5, 4, 2, 2, 2, 2, 2, 2, 2, 2, 2, 2, 2, 2, 2, 2, 1, 1, 1, 1, 1, 1, 2, 2, 2, 2, 2, 2, 2, 2, 2, 2, 2, 2, 2, 2, 2, 2, 2, 2, 2, 2, 2, 2, 2, 2, 2, 2, 2, 2, 2, 2, 2, 2, 2, 2, 2, 2, 2, 2, 2, 2, 2, 2, 2, 2, 2, 2, 2, 2, 2, 2, 2, 2, 2, 2, 2, 2, 2, 2, 2, 2, 2, 2, 2, 2, 2, 2, 2, 2, 2, 2, 2, 2, 2, 2, 2, 2, 2, 2, 2, 2, 2, 2, 2, 2, 2, 2, 
target_str: 8, 6, 7, 7, 5, 1, -5, -5, -2, 0, 5, 13, 20, 23, 30, 37, 43, 49, 56, 66, 69, 72, 73, 75, 73, 73, 75, 75, 74, 76, 74, 70, 69, 68, 67, 69, 71, 73, 74, 74, 71, 69, 70, 69, 71, 74, 72, 70, 71, 70
mse: 1.0119393748596177
----------------------
pred_str: -1, -1, 1, 2, 4, 7, 8, 7, 6, 5, 4, 3, 2, 1, 0, -1, -2, -4, -5, -5, -4, -3, -2, -1, -1, -2, -2, -3, -3, -4, -4, -4, -4, -3, -2, -1, -1, -1, -1, -1, -1, -1, -1, -1, -1, -1, -1, -1, -1, -1, -1, -1, -1, -1, -1, -1, -1, -1, -1, -1, -1, -1, -1, -1, -1, -1, -1, -1, -1, -1, -1, -1, -1, -1, -1, -1, -1, -1, -1, -1, -1, -1, -1, -1, -1, -1, -1, -1, -1, -1, -1, -1, -1, -1, -1, -1, -1, -1, -1, -1, -1, -1, -1, -1, -1, -1, -1, -1, -1, -1, -1, -1, -1, -1, -1, -1, -1, -1, -1, -1, -1, -1, -1, -1, -1, -1, -1, -1, -1, -1, -1, -1, -1, -1, -1, -1, -1, -1, -1, -1, -1, -1, -1, -1, -1, -1, -1, -1, -1, -1, -1, -1, -1, -1, -1, -1, -1, -1, -1, -1, -1, -1, -1, -1, -1, -1, -1, -1, -1, -1, -1
target_str: -6, -3, 0, 1, 1, -1, -5, -10, -15, -21, -28, -34, -40, -41, -40, -35, -29, -24, -18, -16, -14, -10, -2, 9, 22, 29, 31, 29, 20, 13, 4, -1, -5, -6, -3, 0, 6, 10, 14, 15, 13, 8, 2, -1, -7, -13, -18, -22, -24, -24
mse: 0.1259835610628326
----------------------
pred_str: -26, -40, -47, -46, -48, -49, -47, -41, -38, -36, -38, -41, -52, -77, -88, -23, 59, 26, -2, 14, 25, 17, 10, 16, 25, 34, 35, 32, 46, 71, 92, 90, 57, 44, 48, 17, -15, -18, -21, -27, -39, -53, -60, -53, -47
target_str: -51, -57, -57, -60, -74, -69, 6, 76, 15, -2, 23, 30, 18, 13, 23, 40, 47, 45, 43, 55, 85, 104, 87, 52, 45, 56, 24, -12, -15, -23, -34, -49, -58, -61, -54, -49, -47, -47, -46, -53, -79, -91, -52, 71, 74, 12, 35, 46, 34, 16
mse: 1.3891510754928715
----------------------
pred_str: -1, -1, -3, -6, -11, -17, -22, -27, -30, -32, -28, -24, -19, -13, -8, -3, 0, 3, 8, 14, 21, 27, 33, 38, 37, 31, 20, 3, -10, -26, -45, -57, -66, -68, -64, -55, -42, -13, -1, 11, 21, 29, 33, 33, 26, 17, 7, -3, -9, -16, -24, -27, -26, -23, -19, -13, -9, -5, 1, 7, 12, 18, 23, 27, 29, 31, 31, 26, 17, 8, 3, -6, -16, -28, -39, -48, -57, -63
target_str: 38, 29, 20, 13, 4, -3, -12, -19, -24, -25, -19, -7, 7, 23, 34, 42, 45, 45, 43, 39, 32, 23, 9, -7, -29, -50, -69, -82, -86, -83, -73, -59, -42, -22, -2, 13, 25, 36, 45, 52, 58, 60, 60, 55, 45, 33, 18, 4, -6, -15
mse: 0.5221624806140103
----------------------
pred_str: -1, -1, -1, -1, -1, -1, -1, -1, -1, -1, -1, -1, -1, -1, -1, -1, -1, -1, -1, -1, -1, -1, -1, -1, -1, -1, -1, -1, -1, -1, -1, -1, -1, -1, -1, -1, -1, -1, -1, -1, -1, -1, -1, -1, -1, -1, -1, -1, -1, -1, -1, -1, -1, -1, -1, -1, -1, -1, -1, -1, -1, -1, -1, -1, -1, -1, -1, -1, -1, -1, -1, -1, -1, -1, -1, -1, -1, -1, -1, -1, -1, -1, -1, -1, -1, -1, -1, -1, -1, -1, -1, -1, -1, -1, -1, -1, -1, -1, -1, -1, -1, -1, -1, -1, -1, -1, -1, -1, -1, -1, -1, -1, -1, -1, -1, -1, -1, -1, -1, -1, -1, -1, -1, -1, -1, -1, -1, -1, -1, -1, -1, -1, -1, -1, -1, -1, -1, -1, -1, -1, -1, -1, -1, -1, -1, -1, -1, -1, -1, -1, -1, -1, -1, -1, -1, -1, -1, -1, -1, -1, -1, -1, -1, -1, -1, -1, -1, -1, -1, -1, -1
target_str: -52, -53, -51, -51, -51, -50, -51, -45, -29, -10, 7, 21, 23, 17, 4, -13, -30, -47, -57, -63, -64, -62, -53, -43, -33, -22, -15, -8, 2, 14, 29, 41, 48, 51, 53, 49, 44, 39, 32, 25, 21, 17, 12, 7, 0, -7, -14, -17, -9, 8
mse: 0.430334174670296
----------------------
pred_str: -5, -2, 3, 6, 12, 21, 30, 34, 30, 23, 14, 5, -1, 15, 28, 42, 48, 46, 37, 28, 18, 8, 1, -6, -19, -34, -44, -43, -30, -16, -7, 4, 12, 17, 21, 22, 23, 24, 25, 26, 27, 28, 28, 27, 25, 21, 14, 5, -1, -14, -31, -41, -35, -23, -11, 1, 12, 19, 24, 25, 22, 16, 10, 3, -1, 11, 15, 21, 23, 25, 27, 29, 30, 30, 29, 27, 25, 22, 16, 7, 1, -3, -10, -15, -18, -15, -10, -4, 1, 6, 13, 20, 23, 22, 15, 9, 3, -2, -11, -16, -18, -14, -7, 1, 10, 14, 20, 21, 21, 14, 8, 3, -2, -9, -12, -14, -11, -7, 1, 5, 7, 13, 20, 22, 22, 15, 9, 3, -2, -10, -15, -17, -14, -9, -5, 3, 10, 14, 
target_str: -26, -44, -64, -80, -85, -68, -60, -54, -43, -40, -19, 15, 30, 17, 11, 10, 4, 1, -13, -37, -48, -59, -73, -70, -57, -48, -35, -28, -15, 28, 46, 25, 8, 8, 18, 14, -1, -17, -29, -32, -30, -20, -8, -8, -8, -7, -8, 13, 19, 5
mse: 0.7548771624846402
----------------------
pred_str: 1, 1, 1, 1, 1, 1, 1, 1, 1, 1, 1, 1, 1, 1, 1, 1, 1, 1, 1, 1, 1, 1, 1, 1, 1, 1, 1, 1, 1, 1, 1, 1, 1, 1, 1, 1, 1, 1, 1, 1, 1, 1, 1, 1, 1, 1, 1, 1, 1, 1, 1, 1, 1, 1, 1, 1, 1, 1, 1, 1, 1, 1, 1, 1, 1, 1, 1, 1, 1, 1, 1, 1, 1, 1, 1, 1, 1, 1, 1, 1, 1, 1, 1, 1, 1, 1, 1, 1, 1, 1, 1, 1, 1, 1, 1, 1, 1, 1, 1, 1, 1, 1, 1, 1, 1, 1, 1, 1, 1, 1, 1, 1, 1, 1, 1, 1, 1, 1, 1, 1, 1, 1, 1, 1, 1, 1, 1, 1, 1, 1, 1, 1, 1, 1, 1, 1, 1, 1, 1, 1, 1, 1, 1, 1, 1, 1, 1, 1, 1, 1, 1, 1, 1, 1, 1, 1, 1, 1, 1, 1, 1, 1, 1, 1, 1, 1, 1, 1, 1, 1, 1,
target_str: 5, 3, 2, 10, 31, 73, 101, 83, 46, 22, 10, 2, -1, -4, -7, -11, -14, -15, -11, -3, 17, 54, 81, 78, 50, 29, 15, 8, 3, 1, 0, 1, 1, 1, 2, 9, 30, 68, 99, 88, 50, 25, 12, 5, 1, -2, -6, -10, -14, -16
mse: 0.4637439649310544
----------------------
pred_str: -1, -11, -23, -33, -36, -32, -26, -18, -9, 0, 7, 12, 15, 16, 13, 11, 9, 7, 5, 3, -1, -10, -22, -29, -26, -19, -11, -6, -1, 5, 10, 17, 25, 31, 35, 36, 35, 30, 24, 16, 6, -1, -8, -19, -34, -45, -47, -40, -29, -16, -7, 1, 7, 12, 15, 13, 12, 9, 6, 3, 0, -3, -12, -21, -29, -35, -38, -38, -33, -27, -21, -15, -10, -8, -10, -13, -18, -22, -25, -28, -32, -36, -38, -39, -39, -37, -32, -25, -15, -5, 2, 6, 12, 17, 21, 25, 28, 30, 31, 32, 32, 31, 29, 28, 27, 25, 24, 23, 22, 21, 20, 19, 18, 18, 18, 18, 18, 18, 19, 20, 21, 23, 24, 25, 26, 27, 28, 29, 30, 31, 31, 31, 30, 29, 28
target_str: 5, 24, 41, 54, 61, 67, 64, 45, 19, -9, -33, -48, -51, -48, -44, -44, -48, -50, -40, -19, 8, 34, 44, 35, 8, -20, -31, -19, 3, 25, 36, 32, 17, -2, -20, -29, -30, -23, -8, 11, 33, 52, 65, 73, 77, 71, 53, 33, 11, -6
mse: 1.063992268882491
----------------------
pred_str: -3, 15, 29, 36, 35, 30, 21, 4, -6, -18, -32, -42, -47, -34, -15, -4, 12, 26, 38, 48, 54, 47, 35, 22, 8, -5, -11, -24, -32, -36, -29, -17, -7, 1, 8, 21, 30, 31, 28, 17, 1, -1, -10, -17, -26, -28, -20, -12, -3, 14, 32, 45, 54, 57, 53, 40, 22, 4, -5, -13, -26, -36, -41, -31, -14, -3, 12, 26, 37, 48, 55, 54, 46, 32, 14, 1, -10, -18, -26, -30, -24, -12, 3, 17, 36, 47, 55, 57, 52, 40, 22, 4, -6, -13, -24, -34, -41, -30, -11, -3, 11, 26, 36, 45, 51, 50, 41, 28, 11, 4, -7, -16, -25, -33, -38, -27, -9, 1, 16, 31, 40, 46, 50, 49, 38, 25, 10, 1, -8, -16, -23, -30, -33, -22, -5
target_str: -42, -53, -62, -57, -39, -12, 21, 51, 73, 85, 90, 89, 88, 83, 66, 39, 6, -28, -62, -92, -109, -104, -80, -39, 7, 61, 106, 130, 129, 109, 75, 39, 5, -24, -45, -56, -59, -60, -57, -43, -19, 6, 30, 49, 62, 74, 86, 97, 102, 98
mse: 2.7585829849063437
----------------------
pred_str: -22, -30, -34, -35, -34, -32, -29, -26, -24, -22, -21, -21, -21, -22, -23, -24, -25, -26, -28, -31, -37, -47, -57, -63, -64, -62, -58, -53, -45, -34, -22, -10, 0, -11, -23, -34, -43, -50, -54, -51, -44, -35, -26, -18, -11, -4, 8, 22, 43, 72, 100, 100, 98, 91, 79, 67, 55, 41, 20, -11, -30, -46, -58, -68, -76, -78, -82, -80, -70, -53, -36, -18, 0, 16, 37, 63, 87, 100, 100, 99, 94, 85, 73, 58, 41, 20, 4, -11, -32, -46, -57, -65, -69, -73, -74, -71, -62, -49, -34, -17, -1, 11, 28, 61, 96, 128, 150, 151, 144, 130, 114, 97, 78, 62, 49, 36, 25, 14, -2, -16, -37, -57, -73, -84, -87, -87, -83, -
target_str: 79, 91, 93, 83, 64, 40, 15, -6, -24, -38, -49, -56, -58, -54, -49, -41, -33, -25, -16, -7, 6, 29, 61, 94, 118, 130, 127, 109, 80, 45, 12, -15, -38, -55, -66, -71, -70, -62, -52, -43, -34, -28, -22, -17, -9, 8, 40, 76, 108, 127
mse: 1.926358981639521
----------------------
pred_str: -1, -10, -25, -43, -48, -48, -48, -48, -48, -48, -48, -48, -48, -48, -48, -48, -48, -48, -48, -48, -48, -48, -48, -48, -48, -48, -48, -48, -48, -48, -48, -48, -48, -48, -48, -48, -48, -48, -48, -48, -48, -48, -48, -48, -48, -48, -48, -48, -48, -48, -48, -48, -48, -48, -48, -48, -48, -48, -48, -48, -48, -48, -48, -48, -48, -48, -48, -48, -48, -48, -48, -48, -48, -48, -48, -48, -48, -48, -48, -48, -48, -48, -48, -48, -48, -48, -48, -48, -48, -48, -48, -48, -48, -48, -48, -48, -48, -48, -48, -48, -48, -48, -48, -48, -48, -48, -48, -48, -48, -48, -48, -48, -48, -48, -48, -48, -48, -48, -48, -48, -48, -48, -48, -48, -48, -48, -48, -48, -
target_str: 23, 36, 65, 76, 68, 45, 27, 13, -47, -57, -43, -75, -76, -78, -66, -61, -64, -72, -85, -94, -100, -94, -74, -51, -36, -71, -72, -7, 18, 42, 11, 5, 17, 36, 51, 45, 42, 53, 67, 79, 76, 65, 37, 0, -49, -92, -51, -56, -92, -97
mse: 1.3763355622321967
----------------------
pred_str: -14, -16, -20, -25, -31, -34, -36, -38, -41, -43, -46, -47, -51, -52, -54, -58, -62, -65, -66, -68, -71, -75, -80, -86, -89, -95, -98, -97, -96, -95, -95, -94, -95, -95, -96, -96, -96, -97, -96, -98, -99, -99, -99, -99, -99, -99, -99, -99, -100, -100, -100, -100, -100, -100, -100, -100, -100, -100, -100, -100, -100, -100, -100, -100, -100, -100, -100, -100, -100, -100, -100, -100, -100, -100, -100, -100, -100, -100, -100, -100, -100, -100, -100, -100, -100, -100, -100, -100, -100, -100, -100, -100, -100, -100, -100, -100, -100, -100, -100, -100, -100, -100, -100, -100, -100, -100, -100, -100, -100, -100, -100, -100,
target_str: -20, -21, -28, -41, -50, -59, -70, -77, -78, -75, -73, -66, -64, -71, -79, -84, -75, -50, -28, -24, -19, -13, -15, -26, -33, -38, -50, -52, -53, -58, -60, -56, -51, -40, -24, -8, 10, 10, 0, -2, -19, -50, -99, -144, -198, -233, -234, -216, -190, -155
mse: 1.1975017838632012
----------------------
pred_str: -12, -32, -54, -69, -84, -94, -98, -94, -84, -62, -29, 11, 47, 75, 87, 83, 71, 54, 35, 17, 1, -11, -21, -27, -30, -32, -33, -31, -18, 6, 37, 68, 90, 100, 95, 81, 60, 34, 10, -11, -27, -39, -48, -55, -59, -59, -57, -52, -37, -8, 25, 58, 84, 93, 89, 70, 45, 16, -10, -31, -48, -58, -59, -55, -50
target_str: -44, -39, -28, -6, 24, 58, 85, 99, 100, 88, 69, 44, 17, -7, -30, -47, -59, -66, -67, -67, -61, -54, -36, -6, 28, 60, 77, 82, 74, 59, 38, 12, -11, -32, -47, -60, -68, -71, -71, -69, -62, -50, -30, 2, 43, 81, 109, 123, 121, 107
mse: 3.62366578266905
----------------------
pred_str: -14, -14, -13, -12, -11, -10, -9, -8, -7, -6, -6, -5, -5, -5, -4, -3, -2, -2, -1, -1, -1, 0, 2, 6, 10, 13, 16, 17, 16, 11, 5, -2, -5, -9, -15, -20, -25, -28, -30, -30, -29, -26, -18, -8, -3, 2, 9, 17, 24, 27, 27, 24, 19, 12, 4, -2, -5, -10, -16, -21, -24, -25, -24, -20, -13, -5, 1, -3, -11, -18, -24, -29, -33, -36, -37, -37, -35, -28, -17, -5, 2, 7, 15, 22, 26, 28, 27, 23, 16, 6, -1, -4, -9, -15, -20, -23, -23, -21, -15, -6, 1, -5, -13, -19, -26, -32, -35, -36, -36, -35, -30, -21, -8, 2, 10, 18, 25, 29, 31, 31, 29, 24, 17, 5, -1, -4, -8, -14, -20, -25, -28, -30, -30, -28, -25, -19, -8, 1, -7, -16, -23
target_str: -29, -29, -29, -26, -24, -21, -16, -7, 2, 12, 18, 20, 19, 14, 7, 0, -8, -16, -22, -27, -32, -37, -40, -40, -38, -33, -25, -17, -8, -1, 2, 4, 5, 6, 8, 11, 15, 18, 19, 19, 16, 11, 5, 0, -7, -13, -18, -21, -22, -22
mse: 0.26413440507472286
----------------------
pred_str: -88, -106, -124, -134, -140, -134, -125, -111, -94, -74, -52, -22, 11, 43, 79, 96, 93, 75, 52, 21, -15, -40, -64, -76, -79, -84, -84, -76, -65, -51, -26, 11, -23, -50, -68, -77, -77, -69, -60, -47, -18, 16, 41, 63, 76, 85, 85, 73, 57, 31, -13, -32, -49, -55, -57, -62, -68, -71, -70, -60, -43, -21, -12, -27, -40, -50, -52, -55, -58, -62, -66, -71, -73, -75, -75, -72, -60, -37, -12, 16, 44, 72, 84, 86, 86, 81, 68, 49, 28, -10, -35, -52, -63, -66, -71, -71, -65, -59, -46, -16, -22, -27, -31, -34, -36, -37, -36, -28, -20, -15, -11, -7, -8, -10, -13, -15, -18, -21, -25, -28, -31, -34, -36, -37, -36, -30, -23
target_str: -24, -36, -40, -39, -32, -23, -15, -12, -12, -13, -16, -28, -33, -47, -59, -70, -74, -77, -74, -64, -43, -14, 21, 59, 88, 99, 99, 82, 57, 25, -7, -35, -60, -69, -74, -75, -69, -66, -64, -65, -70, -83, -95, -115, -134, -153, -167, -174, -170, -164
mse: 4.946172299824543
----------------------
pred_str: -42, -46, -44, -38, -24, -7, -25, -45, -57, -71, -71, -68, -63, -53, -39, -12, -26, -48, -64, -71, -68, -63, -53, -39, -12, -26, -48, -64, -71, -71, -68, -63, -53, -39, -12, -26, -48, -64, -71, -71, -68, -63, -53, -39, -12, -26, -48, -64, -71, -71, -68, -63, -53, -39, -12, -26, -48, -64, -71, -71, -68, -63, -53, -39, -12, -26, -48, -64, -71, -71, -68, -63, -53, -39, -12, -26, -48, -64, -71, -71, -68, -63, -53, -39, -12, -26, -48, -64, -71, -71, -68, -63, -53, -39, -12, -26, -48, -64, -71, -71, -68, -63, -53, -39, -12, -26, -48, -64, -71, -71, -68, -63, -53, -39, -12, -26, -48, -64, -71, -71, -68, -63, -53, -39, -12, -26, -48, -64, -
target_str: -31, -30, -29, -20, -4, 17, 36, 47, 52, 51, 47, 38, 25, 7, -11, -24, -33, -36, -34, -31, -29, -28, -29, -29, -28, -19, 0, 27, 55, 76, 83, 81, 74, 63, 47, 25, 0, -23, -42, -52, -56, -53, -46, -37, -31, -27, -25, -16, 1, 24
mse: 1.5026886145726508
----------------------
pred_str: -56, -66, -86, -99, -96, -80, -57, -31, -17, -9, -5, 0, 3, -2, -17, -27, -41, -55, -62, -62, -56, -40, -23, -17, -13, -6, 0, 0, -11, -24, -32, -41, -46, -52, -59, -56, -40, -35, -25, -7, 7, 15, 17, 20, 24, 24, 22, 15, 8, -2, -20, -41, -66, -86, -99, -96, -80, -57, -31, -17, -9, -5, 0, 3, -2, -17, -27, -41, -55, -62, -62, -56, -40
target_str: -72, -57, -30, -27, -13, -1, 6, 11, 17, 24, 28, 28, 23, 21, 10, -9, -35, -82, -101, -104, -101, -91, -72, -47, -28, -15, -9, -6, -3, -5, -18, -32, -38, -51, -65, -65, -61, -59, -44, -38, -26, -3, 10, 15, 23, 32, 33, 28, 24, 19
mse: 0.33566661996169783
----------------------
pred_str: -1, -2, -3, -4, -5, -5, -5, -5, -5, -5, -5, -5, -5, -5, -5, -5, -5, -5, -5, -5, -5, -5, -5, -5, -5, -5, -5, -5, -5, -5, -5, -5, -5, -5, -5, -5, -5, -5, -5, -5, -5, -5, -5, -5, -5, -5, -5, -5, -5, -5, -5, -5, -5, -5, -5, -5, -5, -5, -5, -5, -5, -5, -5, -5, -5, -5, -5, -5, -5, -5, -5, -5, -5, -5, -5, -5, -5, -5, -5, -5, -5, -5, -5, -5, -5, -5, -5, -5, -5, -5, -5, -5, -5, -5, -5, -5, -5, -5, -5, -5, -5, -5, -5, -5, -5, -5, -5, -5, -5, -5, -5, -5, -5, -5, -5, -5, -5, -5, -5, -5, -5, -5, -5, -5, -5, -5, -5, -5, -5, -5, -5, -5, -5, -5, -5, -5, -5, -5, -5, -5, -5, -5, -5, -5, -5, -5, -5, -5, -5, -5, -5, -5, -5, -5, -5, -5, -5, -5, -5, -5, -5, -5, -5, -5, -5, -5, -5, -5, -5, -5, -5
target_str: -44, -30, -15, 0, 16, 31, 45, 56, 63, 65, 60, 50, 35, 17, -5, -35, -67, -89, -97, -91, -77, -60, -41, -23, -8, 2, 8, 11, 11, 11, 9, 4, 0, -2, -7, -24, -48, -68, -75, -67, -45, -14, 14, 35, 47, 49, 45, 36, 26, 16
mse: 0.6364065907334527
----------------------
pred_str: -29, -47, -54, -61, -58, -55, -49, -38, -24, -2, 10, 21, 30, 36, 42, 44, 44, 42, 37, 31, 20, 4, -11, -26, -39, -54, -63, -72, -78, -84, -81, -74, -71, -63, -57, -51, -45, -32, -15, -2, 10, 17, 27, 35, 39, 43, 44, 41, 36, 30, 23, 11, 1, 15, 25, 34, 40, 42, 42, 37, 31, 22, 9, 2, 14, 27, 39, 47, 52, 52, 48, 43, 36, 30, 23, 12, 5, 2, 16, 31, 42, 50, 53, 49, 44, 37, 31, 23, 13, 6, 2, 12, 26, 40, 50, 56, 57, 56, 51, 44, 37, 31, 23, 13, 6, 2, 12, 26, 40, 50, 56, 57, 56, 51, 44, 37, 31, 23, 13, 6, 2
target_str: -57, -42, -20, -2, 4, 6, 2, 3, 13, 28, 38, 46, 52, 53, 49, 50, 55, 58, 56, 57, 61, 53, 43, 26, 8, -5, -19, -30, -39, -43, -52, -66, -78, -79, -70, -69, -68, -55, -48, -44, -24, -10, -6, 0, 5, 7, 10, 13, 24, 37
mse: 0.3815159499023932
----------------------
pred_str: -1, -10, -20, -26, -27, -28, -28, -28, -27, -26, -25, -25, -25, -24, -24, -24, -23, -22, -20, -18, -14, -10, -5, 0, 7, 22, 34, 45, 53, 59, 63, 63, 58, 52, 44, 33, 22, 14, 7, 1, -4, -11, -17, -20, -20, -20, -20, -20, -21, -21, -18, -12, -5, 1, 13, 24, 34, 43, 51, 57, 59, 60, 57, 50, 42, 32, 22, 14, 7, 1, -1, -2, -3, -5, -7, -10, -12, -14, -16, -19, -20, -21, -20, -20, -20, -20, -20, -19, -18, -15, -11, -6, 2, 11, 20, 30, 40, 49, 56, 61, 61, 55, 48, 40, 29, 18, 5, -1, -7, -13, -19, -23, -26, -29, -30, -31, -31, -31, -31, -31, -31, -31, -31, -31, -31, -31, -31, -31, -31, -31, -31, -31, -31, -
target_str: 26, 37, 44, 41, 35, 21, 7, -8, -20, -31, -40, -45, -44, -40, -29, -15, 0, 12, 20, 27, 36, 44, 50, 51, 45, 35, 25, 14, 4, -4, -12, -19, -25, -28, -25, -19, -15, -10, -7, -7, -7, -7, -2, 6, 17, 27, 34, 39, 44, 50
mse: 0.6590363109120146
----------------------
pred_str: -1,  -4,  -7,  -9,  -10,  -10,  -9,  -8,  -7,  -6,  -5,  -5,  -5,  -5,  -4,  -3,  -2,  -1,  -1,  0,  1,  2,  2,  2,  2,  2,  2,  3,  3,  3,  3,  3,  3,  3,  3,  3,  3,  3,  3,  3,  3,  3,  3,  3,  3,  3,  3,  3,  3,  3,  3,  3,  3,  3,  3,  3,  3,  3,  3,  3,  3,  3,  3,  3,  3,  3,  3,  3,  3,  3,  3,  3,  3,  3,  3,  3,  3,  3,  3,  3,  3,  3,  3,  3,  3,  3,  3,  3,  3,  3,  3,  3,  3,  3,  3,  3,  3,  3,  3,  3,  3,  3,  3,  3,  3,  3,  3,  3,  3,  3,  3,  3,  3,  3,  3,  3,  3,  3,  3,  3,  3,  3,  3,  3,  3,  3,  3,  3,  3,  3,  3,  3,  3,  3,  3,  3,  3,  3,  3,  3,  3,  3,  3,  3,  3,  3,  3,  3,  3,  3,  3,  3,  3,  3,  3,  3,  3,  3,  3,  3,  3,  3,  3,  3,
target_str: 55, 60, 51, 28, 10, -12, -31, -46, -56, -60, -62, -64, -65, -58, -45, -32, -15, 17, 45, 63, 60, 54, 53, 50, 50, 49, 47, 42, 43, 51, 57, 67, 69, 66, 56, 37, 29, 17, 1, -16, -31, -39, -43, -45, -43, -41, -45, -53, -57, -51
mse: 0.705229202917867
----------------------
pred_str: 40, 39, 38, 37, 36, 35, 35, 34, 33, 32, 31, 30, 29, 28, 27, 26, 25, 24, 23, 22, 22, 21, 20, 18, 17, 16, 15, 14, 12, 10, 9, 10, 13, 20, 39, 65, 89, 89, 75, 53, 43, 38, 33, 29, 26, 24, 22, 21, 21, 21, 21, 22, 23, 23, 24, 25, 26, 26, 28, 28, 29, 29, 30, 30, 30, 31, 30, 28, 26, 25, 25, 25, 25, 25, 24, 24, 24, 24, 24, 23, 23, 22, 22, 22, 22, 22, 22, 22, 22, 22, 22, 22, 22, 22, 22, 22, 22, 22, 22, 22, 22, 22, 22, 22, 22, 22, 22, 22, 22, 22, 22, 22, 22, 22, 22, 22, 22, 22, 22, 22, 22, 22, 22, 22, 22, 22, 22, 22, 2
target_str: 19, 17, 17, 15, 12, 9, 6, 6, 5, 5, 7, 14, 29, 56, 91, 87, 60, 44, 35, 28, 21, 14, 6, -2, -11, -18, -20, -19, -14, -9, 0, 15, 51, 93, 97, 72, 45, 30, 20, 17, 17, 17, 16, 13, 9, 6, 5, 7, 11, 19
mse: 0.3001889750068801
----------------------
pred_str: -1, -29, -56, -75, -77, -76, -68, -57, -50, -42, -29, -12, -25, -46, -58, -51, -21, -1, -49, -65, -73, -73, -65, -57, -47, -41, -41, -55, -67, -79, -82, -78, -56, -23, -16, -36, -59, -72, -75, -71, -55, -42, -23, -14, -19, -42, -51, -45, -32, -22, -18, -11, -4, -5, -15, -21, -35, -47, -62, -67, -70, -66, -53, -35, -21, -15, -12, -22, -35, -43, -54, -62, -67, -70, -66, -54, -36, -15, -10, -12, -15, -24, -31, -40, -54, -63, -70, -67, -58, -45, -27, -16, -11, -12, -22, -30, -37, -48, -57, -64, -71, -71, -63, -51, -36, -20, -12, -12, -15, -24, -33, -42, -51, -58, -65, -72, -74, -75, -76, -77, -79, -80, -80, -81, -82, -83, -85, -86, -87,
target_str: 46, 38, 16, -47, -38, -8, -35, -32, -34, -37, -37, -40, -51, -61, -68, -70, -63, -50, -41, -24, -46, -32, 18, 28, 24, -7, -7, 0, 14, 28, 28, 23, 22, 27, 37, 44, 45, 31, 16, -21, -46, -13, -28, -39, -29, -25, -22, -17, -23, -39
mse: 0.9729548039189503
----------------------
pred_str: 14, 20, 22, 22, 25, 24, 25, 25, 24, 23, 23, 24, 26, 25, 25, 25, 26, 28, 31, 32, 33, 33, 34, 35, 37, 38, 38, 39, 39, 40, 41, 40, 39, 37, 35, 33, 31, 29, 28, 27, 27, 27, 27, 27, 27, 27, 27, 27, 27, 27, 27, 27, 27, 27, 27, 27, 27, 27, 27, 27, 27, 27, 27, 27, 27, 27, 27, 27, 27, 27, 27, 27, 27, 27, 27, 27, 27, 27, 27, 27, 27, 27, 27, 27, 27, 27, 27, 27, 27, 27, 27, 27, 27, 27, 27, 27, 27, 27, 27, 27, 27, 27, 27, 27, 27, 27, 27, 27, 27, 27, 27, 27, 27, 27, 27, 27, 27, 27, 27, 27, 27, 27, 27, 27, 27, 27, 27, 27, 
target_str: 8, 6, 7, 7, 5, 1, -5, -5, -2, 0, 5, 13, 20, 23, 30, 37, 43, 49, 56, 66, 69, 72, 73, 75, 73, 73, 75, 75, 74, 76, 74, 70, 69, 68, 67, 69, 71, 73, 74, 74, 71, 69, 70, 69, 71, 74, 72, 70, 71, 70
mse: 0.35376521026205426
----------------------
pred_str: 45, 42, 31, 21, 12, 3, -2, -13, -19, -16, -16, -13, -11, -10, -9, -8, -7, -6, -5, -5, -6, -6, -8, -12, -21, -29, -29, -25, -20, -13, -1, 14, 21, 27, 28, 26, 22, 15, 5, -4, -10, -15, -17, -16, -15, -12, -11, -9, -8, -7, -6, -6, -5, -5, -6, -5, -5, -4, -5, -5, -4, -5, -6, -7, -10, -18, -25, -28, -26, -21, -13, -4, 12, 21, 28, 29, 27, 23, 17, 9, 2, -2, -5, -6, -7, -7, -7, -7, -6, -6, -5, -5, -5, -5, -5, -5, -5, -5, -6, -5, -5, -5, -5, -6, -6, -6, -5, -5, -6, -6, -6, -6, -6, -6, -5, -5, -5, -5, -5, -5, -5, -5, -5, -5, -5, -5, -5, -5, -5, -5, -5, -5, -5, -5, -5, -5, -5, -5, -5, -5, -5, -5, -5, -5, -5, -5, -5, -5, -5, -5, -5, -5, -5, -5, -5, -
target_str: -6, -3, 0, 1, 1, -1, -5, -10, -15, -21, -28, -34, -40, -41, -40, -35, -29, -24, -18, -16, -14, -10, -2, 9, 22, 29, 31, 29, 20, 13, 4, -1, -5, -6, -3, 0, 6, 10, 14, 15, 13, 8, 2, -1, -7, -13, -18, -22, -24, -24
mse: 0.21240562620765815
----------------------
pred_str: -25, -35, -29, -21, -15, -11, -8, -10, -15, -21, -29, -34, -44, -49, -48, -47, -44, -39, -33, -27, -21, -16, -10, -15, -18, -21, -27, -31, -40, -44, -50, -55, -58, -59, -56, -54, -48, -43, -37, -32, -27, -23, -17, -14, -11, -13, -19, -23, -27, -31, -38, -42, -46, -49, -50, -47, -43, -38, -34, -29, -26, -22, -18, -14, -11, -12, -18, -23, -27, -31, -38, -43, -46, -49, -50, -47, -43, -38, -33, -28, -23, -18, -14, -11, -13, -19, -23, -27, -31, -38, -42, -46, -49, -50, -47, -43, -38, -34, -29, -26, -22, -18, -14, -11, -12, -18, -23, -27, -31, -38, -43, -46, -49, -50, -47, -43, -38, -33, -28, -23, -18, -14, -11, -12, -18, -23, -27, -31, -
target_str: -51, -57, -57, -60, -74, -69, 6, 76, 15, -2, 23, 30, 18, 13, 23, 40, 47, 45, 43, 55, 85, 104, 87, 52, 45, 56, 24, -12, -15, -23, -34, -49, -58, -61, -54, -49, -47, -47, -46, -53, -79, -91, -52, 71, 74, 12, 35, 46, 34, 16
mse: 1.0738388873159588
----------------------
pred_str: 45, 38, 34, 28, 26, 26, 24, 21, 17, 13, 10, 7, 5, 4, 3, 2, 1, 1, 1, 1, 2, 3, 5, 6, 6, 6, 6, 6, 6, 6, 6, 6, 6, 6, 6, 6, 6, 6, 6, 6, 6, 6, 6, 6, 6, 6, 6, 6, 6, 6, 6, 6, 6, 6, 6, 6, 6, 6, 6, 6, 6, 6, 6, 6, 6, 6, 6, 6, 6, 6, 6, 6, 6, 6, 6, 6, 6, 6, 6, 6, 6, 6, 6, 6, 6, 6, 6, 6, 6, 6, 6, 6, 6, 6, 6, 6, 6, 6, 6, 6, 6, 6, 6, 6, 6, 6, 6, 6, 6, 6, 6, 6, 6, 6, 6, 6, 6, 6, 6, 6, 6, 6, 6, 6, 6, 6, 6, 6, 6, 6, 6, 6, 6, 6, 6, 6, 6, 6, 6, 6, 6, 6, 6, 6, 6, 6, 6, 6, 6, 6, 6, 6, 6, 6, 6, 6, 6, 6, 6, 6, 6, 6, 6, 6, 6, 6, 6, 
target_str: 38, 29, 20, 13, 4, -3, -12, -19, -24, -25, -19, -7, 7, 23, 34, 42, 45, 45, 43, 39, 32, 23, 9, -7, -29, -50, -69, -82, -86, -83, -73, -59, -42, -22, -2, 13, 25, 36, 45, 52, 58, 60, 60, 55, 45, 33, 18, 4, -6, -15
mse: 0.5641224286850016
----------------------
pred_str: -35, -34, -34, -32, -29, -24, -17, -10, -3, 3, 22, 36, 46, 49, 44, 37, 27, 10, -1, 4, 17, 30, 38, 38, 32, 21, 10, -4, -10, -16, -18, -16, -13, -11, -10, -10, -12, -15, -19, -24, -29, -34, -39, -45, -50, -53, -53, -52, -47, -37, -27, -10, 1, 22, 36, 46, 49, 44, 37, 27, 10, -1, 4, 17, 30, 38, 38, 32, 21, 10, -4, -10, -16, -18, -16, -13, -11, -10, -10, -12, -15, -19, -24, -29, -34, -39, -45, -50, -53, -53, -52, -47, -37, -27, -10, 1, 22, 36, 46, 49, 44, 37, 27, 10, -1, 4, 17, 30, 38, 38, 32, 21, 10, -4, -10, -16, -18, -16, -13, -11, -10, -10, -12, -15, -19, -24, -29, -34, -39, -45, -50, -
target_str: -52, -53, -51, -51, -51, -50, -51, -45, -29, -10, 7, 21, 23, 17, 4, -13, -30, -47, -57, -63, -64, -62, -53, -43, -33, -22, -15, -8, 2, 14, 29, 41, 48, 51, 53, 49, 44, 39, 32, 25, 21, 17, 12, 7, 0, -7, -14, -17, -9, 8
mse: 0.7539048170172141
----------------------
pred_str: 0, -26, -43, -46, -49, -49, -53, -56, -56, -57, -55, -50, -41, -26, -11, 0, 11, 18, 20, 20, 19, 13, 7, -1, -12, -19, -27, -29, -28, -24, -21, -14, -7, 2, 6, 10, 13, 12, 11, 8, 6, 6, 6, 4, 2, 2, 1, 0, 1, 1, 1, 1, 1, 1, 2, 3, 3, 4, 4, 4, 4, 4, 4, 4, 4, 4, 4, 4, 4, 4, 4, 4, 4, 4, 4, 4, 4, 4, 4, 4, 4, 4, 4, 4, 4, 4, 4, 4, 4, 4, 4, 4, 4, 4, 4, 4, 4, 4, 4, 4, 4, 4, 4, 4, 4, 4, 4, 4, 4, 4, 4, 4, 4, 4, 4, 4, 4, 4, 4, 4, 4, 4, 4, 4, 4, 4, 4, 4, 4, 4, 4, 4, 4, 4, 4, 4, 4, 4, 4, 4, 4, 4, 4, 4, 4, 4, 4, 4, 4, 4, 4, 4, 4, 4, 4, 4, 4, 4, 4, 4, 
target_str: -26, -44, -64, -80, -85, -68, -60, -54, -43, -40, -19, 15, 30, 17, 11, 10, 4, 1, -13, -37, -48, -59, -73, -70, -57, -48, -35, -28, -15, 28, 46, 25, 8, 8, 18, 14, -1, -17, -29, -32, -30, -20, -8, -8, -8, -7, -8, 13, 19, 5
mse: 0.4072506932736021
----------------------
pred_str: 9, 29, 67, 99, 87, 52, 25, 14, 6, 2, -3, -10, -15, -19, -19, -18, -11, 1, 32, 70, 93, 78, 42, 22, 10, 6, 5, 5, 6, 7, 6, 5, 14, 41, 85, 100, 74, 39, 20, 11, 4, 0, -7, -13, -18, -20, -20, -13, -1, 26, 70, 92, 78, 45, 24, 12, 6, 2, 0, 1, 2, 2, 1, 1, 7, 22, 63, 98, 97, 61, 26, 12, 2, -1, -4, -7, -11, -15, -17, -15, -6, 4, 35, 70, 84, 68, 39, 22, 13, 10, 8, 8, 9, 10, 9, 8, 7, 14, 40, 80, 95, 69, 40, 23, 13, 7, 3, 0, -3, -9, -13, -16, -12, -4, 10, 37, 65, 81, 67, 41, 24, 13, 8, 5, 4, 6, 7
target_str: 5, 3, 2, 10, 31, 73, 101, 83, 46, 22, 10, 2, -1, -4, -7, -11, -14, -15, -11, -3, 17, 54, 81, 78, 50, 29, 15, 8, 3, 1, 0, 1, 1, 1, 2, 9, 30, 68, 99, 88, 50, 25, 12, 5, 1, -2, -6, -10, -14, -16
mse: 0.5756349990193257
----------------------
pred_str: 0, 0, 0, 0, 0, 0, 0, 0, 0, 0, 0, 0, 0, 0, 0, 0, 0, 0, 0, 0, 0, 0, 0, 0, 0, 0, 0, 0, 0, 0, 0, 0, 0, 0, 0, 0, 0, 0, 0, 0, 0, 0, 0, 0, 0, 0, 0, 0, 0, 0, 0, 0, 0, 0, 0, 0, 0, 0, 0, 0, 0, 0, 0, 0, 0, 0, 0, 0, 0, 0, 0, 0, 0, 0, 0, 0, 0, 0, 0, 0, 0, 0, 0, 0, 0, 0, 0, 0, 0, 0, 0, 0, 0, 0, 0, 0, 0, 0, 0, 0, 0, 0, 0, 0, 0, 0, 0, 0, 0, 0, 0, 0, 0, 0, 0, 0, 0, 0, 0, 0, 0, 0, 0, 0, 0, 0, 0, 0, 0, 0, 0, 0, 0, 0, 0, 0, 0, 0, 0, 0, 0, 0, 0, 0, 0, 0, 0, 0, 0, 0, 0, 0, 0, 0, 0, 0, 0, 0, 0, 0, 0, 0, 0, 0, 0, 0, 0, 0, 0, 0, 0,
target_str: 5, 24, 41, 54, 61, 67, 64, 45, 19, -9, -33, -48, -51, -48, -44, -44, -48, -50, -40, -19, 8, 34, 44, 35, 8, -20, -31, -19, 3, 25, 36, 32, 17, -2, -20, -29, -30, -23, -8, 11, 33, 52, 65, 73, 77, 71, 53, 33, 11, -6
mse: 0.5156477659822559
----------------------
pred_str: -12, -27, -24, -18, -15, -13, -11, -9, -9, -8, -7, -6, -5, -4, -3, -2, -2, -1, 0, 1, 2, 3, 4, 5, 6, 6, 6, 6, 5, 4, 3, 2, 1, 0, 0, 0, 0, 0, 0, 0, 0, 0, 0, 0, 0, 0, 0, 0, 0, 0, 0, 0, 0, 0, 0, 0, 0, 0, 0, 0, 0, 0, 0, 0, 0, 0, 0, 0, 0, 0, 0, 0, 0, 0, 0, 0, 0, 0, 0, 0, 0, 0, 0, 0, 0, 0, 0, 0, 0, 0, 0, 0, 0, 0, 0, 0, 0, 0, 0, 0, 0, 0, 0, 0, 0, 0, 0, 0, 0, 0, 0, 0, 0, 0, 0, 0, 0, 0, 0, 0, 0, 0, 0, 0, 0, 0, 0, 0, 0, 0, 0, 0, 0, 0, 0, 0, 0, 0, 0, 0, 0, 0, 0, 0, 0, 0, 0, 0, 0, 0, 0, 0, 0, 0, 0, 0, 0, 0, 0, 0, 0, 0, 0, 0, 0, 0, 0, 0, 
target_str: -42, -53, -62, -57, -39, -12, 21, 51, 73, 85, 90, 89, 88, 83, 66, 39, 6, -28, -62, -92, -109, -104, -80, -39, 7, 61, 106, 130, 129, 109, 75, 39, 5, -24, -45, -56, -59, -60, -57, -43, -19, 6, 30, 49, 62, 74, 86, 97, 102, 98
mse: 1.5646723969695027
----------------------
pred_str: 0.16, 0.18, 0.19, 0.19, 0.19, 0.19, 0.19, 0.18, 0.17, 0.16, 0.15, 0.15, 0.14, 0.13, 0.12, 0.11, 0.10, 0.09, 0.08, 0.07, 0.06, 0.05, 0.04, 0.04, 0.03, 0.03, 0.02, 0.02, 0.01, 0.00, 0.00, 0.01, 0.02, 0.03, 0.03, 0.04, 0.05, 0.05, 0.05, 0.05, 0.05, 0.05, 0.05, 0.05, 0.06, 0.06, 0.06, 0.06, 0.06, 0.06, 0.06, 0.06, 0.06, 0.06, 0.06, 0.06, 0.06, 0.06, 0.07, 0.07, 0.07, 0.07, 0.07, 0.07, 0.07, 0.07, 0.07, 0.07, 0.07, 0.07, 0.07, 0.07, 0.07, 0.07, 0.07, 0.07, 0.07, 0.07, 0.07, 0.07, 0.07, 0.07, 0.07, 0.07, 0.07, 0.
target_str: 79, 91, 93, 83, 64, 40, 15, -6, -24, -38, -49, -56, -58, -54, -49, -41, -33, -25, -16, -7, 6, 29, 61, 94, 118, 130, 127, 109, 80, 45, 12, -15, -38, -55, -66, -71, -70, -62, -52, -43, -34, -28, -22, -17, -9, 8, 40, 76, 108, 127
mse: 1.310207515751804
----------------------
pred_str: 29, 30, 32, 33, 35, 35, 35, 35, 35, 35, 35, 35, 35, 35, 35, 35, 35, 35, 35, 35, 35, 35, 35, 35, 35, 35, 35, 35, 35, 35, 35, 35, 35, 35, 35, 35, 35, 35, 35, 35, 35, 35, 35, 35, 35, 35, 35, 35, 35, 35, 35, 35, 35, 35, 35, 35, 35, 35, 35, 35, 35, 35, 35, 35, 35, 35, 35, 35, 35, 35, 35, 35, 35, 35, 35, 35, 35, 35, 35, 35, 35, 35, 35, 35, 35, 35, 35, 35, 35, 35, 35, 35, 35, 35, 35, 35, 35, 35, 35, 35, 35, 35, 35, 35, 35, 35, 35, 35, 35, 35, 35, 35, 35, 35, 35, 35, 35, 35, 35, 35, 35, 35, 35, 35, 35, 35, 35, 35, 
target_str: 23, 36, 65, 76, 68, 45, 27, 13, -47, -57, -43, -75, -76, -78, -66, -61, -64, -72, -85, -94, -100, -94, -74, -51, -36, -71, -72, -7, 18, 42, 11, 5, 17, 36, 51, 45, 42, 53, 67, 79, 76, 65, 37, 0, -49, -92, -51, -56, -92, -97
mse: 1.9485997636311123
----------------------
pred_str: -10, -33, -44, -44, -31, -20, -16, -16, -16, -14, -12, -10, -10, -12, -13, -15, -17, -19, -20, -21, -22, -22, -22, -20, -18, -14, -11, -11, -10, -10, -11, -12, -12, -12, -11, -11, -10, -11, -11, -10, -10, -10, -10, -10, -9, -9, -9, -9, -9, -9, -8, -8, -8, -7, -7, -7, -7, -7, -7, -7, -7, -7, -6, -6, -6, -6, -6, -6, -6, -6, -6, -6, -6, -6, -6, -6, -6, -6, -6, -6, -6, -6, -6, -6, -6, -6, -6, -6, -6, -6, -6, -6, -6, -6, -6, -6, -6, -6, -6, -6, -6, -6, -6, -6, -6, -6, -6, -6, -6, -6, -6, -6, -6, -6, -6, -6, -6, -6, -6, -6, -6, -6, -6, -6, -6, -6, -6, -6, -6, -6, -6, -6, -6, -6, -6, -6, -6, -6, -6, -6, -6, -6, -6, -6, -6, -6, -6, -6, -6, -6, -6, -6, -6, -6, -6, -6,
target_str: -20, -21, -28, -41, -50, -59, -70, -77, -78, -75, -73, -66, -64, -71, -79, -84, -75, -50, -28, -24, -19, -13, -15, -26, -33, -38, -50, -52, -53, -58, -60, -56, -51, -40, -24, -8, 10, 10, 0, -2, -19, -50, -99, -144, -198, -233, -234, -216, -190, -155
mse: 2.0778698523738446
----------------------
pred_str: -50, -52, -54, -55, -55, -53, -51, -48, -44, -38, -31, -23, -16, -11, -6, 10, 24, 42, 58, 69, 68, 56, 38, 10, -13, -30, -45, -58, -64, -65, -64, -61, -51, -37, -16, 14, 37, 61, 76, 81, 72, 55, 29, 2, -12, -26, -39, -47, -51, -53, -54, -53, -52, -49, -44, -30, -8, 25, 56, 81, 87, 86, 81, 65, 45, 16, -10, -28, -45, -57, -67, -73, -75, -73, -69, -62, -45, -15, 14, 38, 60, 70, 72, 61, 43, 17, -10, -31, -48, -58, -64, -67, -66, -64, -60, -50, -34, -11, 11, 29, 52, 68, 78, 78, 73, 59, 33, 6, -13, -32, -47, -58, -67, -73, -75, -73, -69, -64, -53, -19, 14, 34, 59, 74, 83, 81, 71, 49, 18,
target_str: -44, -39, -28, -6, 24, 58, 85, 99, 100, 88, 69, 44, 17, -7, -30, -47, -59, -66, -67, -67, -61, -54, -36, -6, 28, 60, 77, 82, 74, 59, 38, 12, -11, -32, -47, -60, -68, -71, -71, -69, -62, -50, -30, 2, 43, 81, 109, 123, 121, 107
mse: 3.4556444858978317
----------------------
pred_str: -29, -33, -37, -41, -46, -47, -51, -54, -56, -56, -54, -48, -39, -28, -15, -2, 4, 20, 30, 33, 32, 28, 20, 10, -2, -8, -16, -23, -29, -34, -38, -42, -46, -49, -51, -52, -54, -55, -56, -56, -56, -56, -57, -57, -57, -57, -58, -58, -58, -58, -59, -59, -59, -59, -59, -59, -60, -60, -60, -60, -60, -61, -61, -61, -61, -61, -61, -62, -62, -62, -62, -62, -62, -63, -63, -63, -63, -63, -63, -63, -64, -64, -64, -64, -64, -64, -64, -65, -65, -65, -65, -65, -65, -65, -66, -66, -66, -66, -66, -66, -66, -67, -67, -67, -67, -67, -67, -68, -68, -68, -68, -68, -68, -68, -69, -69, -69, -69, -69, -69, -69, -69, -69, -70, -70, -70, -70, -70, -70,
target_str: -29, -29, -29, -26, -24, -21, -16, -7, 2, 12, 18, 20, 19, 14, 7, 0, -8, -16, -22, -27, -32, -37, -40, -40, -38, -33, -25, -17, -8, -1, 2, 4, 5, 6, 8, 11, 15, 18, 19, 19, 16, 11, 5, 0, -7, -13, -18, -21, -22, -22
mse: 0.7709986503345638
----------------------
pred_str: -40, -51, -55, -55, -50, -43, -34, -20, -4, 17, 37, 58, 76, 85, 85, 81, 72, 55, 27, -14, -26, -38, -44, -46, -42, -39, -35, -31, -27, -21, -14, -8, -6, -7, -9, -14, -15, -20, -21, -25, -23, -18, -11, 13, 40, 65, 82, 86, 83, 75, 58, 28, -14, -29, -43, -48, -51, -54, -56, -58, -62, -66, -68, -69, -68, -64, -56, -43, -16, 13, 42, 64, 79, 81, 82, 78, 68, 49, 27, 1, -19, -36, -47, -55, -58, -59, -61, -63, -63, -61, -55, -47, -33, -17, 9, 41, 65, 81, 83, 80, 71, 54, 27, -14, -27, -38, -44, -48, -51, -54, -56, -58, -61, -64, -66, -67, -66, -61, -51, -37, -13, 1, 38, 66, 81, 83, 82, 78, 67, 51,
target_str: -24, -36, -40, -39, -32, -23, -15, -12, -12, -13, -16, -28, -33, -47, -59, -70, -74, -77, -74, -64, -43, -14, 21, 59, 88, 99, 99, 82, 57, 25, -7, -35, -60, -69, -74, -75, -69, -66, -64, -65, -70, -83, -95, -115, -134, -153, -167, -174, -170, -164
mse: 3.9664499714523065
----------------------
pred_str: -33, -35, -31, -25, -17, -7, 0, 0, -6, -14, -23, -27, -28, -31, -32, -34, -35, -34, -32, -30, -25, -19, -11, 4, 24, 41, 53, 56, 51, 40, 15, 0, -7, -15, -23, -27, -28, -30, -32, -33, -33, -33, -32, -32, -31, -30, -29, -29, -28, -28, -27, -26, -26, -25, -25, -25, -24, -23, -23, -22, -22, -21, -20, -19, -18, -18, -18, -17, -17, -16, -16, -15, -15, -15, -14, -14, -14, -13, -13, -13, -12, -12, -12, -11, -11, -10, -10, -9, -9, -8, -8, -7, -7, -7, -6, -6, -6, -6, -5, -5, -5, -5, -5, -5, -4, -4, -4, -4, -3, -3, -3, -3, -3, -3, -3, -3, -2, -2, -2, -2, -2, -2, -2, -2, -2, -2, -2, -2, -2, -2, -2, -2, -2, -2, -2, -2, -2, -2, -2, -2, -2, -2, -2, -2,
target_str: -31, -30, -29, -20, -4, 17, 36, 47, 52, 51, 47, 38, 25, 7, -11, -24, -33, -36, -34, -31, -29, -28, -29, -29, -28, -19, 0, 27, 55, 76, 83, 81, 74, 63, 47, 25, 0, -23, -42, -52, -56, -53, -46, -37, -31, -27, -25, -16, 1, 24
mse: 0.494094108120979
----------------------
pred_str: -62, -77, -86, -89, -90, -90, -90, -90, -90, -90, -90, -90, -90, -90, -90, -90, -90, -90, -90, -90, -90, -90, -90, -90, -90, -90, -90, -90, -90, -90, -90, -90, -90, -90, -90, -90, -90, -90, -90, -90, -90, -90, -90, -90, -90, -90, -90, -90, -90, -90, -90, -90, -90, -90, -90, -90, -90, -90, -90, -90, -90, -90, -90, -90, -90, -90, -90, -90, -90, -90, -90, -90, -90, -90, -90, -90, -90, -90, -90, -90, -90, -90, -90, -90, -90, -90, -90, -90, -90, -90, -90, -90, -90, -90, -90, -90, -90, -90, -90, -90, -90, -90, -90, -90, -90, -90, -90, -90, -90, -90, -90, -90, -90, -90, -90, -90, -90, -90, -90, -90, -90, -90, -90, -90, -90, -90, -90, -90,
target_str: -72, -57, -30, -27, -13, -1, 6, 11, 17, 24, 28, 28, 23, 21, 10, -9, -35, -82, -101, -104, -101, -91, -72, -47, -28, -15, -9, -6, -3, -5, -18, -32, -38, -51, -65, -65, -61, -59, -44, -38, -26, -3, 10, 15, 23, 32, 33, 28, 24, 19
mse: 2.030192512954388
----------------------
pred_str: -73, -86, -95, -100, -98, -89, -77, -63, -47, -33, -16, 1, 13, 22, 32, 40, 46, 49, 42, 33, 22, 10, 3, 11, 9, 1, 0, -1, -13, -22, -29, -36, -43, -52, -60, -67, -76, -83, -92, -100, -108, -115, -123, -131, -140, -149, -159, -168, -177, -186, -195, -204, -213, -222, -231, -240, -249, -258, -267, -276, -285, -294, -303, -312, -321, -330, -339, -348, -357, -366, -375, -384, -393, -402, -411, -420, -429, -438, -447, -456, -465, -474, -483, -492, -501, -510, -519, -528, -537, -546, -555, -564, -573, -582, -591, -600, -609, -618, -627, -636, -645, -654, -663, -672, -681, -690, -699, -708, -717, -726, -735, -
target_str: -44, -30, -15, 0, 16, 31, 45, 56, 63, 65, 60, 50, 35, 17, -5, -35, -67, -89, -97, -91, -77, -60, -41, -23, -8, 2, 8, 11, 11, 11, 9, 4, 0, -2, -7, -24, -48, -68, -75, -67, -45, -14, 14, 35, 47, 49, 45, 36, 26, 16
mse: 3.3385092685885756
----------------------
pred_str: -73, -66, -58, -51, -46, -40, -36, -35, -34, -32, -31, -31, -32, -33, -35, -37, -39, -42, -45, -48, -52, -57, -63, -69, -75, -81, -86, -92, -98, -104, -109, -115, -119, -125, -127, -130, -132, -134, -137, -139, -142, -144, -148, -151, -156, -161, -166, -171, -176, -181, -186, -192, -197, -202, -207, -212, -217, -222, -227, -232, -237, -242, -248, -253, -258, -264, -270, -276, -282, -288, -294, -300, -307, -314, -320, -327, -334, -341, -348, -355, -362, -369, -377, -384, -391, -399, -406, -413, -420, -427, -434, -441, -448, -455, -462, -469, -476, -483, -490, -497, -504, -511, -518, -525, -532, -539, -546, -553, -
target_str: -57, -42, -20, -2, 4, 6, 2, 3, 13, 28, 38, 46, 52, 53, 49, 50, 55, 58, 56, 57, 61, 53, 43, 26, 8, -5, -19, -30, -39, -43, -52, -66, -78, -79, -70, -69, -68, -55, -48, -44, -24, -10, -6, 0, 5, 7, 10, 13, 24, 37
mse: 3.2164863947297255
----------------------
pred_str: 15, 26, 39, 52, 59, 65, 74, 74, 73, 71, 67, 61, 54, 46, 40, 35, 30, 27, 25, 23, 22, 21, 21, 20, 19, 18, 17, 17, 17, 17, 17, 17, 17, 17, 17, 17, 17, 17, 17, 17, 17, 17, 17, 17, 17, 17, 17, 17, 17, 17, 17, 17, 17, 17, 17, 17, 17, 17, 17, 17, 17, 17, 17, 17, 17, 17, 17, 17, 17, 17, 17, 17, 17, 17, 17, 17, 17, 17, 17, 17, 17, 17, 17, 17, 17, 17, 17, 17, 17, 17, 17, 17, 17, 17, 17, 17, 17, 17, 17, 17, 17, 17, 17, 17, 17, 17, 17, 17, 17, 17, 17, 17, 17, 17, 17, 17, 17, 17, 17, 17, 17, 17, 17, 17, 17, 17, 17, 17, 
target_str: 26, 37, 44, 41, 35, 21, 7, -8, -20, -31, -40, -45, -44, -40, -29, -15, 0, 12, 20, 27, 36, 44, 50, 51, 45, 35, 25, 14, 4, -4, -12, -19, -25, -28, -25, -19, -15, -10, -7, -7, -7, -7, -2, 6, 17, 27, 34, 39, 44, 50
mse: 0.6590492755182469
----------------------
pred_str: 80, 84, 76, 75, 72, 68, 61, 54, 48, 45, 40, 36, 32, 27, 23, 20, 18, 17, 15, 14, 12, 12, 11, 10, 9, 9, 8, 8, 8, 8, 8, 8, 8, 8, 8, 8, 8, 8, 8, 8, 8, 8, 8, 8, 8, 8, 8, 8, 8, 8, 8, 8, 8, 8, 8, 8, 8, 8, 8, 8, 8, 8, 8, 8, 8, 8, 8, 8, 8, 8, 8, 8, 8, 8, 8, 8, 8, 8, 8, 8, 8, 8, 8, 8, 8, 8, 8, 8, 8, 8, 8, 8, 8, 8, 8, 8, 8, 8, 8, 8, 8, 8, 8, 8, 8, 8, 8, 8, 8, 8, 8, 8, 8, 8, 8, 8, 8, 8, 8, 8, 8, 8, 8, 8, 8, 8, 8, 8, 8, 8, 8, 8, 8, 8, 8, 8, 8, 8, 8, 8, 8, 8, 8, 8, 8, 8, 8, 8, 8, 8, 8, 8, 8, 8, 8, 8, 8, 8, 8, 8, 8, 8, 8,
target_str: 55, 60, 51, 28, 10, -12, -31, -46, -56, -60, -62, -64, -65, -58, -45, -32, -15, 17, 45, 63, 60, 54, 53, 50, 50, 49, 47, 42, 43, 51, 57, 67, 69, 66, 56, 37, 29, 17, 1, -16, -31, -39, -43, -45, -43, -41, -45, -53, -57, -51
mse: 1.0724387098428654
----------------------
pred_str: 96, 86, 69, 55, 46, 42, 38, 34, 32, 31, 29, 28, 26, 25, 24, 23, 23, 22, 22, 21, 20, 18, 15, 12, 8, 4, 0, -4, -9, -13, -18, -20, -19, -16, -11, -5, 4, 23, 56, 91, 85, 60, 44, 30, 23, 19, 19, 18, 17, 15, 12, 8, 4, 0, 3, 6, 13, 24, 43, 75, 91, 77, 58, 45, 33, 26, 20, 15, 9, 4, 0, -4, -11, -15, -20, -22, -21, -19, -16, -11, -6, 4, 26, 60, 91, 80, 57, 40, 26, 21, 19, 18, 16, 14, 11, 8, 4, 0, -4, -10, -15, -20, -22, -22, -21, -19, -16, -11, -6, 4, 26, 60, 91, 80, 57, 40, 26, 21, 19, 18, 16, 14, 11, 8, 4, 0, -4, -10, -15, -20, -22, -22, -21, -19, -16, -
target_str: 19, 17, 17, 15, 12, 9, 6, 6, 5, 5, 7, 14, 29, 56, 91, 87, 60, 44, 35, 28, 21, 14, 6, -2, -11, -18, -20, -19, -14, -9, 0, 15, 51, 93, 97, 72, 45, 30, 20, 17, 17, 17, 16, 13, 9, 6, 5, 7, 11, 19
mse: 0.5656976283422317
----------------------
pred_str: 44, 43, 41, 44, 45, 44, 43, 42, 42, 41, 41, 41, 40, 40, 39, 38, 38, 37, 36, 36, 35, 34, 33, 33, 32, 32, 31, 30, 30, 29, 29, 29, 28, 27, 26, 25, 25, 24, 24, 24, 23, 22, 21, 20, 19, 18, 17, 16, 15, 14, 13, 12, 11, 10, 10, 9, 9, 8, 8, 7, 7, 6, 6, 5, 5, 5, 4, 4, 4, 4, 4, 4, 4, 3, 3, 3, 3, 3, 3, 2, 2, 2, 2, 2, 2, 2, 2, 2, 2, 2, 2, 2, 2, 2, 2, 2, 2, 2, 2, 2, 2, 2, 2, 2, 2, 2, 2, 2, 2, 2, 2, 2, 2, 2, 2, 2, 2, 2, 2, 2, 2, 2, 2, 2, 2, 2, 2, 2, 2, 2, 2, 2, 2, 2, 2, 2, 2, 2, 2, 2, 2, 2, 2, 2, 2, 2, 2, 2, 2, 2, 2, 2, 2
target_str: 46, 38, 16, -47, -38, -8, -35, -32, -34, -37, -37, -40, -51, -61, -68, -70, -63, -50, -41, -24, -46, -32, 18, 28, 24, -7, -7, 0, 14, 28, 28, 23, 22, 27, 37, 44, 45, 31, 16, -21, -46, -13, -28, -39, -29, -25, -22, -17, -23, -39
mse: 1.0683937526983731
----------------------
pred_str: 34, 52, 53, 54, 51, 49, 44, 35, 25, 17, 10, 5, 3, -1, 20, 43, 61, 71, 73, 69, 62, 57, 51, 46, 42, 37, 34, 30, 27, 24, 21, 18, 16, 14, 12, 11, 15, 32, 55, 71, 81, 84, 84, 78, 70, 61, 46, 29, 3, 22, 50, 70, 80, 84, 84, 81, 74, 63, 50, 32, 10, 1, -13, -28, -37, -35, -27, -17, -12, -11, -7, 15, 36, 58, 74, 84, 83, 78, 70, 57, 47, 40, 33, 28, 25, 22, 20, 18, 16, 14, 12, 11, 15, 32, 55, 70, 80, 84, 84, 81, 74, 63, 50, 32, 10, 1, -13, -28, -37, -35, -27, -17, -12, -11, -7, 15, 36, 58, 74, 84, 83, 78, 70, 57, 47, 40, 33, 28, 25, 22, 
target_str: 49, 52, 42, 39, 48, 56, 54, 46, 39, 34, 28, 23, 20, 16, 12, 10, 17, 44, 78, 92, 98, 87, 76, 57, 37, 17, 0, -13, -22, -23, -19, -13, -9, -6, -4, 15, 46, 55, 47, 37, 39, 41, 34, 28, 24, 21, 17, 14, 12, 12
mse: 0.24670997429844846
----------------------
pred_str: -28, -32, -34, -35, -36, -36, -36, -35, -34, -33, -32, -31, -30, -29, -29, -28, -28, -27, -27, -26, -26, -25, -25, -24, -24, -23, -22, -21, -20, -20, -19, -18, -18, -17, -16, -15, -14, -14, -13, -13, -13, -12, -11, -11, -11, -10, -9, -9, -8, -8, -7, -7, -6, -6, -6, -5, -5, -5, -5, -5, -5, -4, -4, -4, -4, -4, -4, -4, -4, -4, -3, -3, -3, -3, -3, -2, -2, -2, -2, -2, -2, -2, -2, -2, -2, -2, -2, -2, -2, -2, -2, -2, -2, -2, -2, -2, -2, -2, -2, -2, -2, -2, -2, -2, -2, -2, -2, -2, -2, -2, -2, -2, -2, -2, -2, -2, -2, -2, -2, -2, -2, -2, -2, -2, -2, -2, -2, -2, -2, -2, -2, -2, -2, -2, -2, -2, -2, -2, -2, -2, -2, -2, -2, -2, -2, -2, -2, -2, -2, -2, -2, -2, -2, -2, -2, -
target_str: -31, -34, -34, -30, -25, -22, -21, -13, 20, 67, 46, 40, 42, 28, 24, 23, 25, 28, 30, 29, 28, 29, 32, 36, 45, 61, 80, 102, 108, 100, 89, 71, 59, 44, 30, 15, 3, -8, -18, -25, -31, -34, -36, -37, -34, -31, -31, -29, -14, 14
mse: 1.0961509746418279
----------------------
