pred_str: -20, -12, 17, 36, 51
target_str: -11, 18, 43, 63, 75
mse: 3093.4087260433453
----------------------
pred_str: 61, 58, 50, 47, 46
target_str: 55, 60, 51, 28, 10
mse: 1773.3315384272792
----------------------
pred_str: 72, 70, 69, 71, 72
target_str: 74, 74, 80, 89, 93
mse: 946.194566439997
----------------------
pred_str: -24, -39, -51, -60, -65
target_str: -24, -36, -40, -39, -32
mse: 1733.6456736097086
----------------------
pred_str: -43, -19, 21, 45, 76
target_str: -44, -39, -28, -6, 24
mse: 8466.66594936982
----------------------
pred_str: 20, 22, 22, 21, 17
target_str: 19, 17, 17, 15, 12
mse: 116.9688647254743
----------------------
pred_str: -22, -12, -04, 10, 14
target_str: -20, -21, -28, -41, -50
mse: 7684.4366665182115
----------------------
pred_str: 10, 29, 56, 80, 59
target_str: 5, 3, 2, 10, 31
mse: 9713.637596532464
----------------------
pred_str: 18, 12, 8, 5, 4
target_str: 19, 14, 8, 3, 0
mse: 26.10912159050764
----------------------
pred_str: -18, -37, -61, -94, -78
target_str: -22, -42, -67, -104, -94
mse: 452.20998594759266
----------------------
pred_str: -34, -46, -55, -55, -42
target_str: -42, -53, -62, -57, -39
mse: 182.7638511335537
----------------------
pred_str: -30, -34, -35, -32, -27
target_str: -31, -34, -34, -30, -25
mse: 10.44364863620305
----------------------
pred_str: -44, -52, -56, -58, -61
target_str: -47, -55, -61, -69, -74
mse: 347.77349958556226
----------------------
pred_str: 4, 4, 4, 4, 4
target_str: 8, 6, 7, 7, 5
mse: 40.73022968119193
----------------------
pred_str: -42, -38, -32, -23, -16
target_str: -24, -39, -61, -79, -86
mse: 9610.245475034051
----------------------
pred_str: -10, -18, -28, -35, -39
target_str: 13, 33, 42, 40, 28
mse: 18948.95608552683
----------------------
pred_str: -44, -42, -37, -21, -16
target_str: -45, -38, -25, -6, 7
mse: 955.59385021258
----------------------
pred_str: -53, -54, -47, -35, -21
target_str: -52, -53, -51, -51, -51
mse: 1226.0843498902386
----------------------
pred_str: -21, -13, -4, 15, 30
target_str: -8, 15, 40, 62, 75
mse: 7439.010923567437
----------------------
pred_str: 21, 12, 0, -16, -31
target_str: 22, 3, -16, -30, -38
mse: 608.8647154906383
----------------------
pred_str: -57, -42, -17, 14, 30
target_str: -57, -42, -20, -2, 4
mse: 982.747336666708
----------------------
pred_str: 35, 26, 16, 7, 0
target_str: 38, 29, 20, 13, 4
mse: 89.81537827134626
----------------------
pred_str: 40, 63, 78, 64, 45
target_str: 49, 52, 42, 39, 48
mse: 2226.5858892384913
----------------------
pred_str: -53, -64, -68, -64, -56
target_str: -54, -67, -77, -79, -73
mse: 631.8407424902855
----------------------
pred_str: 14, 11, 9, 10, 11
target_str: 15, 10, 7, 5, 2
mse: 116.96886472547426
----------------------
