pred_str: -22, -11, -1, 14, 27, 40, 45, 47, 42, 31, 23
target_str: -8, 15, 40, 62, 75, 78, 75, 64, 52, 41
mse: 1537.5946925004894
----------------------
pred_str: -49, -48, -46, -43, -38, -37, -26, -10, 74, 48, 33
target_str: -56, -55, -48, -41, -39, -34, -37, 1, 74, 39
mse: 67.54093155970727
----------------------
pred_str: -61, -32, -12, 0, 14, 20, 25, 30, 37, 45
target_str: -57, -42, -20, -2, 4, 6, 2, 3, 13, 28
mse: 400.4761841683784
----------------------
pred_str: -52, -42, -32, -20, -10, -1, 12, 32, 50, 64, 68
target_str: -52, -53, -51, -51, -51, -50, -51, -45, -29, -10
mse: 4175.53731783703
----------------------
pred_str: 3, -2, -1, -1, -1, 0, 1, 11, 24, 46, 76
target_str: 9, 3, 2, 4, 5, 5, 5, 6, 8, 12
mse: 247.5475145320479
----------------------
pred_str: -1, 10, 15, 19, 19, 14, 9, 4, -2, -10, -20
target_str: 13, 33, 42, 40, 28, 15, 4, -3, -10, -11
mse: 325.55036715339554
----------------------
pred_str: -49, -50, -45, -32, -22, -10, 12, 54, 83, 88, 88
target_str: -45, -38, -25, -6, 7, 55, 94, 96, 96, 90
mse: 2302.084188901822
----------------------
pred_str: -22, 16, 26, 35, 39, 37, 27, 10, -2, -13
target_str: -11, 18, 43, 63, 75, 77, 57, 39, 38, 23
mse: 1343.2798939585523
----------------------
pred_str: -26, -45, -66, -87, -79, -61, -46, -40, -36, -26, -16
target_str: -22, -42, -67, -104, -94, -65, -52, -45, -37, -23
mse: 96.46506625953643
----------------------
pred_str: 64, 46, 34, 24, 17, 11, 5, 0, 0, 0
target_str: 68, 55, 48, 37, 24, 13, 5, 0, -7, -14
mse: 116.92735304186229
----------------------
pred_str: 35, 12, -15, -31, -42, -52, -58, -58, -51, -40
target_str: 38, 29, 20, 13, 4, -3, -12, -19, -24, -25
mse: 1933.4553232593203
----------------------
pred_str: 72, 86, 91, 87, 74, 59, 42, 19, 3, -15, -32
target_str: 79, 91, 93, 83, 64, 40, 15, -6, -24, -38
mse: 487.24858826786556
----------------------
pred_str: -46, -28, -14, -6, 4, 11, 14, 13, 12, 10, 7
target_str: -44, -30, -15, 0, 16, 31, 45, 56, 63, 65
mse: 1388.512317372115
----------------------
pred_str: 9, 9, 8, 7, 11, 30, 69, 90, 76, 46, 28
target_str: 5, 3, 2, 10, 31, 73, 101, 83, 46, 22
mse: 753.1044646577843
----------------------
pred_str: 17, 10, 4, 1, 0, 0, 1, 6, 15, 32, 53
target_str: 19, 14, 8, 3, 0, -3, -4, -3, -1, 1
mse: 211.08464259662506
----------------------
pred_str: -45, -56, -65, -69, -67, -65, -65, -61, -51, -32, -11
target_str: -47, -55, -61, -69, -74, -79, -87, -91, -92, -87
mse: 977.8819157027326
----------------------
pred_str: 42, 27, 13, -10, -24, -33, -40, -45, -43, -36
target_str: 34, 9, -15, -36, -53, -57, -54, -43, -29, -15
mse: 631.1000028654199
----------------------
pred_str: 11, 13, 17, 29, 50, 73, 85, 66, 43, 26, 15
target_str: 10, 13, 15, 17, 21, 29, 49, 73, 83, 70
mse: 1201.1208489444984
----------------------
pred_str: 12, 13, 12, 12, 12, 11, 11, 11, 11, 11, 11, 11
target_str: 8, 6, 7, 7, 5, 1, -5, -5, -2, 0
mse: 164.0059978192437
----------------------
pred_str: -40, -32, -24, -18, -16, -18, -18, -19, -22, -26
target_str: -42, -53, -62, -57, -39, -12, 21, 51, 73, 85
mse: 4883.56321086157
----------------------
pred_str: -12, -52, -41, -41, -47, -38, -28, -18, -10, -16, -38
target_str: 46, 38, 16, -47, -38, -8, -35, -32, -34, -37
mse: 2614.249451167532
----------------------
pred_str: -27, -26, -26, -24, -20, -14, -10, -4, 10, 46, 42
target_str: -31, -34, -34, -30, -25, -22, -21, -13, 20, 67
mse: 155.69800168205876
----------------------
pred_str: 49, 38, 28, 17, 11, -1, -28, -41, -51, -53, -54
target_str: 55, 60, 51, 28, 10, -12, -31, -46, -56, -60
mse: 215.3924924455358
----------------------
pred_str: 16, 2, -14, -25, -29, -27, -21, -15, -8, -1, 11
target_str: 19, 17, 17, 20, 23, 31, 36, 42, 46, 51
mse: 3293.351209492242
----------------------
pred_str: 40, 39, 40, 40, 41, 40, 40, 40, 40, 39, 38
target_str: 41, 42, 46, 50, 58, 70, 73, 74, 75, 72
mse: 906.8023931957057
----------------------
