pred_str:  

target_str: -11, 18, 43, 63, 75
mse: 12415.409498718194
----------------------
pred_str: 
  * 11, -11, -35, -52, -64, -73, -74, -68, -63, -66, -59, -45, -31, -4, 25, 67, 75, 69, 71, 58, 51, 49, 48, 44, 45, 49, 55, 66, 75, 78, 67
target_str: 55, 60, 51, 28, 10
mse: 41088.446829413704
----------------------
pred_str: 
Predict the next values given the PPG data : 

target_str: 74, 74, 80, 89, 93
mse: 35426.944903728014
----------------------
pred_str: 
-75, -69, -63, -56, -48, -41, -32, -21, -2, 25, 52, 77, 93, 100, 88, 69, 39, 10, -16, -39, -54, -56, -54, -42, -31, -18, -7, -3, -6, -8, -18, -30, -39, -49, -59, -67, -67, -51, -22, 14, 45, 70, 83, 83, 69, 49, 27, 9, -2, -8, -12, -14, -17, -24, -37, -45, -55, -62, -70, -78, -84, -87, -91, -90, -87, -75, -59, -31, 4, 41, 65, 75, 69, 50, 25, 1, -25, -47, -62, -71, -76, -72, -73, -67, -62, -58, -56, -58, -60, -68, -75, -79, -81, -83, -83, -81, -68, -44, -12, 19, 48, 74, 84, 81, 68, 49, 26, 7, -13, -28, -40, -44, -44, -38, -34, -30, -24, -17, -12, -8, -8, -9, -14, -15, -20, -21, -28, -24, -13, 8, 35, 
target_str: -24, -36, -40, -39, -32
mse: 4975.354210287138
----------------------
pred_str: 
 1. 49, 12, 25, 55, 76, 88, 89, 81, 65, 45, 22, -19, -36, -51, -61, -67, -73, -78, -74, -54, -21, 12, 38, 56, 67, 69, 64, 49, 27, 2, -11, -21, -27, -30, -32, -31, -18, 6, 37, 68, 90, 100, 95, 81, 60, 34, 10, -10, -31, -48, -58, -59, -55, -50
target_str: -44, -39, -28, -6, 24
mse: 26047.50406355405
----------------------
pred_str: 

target_str: 19, 17, 17, 15, 12
mse: 1366.0292416153602
----------------------
pred_str: 

target_str: -20, -21, -28, -41, -50
mse: 6063.5823981794965
----------------------
pred_str: 
 

target_str: 5, 3, 2, 10, 31
mse: 1147.756985118716
----------------------
pred_str: 


target_str: 19, 14, 8, 3, 0
mse: 657.9498640807926
----------------------
pred_str: -15, -20, -24, -26, -28, -30, -32, -34, -36, -38, -40, -42, -44, -46, -48, -50, -52, -54, -56, -58
target_str: -22, -42, -67, -104, -94
mse: 13390.84628133956
----------------------
pred_str: 

target_str: -42, -53, -62, -57, -39
mse: 13772.039456560971
----------------------
pred_str: 

target_str: -31, -34, -34, -30, -25
mse: 5010.862615650228
----------------------
pred_str: 

target_str: -47, -55, -61, -69, -74
mse: 20043.450462600907
----------------------
pred_str: 
The program should ask for the next values of PPG and then print them.
The program should use a loop to print the next values of PPG.
The program should ask for the next values of PPG and then print them.
target_str: 8, 6, 7, 7, 5
mse: 232.8933645873282
----------------------
pred_str: 

target_str: -24, -39, -61, -79, -86
mse: 20318.11842173305
----------------------
pred_str: 

target_str: 13, 33, 42, 40, 28
mse: 5645.836452731373
----------------------
pred_str: 

target_str: -45, -38, -25, -6, 7
mse: 4364.400765069258
----------------------
pred_str: 

target_str: -52, -53, -51, -51, -51
mse: 13906.762523967991
----------------------
pred_str: 

target_str: -8, 15, 40, 62, 75
mse: 11861.896120999434
----------------------
pred_str: 
 1. 12 2. 15 3. 20 4. 25 5. 30 6. 36 7. 40 8. 45 9. 50 10. 56
target_str: 22, 3, -16, -30, -38
mse: 3230.220523177606
----------------------
pred_str: -82, -74, -56, -38, -22
target_str: -57, -42, -20, -2, 4
mse: 5135.142034421045
----------------------
pred_str: 

target_str: 38, 29, 20, 13, 4
mse: 2997.327158590278
----------------------
pred_str: 

target_str: 49, 52, 42, 39, 48
mse: 11168.437851555553
----------------------
pred_str: 


target_str: -54, -67, -77, -79, -73
mse: 26008.8625636001
----------------------
pred_str: 
PPG = 72, 68, 75, 63, 56, 56, 58, 63, 64, 67, 69, 72, 76, 79, 81, 85, 89, 93, 97, 101, 103, 107, 109, 111, 112, 115, 118, 121, 124, 127, 130, 133, 137, 141, 145, 149, 153, 157, 161, 165, 169, 173, 177, 181, 185, 189, 193, 197, 201, 205, 209, 213, 217, 221, 225, 229, 233, 237, 241, 245, 249, 253, 257, 261, 265, 269, 273, 277, 281, 285, 289, 293, 297, 301, 305, 309, 313, 317, 321, 325, 329, 333, 337, 341, 345, 349, 353, 357, 361, 365, 369, 373, 377, 381, 385, 389, 393, 397, 399, 403, 407, 411, 415, 419, 423, 4
target_str: 15, 10, 7, 5, 2
mse: 16382.951615611737
----------------------
