pred_str: 
Table 5.3.4: Predicted and observed mean 2007-2019
Proportion of predicted and observed mean
Proportion of predicted and observed mean 2019
Proportion of predicted and observed mean 2007-2019
target_str: 8, 6, 7, 7, 5, 1, -5, -5, -2, 0, 5, 13, 20, 23, 30, 37, 43, 49, 56, 66, 69, 72, 73, 75, 73, 73, 75, 75, 74, 76, 74, 70, 69, 68, 67, 69, 71, 73, 74, 74, 71, 69, 70, 69, 71, 74, 72, 70, 71, 70
mse: 1.1007534098543112
----------------------
pred_str: -10, -15, -18, -19, -15, -10, -4, -2, 1, 11, 21, 26, 25, 22, 16, 12, 10, 9, 10, 12, 15, 18, 20, 19, 16, 13, 11, 12, 13, 17, 20, 22, 21, 17, 12, 6, -1, -5, -7, -7, -5, -1, 4, 11, 18, 23, 24, 23, 17, 11, 4, -1, -6, -8, -9, -8, -7, -3, 3, 8, 13, 18, 22, 24, 23, 18, 14, 10, 8, 7, 8, 10, 12, 15, 17, 15, 10, 6, -2, -5, -7, -6, -4, -1, 4, 10, 16, 22, 25, 25, 22, 16, 11, 8, 6, 6, 7, 10, 13, 17, 20, 22, 21, 18, 13, 8, 4, -1, -5, -6, -5, -4, -1, 3, 8, 14, 19, 23, 24, 22, 17, 13, 8, 6, 7, 10, 12, 14, 16, 15, 11, 7, -2, -6, -7, -5, -3, 2, 6, 11, 16, 21, 2
target_str: -6, -3, 0, 1, 1, -1, -5, -10, -15, -21, -28, -34, -40, -41, -40, -35, -29, -24, -18, -16, -14, -10, -2, 9, 22, 29, 31, 29, 20, 13, 4, -1, -5, -6, -3, 0, 6, 10, 14, 15, 13, 8, 2, -1, -7, -13, -18, -22, -24, -24
mse: 0.2732809347716438
----------------------
pred_str: 14, 11, 25, 30, 22, 14, 11, 22, 26, 20, 13, 12, 11, 12, 15, 18, 15, 21, 22, 21, 26, 26, 23, 21, 21, 20, 21, 19, 18, 16, 18, 21, 29, 33, 29, 24, 21, 14, 2, 12, 20, 16, 13, 14, 13, 14, 12, 12, 10, 12, 11, 11, 11, 12, 11, 10, 10, 11, 11, 11, 10, 11, 11, 12, 11, 12, 11, 10, 11, 11, 12, 12, 12, 11, 11, 11, 11, 11, 11, 10, 10, 11, 10, 10, 10, 10, 10, 11, 10, 11, 10, 11, 10, 10, 10, 10, 10, 10, 10, 10, 10, 10, 10, 10, 10, 10, 10, 10, 10, 10, 10, 10, 10, 10, 10, 10, 10, 10, 10, 10, 10, 10, 10, 10, 10, 10, 10, 10, 1
target_str: -51, -57, -57, -60, -74, -69, 6, 76, 15, -2, 23, 30, 18, 13, 23, 40, 47, 45, 43, 55, 85, 104, 87, 52, 45, 56, 24, -12, -15, -23, -34, -49, -58, -61, -54, -49, -47, -47, -46, -53, -79, -91, -52, 71, 74, 12, 35, 46, 34, 16
mse: 0.9946705193581316
----------------------
pred_str: 26, 17, 3, -10, -26, -42, -51, -48, -42, -28, -11, 1, 11, 21, 28, 33, 30, 20, 1, -11, -23, -31, -30, -25, -14, 4, 16, 24, 30, 32, 28, 21, 3, -12, -29, -41, -49, -48, -37, -15, 1, 17, 27, 34, 33, 27, 10, -11, -25, -37, -43, -39, -31, -14, 5, 15, 22, 29, 30, 26, 19, 4, -12, -27, -40, -46, -42, -31, -11, 6, 16, 25, 32, 33, 27, 19, 2, -13, -25, -35, -40, -36, -27, -10, 5, 15, 22, 28, 30, 25, 19, 4, -12, -26, -36, -40, -35, -26, -9, 5, 15, 22, 28, 30, 26, 19, 2, -12, -25, -35, -40, -36, -26, -9, 5, 15, 22, 28, 30, 25, 19, 2, -12, -26, -36, -40, -35, -26, -9, 5, 15, 22, 28, 
target_str: 38, 29, 20, 13, 4, -3, -12, -19, -24, -25, -19, -7, 7, 23, 34, 42, 45, 45, 43, 39, 32, 23, 9, -7, -29, -50, -69, -82, -86, -83, -73, -59, -42, -22, -2, 13, 25, 36, 45, 52, 58, 60, 60, 55, 45, 33, 18, 4, -6, -15
mse: 0.7890777937255717
----------------------
pred_str: 14, 40, 63, 76, 78, 75, 59, 37, 16, -3, 1, 6, 14, 30, 44, 49, 50, 42, 25, 0, -24, -41, -51, -56, -61, -61, -55, -44, -30, -12, 1, 25, 52, 74, 89, 95, 95, 88, 71, 50, 26, -11, -35, -53, -64, -66, -61, -56, -47, -37, -23, -7, 11, 36, 60, 72, 78, 77, 68, 55, 38, 15, -2, 11, 22, 34, 42, 40, 33, 20, 5, -15, -32, -46, -59, -64, -68, -68, -63, -54, -43, -29, -11, 16, 44, 63, 76, 84, 87, 84, 74, 62, 49, 24, -10, -33, -50, -60, -62, -63, -62, -57, -50, -38, -21, 2, 26, 53, 72, 82, 86, 80, 69, 57, 39, 13, -14, -33, -50, -61, -67, -71, -70, -63, -52, -37, -16, 12, 41, 63, 7
target_str: -52, -53, -51, -51, -51, -50, -51, -45, -29, -10, 7, 21, 23, 17, 4, -13, -30, -47, -57, -63, -64, -62, -53, -43, -33, -22, -15, -8, 2, 14, 29, 41, 48, 51, 53, 49, 44, 39, 32, 25, 21, 17, 12, 7, 0, -7, -14, -17, -9, 8
mse: 1.0949711954746844
----------------------
pred_str: 35, 37, 38, 44, 52, 56, 64, 65, 61, 58, 54, 45, 39, 35, 31, 27, 26, 24, 21, 18, 12, 5, -1, -16, -24, -27, -20, -13, -6, 0, 15, 30, 24, 0, -14, -16, -18, -13, -8, -4, 2, 16, 23, 21, 17, 11, 5, 0, -1, -15, -20, -21, -18, -13, -9, -4, 1, 12, 18, 18, 16, 12, 8, 4, -2, -11, -17, -17, -14, -8, -4, 0, 13, 22, 22, 19, 13, 6, 1, -4, -12, -17, -17, -13, -10, -6, -2, 0, 11, 22, 23, 23, 21, 18, 14, 10, 5, 0, -5, -12, -15, -16, -14, -11, -7, -2, 5, 12, 19, 19, 16, 12, 9, 5, 1, -4, -10, -12, -11, -7, -3, 1, 11, 18, 17, 15, 11, 8, 3, 0, -4, -10, -11, -10, -7, -2, 2, 11, 17, 16
target_str: -26, -44, -64, -80, -85, -68, -60, -54, -43, -40, -19, 15, 30, 17, 11, 10, 4, 1, -13, -37, -48, -59, -73, -70, -57, -48, -35, -28, -15, 28, 46, 25, 8, 8, 18, 14, -1, -17, -29, -32, -30, -20, -8, -8, -8, -7, -8, 13, 19, 5
mse: 1.0520194550269188
----------------------
pred_str: 0, -10, -15, -16, -15, -12, -4, 4, 15, 34, 53, 44, 22, 8, 1, 0, -1, -7, -14, -16, -13, -7, 1, 14, 40, 69, 81, 66, 42, 25, 13, 8, 5, 4, 6, 7
target_str: 5, 3, 2, 10, 31, 73, 101, 83, 46, 22, 10, 2, -1, -4, -7, -11, -14, -15, -11, -3, 17, 54, 81, 78, 50, 29, 15, 8, 3, 1, 0, 1, 1, 1, 2, 9, 30, 68, 99, 88, 50, 25, 12, 5, 1, -2, -6, -10, -14, -16
mse: 0.5678886467954984
----------------------
pred_str: 2, 5, 12, 20, 28, 37, 47, 58, 69, 76, 83, 86, 82, 76, 67, 56, 45, 34, 24, 14, 0, -10, -27, -40, -54, -61, -64, -59, -53, -45, -35, -25, -13, 2, 12, 20, 26, 34, 43, 53, 62, 69, 74, 74, 70, 64, 56, 48, 39, 31, 24, 17, 11, 3, -10, -27, -40, -54, -61, -64, -59, -53, -45, -35, -25, -13, 2, 12, 20, 26, 34, 43, 53, 62, 69, 74, 74, 70, 64, 56, 48, 40, 31, 24, 17, 11, 3, -10, -27, -40, -54, -61, -64, -59, -53, -45, -35, -25, -13, 2, 12, 20, 26, 34, 43, 53, 62, 69, 74, 74, 70, 64, 56, 48, 40, 31, 24, 17, 11, 3, -10, -27, -40, -54, -61, -64, -59, -53, -45, -35, -2
target_str: 5, 24, 41, 54, 61, 67, 64, 45, 19, -9, -33, -48, -51, -48, -44, -44, -48, -50, -40, -19, 8, 34, 44, 35, 8, -20, -31, -19, 3, 25, 36, 32, 17, -2, -20, -29, -30, -23, -8, 11, 33, 52, 65, 73, 77, 71, 53, 33, 11, -6
mse: 1.155282543667563
----------------------
pred_str: -5, 23, 39, 51, 60, 64, 61, 48, 29, 6, -17, -44, -67, -78, -74, -57, -34, -8, 21, 47, 67, 74, 72, 59, 48, 12, -12, -31, -46, -59, -65, -59, -44, -25, -6, 10, 21, 32, 41, 47, 51, 50, 45, 35, 23, 5, -19, -42, -57, -60, -54, -40, -23, -4, 15, 30, 38, 37, 29, 13, -6, -19, -25, -21, -16, -14, -14, -7, 2, 11, 21, 27, 29, 31, 30, 32, 30, 25, 17, 4, -8, -25, -45, -55, -50, -30, -2, 27, 58, 85, 99, 97, 80, 60, 37, 11, -9, -27
target_str: -42, -53, -62, -57, -39, -12, 21, 51, 73, 85, 90, 89, 88, 83, 66, 39, 6, -28, -62, -92, -109, -104, -80, -39, 7, 61, 106, 130, 129, 109, 75, 39, 5, -24, -45, -56, -59, -60, -57, -43, -19, 6, 30, 49, 62, 74, 86, 97, 102, 98
mse: 3.5834690210456572
----------------------
pred_str: -11, -23, -27, -28, -26, -22, -16, -11, -5, 1, 14, 25, 39, 53, 66, 73, 63, 50, 31, -7, -25, -36, -43, -44, -44, -39, -34, -29, -23, -16, -11, -5, -1, 0, 2, 10, 20, 35, 50, 63, 71, 63, 51, 33, -11, -33, -53, -73, -77, -73, -62, -43, -22, -12, 2, 11, 22, 33, 45, 57, 67, 68, 61, 51, 37, 16, -2, -27, -48, -68, -73, -66, -52, -33, -10, 1, 14, 26, 38, 53, 66, 74, 66, 56, 41, 14, -7, -33, -54, -76, -78, -74, -63, -48, -29, -11, 1, 10, 19, 28, 38, 51, 60, 60, 51, 41, 22, -10, -31, -51, -68, -72, -63, -49, -31, -11, 2, 11, 19, 28, 38, 50, 60, 57, 44, 22, -10, -30, -51, -68, -72, -
target_str: 79, 91, 93, 83, 64, 40, 15, -6, -24, -38, -49, -56, -58, -54, -49, -41, -33, -25, -16, -7, 6, 29, 61, 94, 118, 130, 127, 109, 80, 45, 12, -15, -38, -55, -66, -71, -70, -62, -52, -43, -34, -28, -22, -17, -9, 8, 40, 76, 108, 127
mse: 3.083540840120122
----------------------
pred_str: 20, 15, 10, 2, -12, -24, -36, -49, -63, -73, -75, -76, -76, -73, -71, -64, -52, -17, 18, 23, 16, 8, 15, 17, 18, 23, 27, 33, 40, 36, 35, 32, 34, 42, 51, 55, 55, 51, 45, 36, 23, 13, -22, -40, -63, -82, -93, -95, -87, -70, -41, -24, 4, 17, 23, 14, 5, 14, 16, 19, 23, 28, 34, 39, 41, 41, 37, 30, 21, 7, -13, -22, -33, -43, -50, -57, -59, -57, -55, -53, -50, -47, -44, -41, -39, -37, -34, -29, -21, -11, -10, -2, 3, 11, 18, 22, 16, 9, 11, 14, 15, 16, 19, 21, 25, 30, 34, 38, 38, 35, 31, 26, 21, 12, -1, -2, -4, -9, -17, -23, -29, -34, -38, -40, -41, -43, -46, -48, -49, -51, -54, -
target_str: 23, 36, 65, 76, 68, 45, 27, 13, -47, -57, -43, -75, -76, -78, -66, -61, -64, -72, -85, -94, -100, -94, -74, -51, -36, -71, -72, -7, 18, 42, 11, 5, 17, 36, 51, 45, 42, 53, 67, 79, 76, 65, 37, 0, -49, -92, -51, -56, -92, -97
mse: 0.8830906358194364
----------------------
pred_str: -4, -19, -31, -47, -58, -69, -80, -83, -79, -75, -64, -49, -36, -26, -21, -15, -10, -5, -3, -2, 0, 1, 3, 4, 5, 2, -1, -1, -4, -11, -19, -30, -44, -62, -72, -76, -83, -89, -94, -93, -84, -67, -53, -44, -39, -37, -37, -42, -52, -61, -70, -71, -67, -59, -48, -37, -26, -16, -10, -5, -1, 0, 2, 6, 10, 14, 18, 22, 23, 21, 16, 10, 3, -3, -12, -23, -36, -50, -63, -71, -75, -80, -83, -86, -88, -90, -89, -83, -73, -62, -51, -41, -33, -25, -19, -15, -11, -7, -4, 1, 7, 12, 16, 20, 22, 22, 21, 17, 11, 2, -2, -11, -23, -37, -52, -62, -68, -73, -77, -82, -86, -87, -87, -85, -78, -68, -58, -50, -43, -35, -27, -21, -15, -10, -7
target_str: -20, -21, -28, -41, -50, -59, -70, -77, -78, -75, -73, -66, -64, -71, -79, -84, -75, -50, -28, -24, -19, -13, -15, -26, -33, -38, -50, -52, -53, -58, -60, -56, -51, -40, -24, -8, 10, 10, 0, -2, -19, -50, -99, -144, -198, -233, -234, -216, -190, -155
mse: 1.6619523198339186
----------------------
pred_str: -5, -14, -42, -71, -84, -87, -83, -60, -18, 25, 56, 78, 86, 81, 68, 54, 32, 14, 1, -12, -28, -43, -51, -54, -51, -45, -28, 10, 36, 63, 77, 84, 85, 76, 54, 25, 0, -20, -44, -63, -76, -78, -70, -52, -21, 20, 56, 75, 83, 81, 64, 40, 11, -13, -34, -48, -61, -67, -70, -62, -50, -24, 11, 37, 66, 82, 84, 76, 59, 37, 9, -9, -27, -41, -54, -65, -74, -74, -66, -51, -19, 18, 47, 71, 80, 82, 74, 57, 30, 9, -14, -34, -50, -65, -76, -76, -69, -56, -23, 13, 37, 67, 83, 84, 75, 56, 30, 10, -13, -27, -39, -48, -57, -62, -60, -48, -23, 14, 45, 71, 82, 83, 73, 54, 29, 8, -13, -25, -38, -47
target_str: -44, -39, -28, -6, 24, 58, 85, 99, 100, 88, 69, 44, 17, -7, -30, -47, -59, -66, -67, -67, -61, -54, -36, -6, 28, 60, 77, 82, 74, 59, 38, 12, -11, -32, -47, -60, -68, -71, -71, -69, -62, -50, -30, 2, 43, 81, 109, 123, 121, 107
mse: 1.8075254009138275
----------------------
pred_str: -13, -24, -28, -32, -38, -43, -45, -45, -43, -41, -38, -35, -27, -17, 1, 13, 23, 31, 35, 34, 30, 26, 21, 16, 9, 3, -3, -10, -16, -22, -26, -28, -30, -31, -30, -28, -26, -23, -19, -13, -5, 2, 10, 15, 18, 21, 23, 24, 24, 21, 18, 13, 7, 1, -1, -5, -11, -16, -21, -25, -28, -30, -31, -31, -29, -27, -24, -20, -13, -6, 2, 11, 16, 20, 22, 23, 23, 20, 17, 12, 4, -2, -8, -15, -21, -26, -30, -31, -31, -29, -27, -24, -20, -14, -7, 2, 11, 16, 20, 22, 23, 23, 20, 17, 12, 4, -2, -7, -14, -21, -27, -31, -31, -29, -27, -24, -20, -14, -7, 2, 11, 16, 20, 22, 23, 23, 20, 17, 12, 4, -2, -7, -14, -21, -
target_str: -29, -29, -29, -26, -24, -21, -16, -7, 2, 12, 18, 20, 19, 14, 7, 0, -8, -16, -22, -27, -32, -37, -40, -40, -38, -33, -25, -17, -8, -1, 2, 4, 5, 6, 8, 11, 15, 18, 19, 19, 16, 11, 5, 0, -7, -13, -18, -21, -22, -22
mse: 0.4559263073729492
----------------------
pred_str: -16, -28, -33, -41, -45, -46, -46, -41, -33, -26, -21, -15, -12, -11, -13, -16, -21, -23, -26, -27, -27, -25, -21, -14, -8, -4, -2, -2, -3, -6, -10, -14, -18, -22, -24, -24, -22, -19, -16, -13, -11, -14, -19, -24, -28, -31, -34, -37, -40, -43, -46, -48, -51, -55, -59, -64, -67, -67, -61, -53, -33, 5, 54, 91, 104, 108, 102, 90, 70, 36, -3, -18, -41, -55, -61, -62, -63, -56, -47, -32, -8, -15, -23, -27, -29, -29, -28, -27, -25, -23, -19, -15, -12, -11, -12, -15, -18, -21, -24, -26, -27, -26, -24, -21, -17, -14, -12, -14, -19, -24, -29, -33, -36, -40, -43, -47, -51, -56, -62, -67, -68, -62, -56, -48, -40, -22, 13, 53, 90, 1
target_str: -24, -36, -40, -39, -32, -23, -15, -12, -12, -13, -16, -28, -33, -47, -59, -70, -74, -77, -74, -64, -43, -14, 21, 59, 88, 99, 99, 82, 57, 25, -7, -35, -60, -69, -74, -75, -69, -66, -64, -65, -70, -83, -95, -115, -134, -153, -167, -174, -170, -164
mse: 1.3232519820138515
----------------------
pred_str: 

  return values, for each row in the table. The data array can be converted to a table of vectors, starting with a vector for the first row of the table. For example:
target_str: -31, -30, -29, -20, -4, 17, 36, 47, 52, 51, 47, 38, 25, 7, -11, -24, -33, -36, -34, -31, -29, -28, -29, -29, -28, -19, 0, 27, 55, 76, 83, 81, 74, 63, 47, 25, 0, -23, -42, -52, -56, -53, -46, -37, -31, -27, -25, -16, 1, 24
mse: 0.512289932968078
----------------------
pred_str: -6, -13, -23, -33, -39, -45, -47, -48, -45, -34, -17, -11, 2, 12, 20, 26, 29, 27, 24, 19, 12, 6, -1, -15, -37, -58, -77, -86, -88, -81, -67, -50, -31, -15, -4, 10, 17, 23, 27, 28, 26, 23, 18, 12, 7, -1, -18, -38, -59, -78, -87, -91, -85, -75, -63, -48, -32, -17, -6, 1, 6, -4, -16, -30, -40, -50, -51, -52, -56, -43, -30, -15, -1, 2, 12, 20, 26, 28, 27, 25, 22, 18, 13, 9, -1, -17, -37, -58, -77, -86, -88, -81, -67, -50, -31, -15, -4, 10, 17, 23, 27, 28, 26, 23, 18, 12, 7, -1, -18, -38, -59, -78, -87, -91, -85, -75, -63, -48, -32, -17, -6, 1, 6, -4, -16, -30, -40, -50, -51, -52, -56, -43, -30, -1
target_str: -72, -57, -30, -27, -13, -1, 6, 11, 17, 24, 28, 28, 23, 21, 10, -9, -35, -82, -101, -104, -101, -91, -72, -47, -28, -15, -9, -6, -3, -5, -18, -32, -38, -51, -65, -65, -61, -59, -44, -38, -26, -3, 10, 15, 23, 32, 33, 28, 24, 19
mse: 1.2477331507104301
----------------------
pred_str: -3, -11, -28, -45, -61, -71, -70, -66, -59, -50, -41, -28, -11, 2, 12, 15, 15, 15, 13, 13, 14, 15, 16, 17, 18, 18, 17, 17, 15, 13, 10, 5, 0, -8, -22, -40, -54, -63, -64, -60, -51, -38, -19, 2, 15, 20, 21, 20, 18, 17, 17, 16, 16, 15, 14, 13, 13, 14, 14, 15, 15, 14, 13, 12, 11, 10, 9, 9, 10, 10, 11, 11, 10, 10, 9, 9, 9, 9, 9, 9, 9, 10, 11, 12, 13, 13, 14, 15, 16, 17, 18, 18, 17, 16, 16, 16, 15, 14, 14, 14, 14, 14, 14, 14, 14, 13, 13, 13, 12, 12, 12, 12, 12, 12, 12, 11, 11, 11, 11, 11, 11, 11, 11, 11, 11, 11, 11, 11, 11, 11, 11, 11
target_str: -44, -30, -15, 0, 16, 31, 45, 56, 63, 65, 60, 50, 35, 17, -5, -35, -67, -89, -97, -91, -77, -60, -41, -23, -8, 2, 8, 11, 11, 11, 9, 4, 0, -2, -7, -24, -48, -68, -75, -67, -45, -14, 14, 35, 47, 49, 45, 36, 26, 16
mse: 1.0681798366955393
----------------------
pred_str: -72, -68, -63, -61, -58, -58, -54, -52, -48, -44, -40, -38, -38, -34, -33, -28, -24, -19, -16, -16, -16, -17, -21, -25, -30, -36, -43, -49, -53, -52, -48, -41, -31, -19, -7, 1, 2, 13, 25, 35, 52, 61, 64, 63, 62, 60, 56, 50, 43, 34, 23, 12, 1, -12, -20, -28, -39, -50, -57, -65, -75, -86, -86, -79, -80, -71
target_str: -57, -42, -20, -2, 4, 6, 2, 3, 13, 28, 38, 46, 52, 53, 49, 50, 55, 58, 56, 57, 61, 53, 43, 26, 8, -5, -19, -30, -39, -43, -52, -66, -78, -79, -70, -69, -68, -55, -48, -44, -24, -10, -6, 0, 5, 7, 10, 13, 24, 37
mse: 1.1713132792738603
----------------------
pred_str: 10, 21, 31, 40, 43, 43, 41, 37, 32, 28, 25, 22, 19, 16, 13, 10, 9, 8, 8, 9, 10, 12, 16, 21, 26, 31, 34, 34, 34, 33, 31, 28, 26, 25, 24, 25, 27, 30, 34, 37, 39, 41, 42
target_str: 26, 37, 44, 41, 35, 21, 7, -8, -20, -31, -40, -45, -44, -40, -29, -15, 0, 12, 20, 27, 36, 44, 50, 51, 45, 35, 25, 14, 4, -4, -12, -19, -25, -28, -25, -19, -15, -10, -7, -7, -7, -7, -2, 6, 17, 27, 34, 39, 44, 50
mse: 0.46388009329649416
----------------------
pred_str: 16, 16, 13, 13, 16, 21, 24, 25, 28, 30, 25, 17, 7, 1, -14, -32, -50, -62, -71, -71, -67, -60, -51, -45, -39, -35, -31, -28, -26, -24, -22, -19, -17, -15, -14, -13, -12, -11, -10, -9, -8, -7, -7, -6, -5, -5, -5, -5, -4, -3, -3, -2, -2, -2, -2, -1, -1, -1, -1, -1, -1, -2, -2, -2, -2, -2, -2, -2, -2, -2, -2, -2, -2, -2, -2, -2, -2, -2, -2, -2, -2, -2, -2, -2, -2, -2, -2, -2, -2, -2, -2, -2, -2, -2, -2, -2, -2, -2, -2, -2, -2, -2, -2, -2, -2, -2, -2, -2, -2, -2, -2, -2, -2, -2, -2, -2, -2, -2, -2, -2, -2, -2, -2, -2, -2, -2, -2, -2, -2, -2, -2, -2, -2, -2, -2, -2, -2, -2, -2, -2, -2, -2, -2, -2, -2, -2, -2, -2, -2, -2, -2, -2, -2, -2, -2, -2, -2, -2, -2
target_str: 55, 60, 51, 28, 10, -12, -31, -46, -56, -60, -62, -64, -65, -58, -45, -32, -15, 17, 45, 63, 60, 54, 53, 50, 50, 49, 47, 42, 43, 51, 57, 67, 69, 66, 56, 37, 29, 17, 1, -16, -31, -39, -43, -45, -43, -41, -45, -53, -57, -51
mse: 1.498552905184532
----------------------
pred_str: 11, 12, 15, 20, 22, 21, 20, 17, 15, 15, 14, 13, 12, 11, 11, 10, 11, 10, 10, 10, 10, 11, 10, 9, 10, 12, 18, 36, 75, 100, 90, 64, 47, 34, 23, 18, 15, 12, 10, 11, 11, 11, 11, 11, 10, 10, 10, 10, 10, 10, 11
target_str: 19, 17, 17, 15, 12, 9, 6, 6, 5, 5, 7, 14, 29, 56, 91, 87, 60, 44, 35, 28, 21, 14, 6, -2, -11, -18, -20, -19, -14, -9, 0, 15, 51, 93, 97, 72, 45, 30, 20, 17, 17, 17, 16, 13, 9, 6, 5, 7, 11, 19
mse: 0.45337876224829293
----------------------
pred_str: 12, -11, -25, -41, -66, -78, -79, -67, -42, -12, -2, 1, -5, -27, -65, -81, -79, -64, -46, -35, -54, -21, 9, 15, 17, -7, -1, 11, 27, 32, 26, 17, 14, 18, 33, 44
target_str: 46, 38, 16, -47, -38, -8, -35, -32, -34, -37, -37, -40, -51, -61, -68, -70, -63, -50, -41, -24, -46, -32, 18, 28, 24, -7, -7, 0, 14, 28, 28, 23, 22, 27, 37, 44, 45, 31, 16, -21, -46, -13, -28, -39, -29, -25, -22, -17, -23, -39
mse: 0.22884474691027418
----------------------
pred_str: 19, 32, 46, 53, 52, 43, 33, 23, 11, 1, 1, 1, 1, 0, -1, 1, 3, 8, 16, 26, 35, 42, 44, 40, 32, 22, 12, 4, 1, 0, -1, 1, 2, 5, 11, 19, 29, 39, 46, 47, 45, 42, 38, 35, 32, 31, 30, 31, 31, 28, 26, 24, 22, 20, 22, 32, 60, 84, 96, 97, 94, 87, 77, 68, 59, 50, 41, 33, 27, 22, 19, 17, 18, 21, 35, 67, 88, 100, 101, 100, 98, 95, 92, 92, 89, 86, 81, 73, 64, 56, 49, 45, 42, 43, 48, 63, 80, 88, 85, 79, 72, 63, 53, 46, 41, 37, 33, 29, 27, 26, 28, 34, 54, 76, 90, 93, 87, 80, 71, 60, 51, 42, 36, 32, 29, 27, 26, 28, 35, 58, 83, 9
target_str: 49, 52, 42, 39, 48, 56, 54, 46, 39, 34, 28, 23, 20, 16, 12, 10, 17, 44, 78, 92, 98, 87, 76, 57, 37, 17, 0, -13, -22, -23, -19, -13, -9, -6, -4, 15, 46, 55, 47, 37, 39, 41, 34, 28, 24, 21, 17, 14, 12, 12
mse: 0.18247683272028492
----------------------
pred_str: 27, 24, 20, 15, 13, 12, 11, 12, 14, 18, 23, 29, 35, 43, 51, 58, 62, 60, 56, 47, 41, 35, 32, 33, 31, 28, 27, 27, 26, 26, 27, 28, 28, 29, 29, 31, 36, 44, 54, 64, 70, 72, 65, 53, 41, 31, 17, 2, -3, -10, -15, -19, -22, -23, -25, -24, -24, -23, -22, -21, -20, -19, -18, -16, -14, -12, -8, -5, 1, 20, 43, 55, 63, 68, 68, 65, 60, 52, 42, 31, 20, 10, 1, -2, -7, -13, -19, -25, -30, -35, -38, -39, -39, -38, -36, -35, -34, -33, -31, -30, -28, -27, -26, -26, -26, -27, -27, -26, -26, -26, -26, -27, -27, -28, -29, -30, -31, -32, -33, -34, -35, -36, -37, -37, -36, -35, -35, -34, -34, -33, -
target_str: -31, -34, -34, -30, -25, -22, -21, -13, 20, 67, 46, 40, 42, 28, 24, 23, 25, 28, 30, 29, 28, 29, 32, 36, 45, 61, 80, 102, 108, 100, 89, 71, 59, 44, 30, 15, 3, -8, -18, -25, -31, -34, -36, -37, -34, -31, -31, -29, -14, 14
mse: 0.8035592588871033
----------------------
