pred_str: -21, -2, 15, 29, 43
target_str: -11, 18, 43, 63, 75
mse: 3617.679887580739
----------------------
pred_str: 58, 45, 27, 11, -26
target_str: 55, 60, 51, 28, 10
mse: 2501.253848370632
----------------------
pred_str: 72, 72, 71, 71, 70, 72
target_str: 74, 74, 80, 89, 93
mse: 983.7917015303279
----------------------
pred_str: -32, -60, -77, -84, -85.
target_str: -24, -36, -40, -39, -32
mse: 7146.588761753756
----------------------
pred_str: -41, -32, -25, -20, -16
target_str: -44, -39, -28, -6, 24
mse: 1945.6517409246298
----------------------
pred_str: 22, 15, 10, 6, 1
target_str: 19, 17, 17, 15, 12
mse: 275.71232399576076
----------------------
pred_str: -21, -10, -3, 10, 17
target_str: -20, -21, -28, -41, -50
mse: 8184.68743619234
----------------------
pred_str: 8, 9, 9, 8, 13
target_str: 5, 3, 2, 10, 31
mse: 440.7219724477691
----------------------
pred_str: 17, 13, 10, 8, 7
target_str: 19, 14, 8, 3, 0
mse: 86.68228368048537
----------------------
pred_str: -19, -40, -65, -87, -74
target_str: -22, -42, -67, -104, -94
mse: 737.3215937159357
----------------------
pred_str: -38, -53, -65, -72, -71
target_str: -42, -53, -62, -57, -39
mse: 1330.5208362522703
----------------------
pred_str: -28, -35, -39, -37, -32
target_str: -31, -34, -34, -30, -25
mse: 138.90052686150065
----------------------
pred_str: -44, -53, -61, -68, -66
target_str: -47, -55, -61, -69, -74
mse: 81.460459362384
----------------------
pred_str: 10, 11, 11, 10, 10
target_str: 8, 6, 7, 7, 5
mse: 82.50482422600416
----------------------
pred_str: -11, -19, -28, -37, -45
target_str: -24, -39, -61, -79, -86
mse: 5329.393899054419
----------------------
pred_str: -3, 5, 14, 28, 45
target_str: 13, 33, 42, 40, 28
mse: 2357.1314971910306
----------------------
pred_str: -51, -61, -68, -76, -83
target_str: -45, -38, -25, -6, 7
mse: 16097.840007843392
----------------------
pred_str: -47, -41, -36, -26, -16
target_str: -52, -53, -51, -51, -51
mse: 2343.5547539639656
----------------------
pred_str: -23, -17, -9, -1, 2, 3
target_str: -8, 15, 40, 62, 75
mse: 13522.43625415572
----------------------
pred_str: 22, 11, -17, -30, -42
target_str: 22, 3, -16, -30, -38
mse: 84.59355395324482
----------------------
pred_str: -58, -40, -18, 0, 13
target_str: -57, -42, -20, -2, 4
mse: 98.17029718030876
----------------------
pred_str: 40, 32, 21, 7, -1
target_str: 38, 29, 20, 13, 4
mse: 78.32736477152295
----------------------
pred_str: 33, 57, 65, 60, 51
target_str: 49, 52, 42, 39, 48
mse: 1315.8997281615864
----------------------
pred_str: -56, -69, -76, -73, -55
target_str: -54, -67, -77, -79, -73
mse: 385.3706346758933
----------------------
pred_str: 16, 10, 5, -1, -5
target_str: 15, 10, 7, 5, 2
mse: 93.99283772582751
----------------------
