pred_str: -2, -12, -22, -20, -24, -27, -32, -37, -41, -45, -47, -50, -54, -58, -61, -64, -66, -67, -65, -59, -51, -42, -32, -21, -12, -3, 1, 7, 15, 17, 17, 14, 11, 8, 3, -2, -10, -16, -24, -32, -39, -45, -50, -54, -57, -59, -60, -61, -61, -62, -62, -63, -64, -64, -65, -65, -66, -67, -68, -69, -70, -71, -72, -73, -74, -75, -76, -77, -78, -79, -80, -81, -82, -83, -84, -85, -86, -87, -88, -89, -90, -91, -92, -93, -94, -95, -96, -97, -98, -99, -100, -101, -102, -103, -104, -105, -106, -107, -108, -109, -110, -111, -112, -113, -114, -115, -116, -117, -118, -119, -120, -121, -1222, -123, -124, -125, -126, -127, -128, -129, -130, -13
target_str: -22, -42, -67, -104, -94, -65, -52, -45, -37, -23, -13, -4, 3, 5, 1, 1, -2, -6, -7, -24, -51, -69, -98, -82, -51
mse: 9579.158459954857
----------------------
pred_str: 76, 75, 76, 75, 74, 73, 72, 73, 72, 71, 70, 72, 72, 73, 74, 75, 76, 77, 78, 78, 79, 80, 81, 80, 79, 79, 78, 79, 78, 79, 79, 78, 78, 79, 80, 80, 79, 78, 78, 77, 78, 78, 78, 79, 79, 78, 78, 78, 79, 79, 79, 80, 80, 79, 79, 79, 80, 80, 80, 80, 80, 80, 80, 80, 80, 80, 80, 80, 80, 80, 80, 80, 80, 80, 80, 80, 80, 80, 80, 80, 80
target_str: 74, 74, 80, 89, 93, 88, 82, 78, 76, 80, 80, 76, 73, 74, 75, 77, 77, 77, 77, 73, 71, 72, 75, 75, 76
mse: 222.99019286750004
----------------------
pred_str: 10, 1, 11, 13, 16, 20, 27, 39, 54, 72, 93, 103, 96, 87, 77, 65, 54, 44, 33, 24, 15, 6, 2, 11, 17, 25, 35, 48, 65, 80, 90, 83, 74, 65
target_str: 19, 17, 17, 15, 12, 9, 6, 6, 5, 5, 7, 14, 29, 56, 91, 87, 60, 44, 35, 28, 21, 14, 6, -2, -11
mse: 5116.918438808053
----------------------
pred_str: 1, 2, 2, 4, 6, 9, 12, 14, 16, 17, 16, 13, 10, 7, 4, 1, -2, -6, -12, -18, -27, -37, -48, -58, -65, -68, -67, -63, -56, -46, -33, -17, 1
target_str: 34, 9, -15, -36, -53, -57, -54, -43, -29, -15, -1, 13, 29, 42, 57, 65, 67, 65, 54, 40, 19, -5, -31, -58, -78
mse: 8350.844673606058
----------------------
pred_str: 0, -11, -21, -28, -33, -43, -49, -52, -57, -65, -70, -76, -76, -73, -68, -58, -46, -31, -10, 2, 12, 23, 30, 37, 44, 52, 58, 63, 66, 64, 62, 58, 54, 48, 40, 31, 22, -1, -11, -25, -34, -42, -51, -59, -69, -79, -89, -97, -99, -96, -94, -91, -85, -77, -65, -51, -37, -24, -8, 1, 15, 24, 32, 40, 48, 56, 64, 71, 76, 81, 84, 83, 82, 81, 79, 77, 75, 73, 71, 69, 67, 65, 63, 61, 59, 58, 57, 56, 55, 54, 53, 52, 51, 50, 49, 48, 47, 46, 45, 44, 43, 42, 41, 40, 39, 38, 37, 36, 35, 34, 33, 32, 31, 30, 29, 28, 27, 26, 25, 24, 23, 22, 21, 20, 19, 18, 17, 16, 15, 1
target_str: 5, 24, 41, 54, 61, 67, 64, 45, 19, -9, -33, -48, -51, -48, -44, -44, -48, -50, -40, -19, 8, 34, 44, 35, 8
mse: 11589.318414158099
----------------------
pred_str: 1, 11, 21, 27, 24, 19, 11, 4, -2, -12, -26, -39, -51, -65, -75, -78, -73, -67, -56, -42, -13, 11, 20, 30, 39, 42, 37, 25, 12, -6, -22, 0, 1, 8, 18, 29, 37, 38, 33, 27, 18, 8, 1, -3, -9, -13, -18, -23, -26, -26, -23, -17, -13, -8, -3, 1, 9, 21, 30, 37, 42, 42, 36, 27, 17, 8, -2, -8, -16, -26, -36, -47, -57, -64, -67, -61, -53, -44, -29, -12, 11, 20, 30, 38, 43, 42, 37, 27, 17, 8, -2, -8, -16, -26, -36, -47, -57, -64, -67, -61, -53, -44, -29, -12, 11, 20, 30, 38, 43, 42, 37, 27, 17, 8
target_str: 38, 29, 20, 13, 4, -3, -12, -19, -24, -25, -19, -7, 7, 23, 34, 42, 45, 45, 43, 39, 32, 23, 9, -7, -29
mse: 15276.371115161728
----------------------
pred_str: -32, -34, -35, -33, -31, -27, -22, -2, 4, 16, 33, 45, 50, 49, 41, 25, 8, -1, 1, 10, 19, 25, 29, 31, 27, 18, 6, -3, -11, -16, -22, -10, -1, 2, 6, 11, 17, 23, 26, 26, 23, 18, 7, -1, -5, -11, -16, -22, -10, -1, 2, 6, 11, 17, 23, 26, 26, 23, 18, 7, -1, -5, -11, -16, -22, -10, -1, 2, 6, 11, 17, 23, 26, 26, 23, 18, 7, -1, -5, -11, -16, -22, -10, -1, 2, 6, 11, 17, 23, 26, 26, 23, 18, 7, -1, -5, -11, -16, -22, -10, -1, 2, 6, 11, 17, 23, 26, 26, 23, 18, 7, -1, -5, -11, -16, -22, -10, -1, 2, 6, 11, 17, 23, 26, 26, 23, 18, 7, -1, -5, -11, -16, -22, -10, -1, 2, 6, 11, 17, 2
target_str: -31, -30, -29, -20, -4, 17, 36, 47, 52, 51, 47, 38, 25, 7, -11, -24, -33, -36, -34, -31, -29, -28, -29, -29, -28
mse: 6631.8874985808425
----------------------
pred_str: -24, -22, -16, -12, -8, -6, -4, -2, 0, 2, 6, 10, 13, 15, 16, 15, 14, 14, 13, 13, 12, 12, 11, 10, 10, 9, 9, 8, 7, 7, 6, 5, 5, 4, 4, 3, 3, 2, 2, 2, 2, 3, 4, 5, 6, 7, 8, 9, 10, 11, 12, 13, 14, 15, 16, 16, 15, 14, 13, 12, 11, 10, 9, 8, 7, 6, 5, 4, 3, 2, 1, 0, -1, -3, -6, -10, -14, -20, -27, -35, -43, -52, -58, -62, -65, -69, -71, -73, -73, -70, -67, -62, -54, -43, -31, -18, 2, 15, 25, 35, 45, 53, 60, 67, 72, 75, 76, 74, 72, 70, 67, 63, 58, 50, 41, 31, 18, -1, -11, -23, -37, -55, -74, -94, -114, -134, -154, -174, -184, -179, -167, -149, -121, -63, 10, 22, 37,
target_str: 19, 17, 17, 20, 23, 31, 36, 42, 46, 51, 58, 61, 51, 30, 3, -17, -24, -21, -11, -1, 7, 11, 7, 1, -6
mse: 4523.631348826277
----------------------
pred_str: 

target_str: -47, -55, -61, -69, -74, -79, -87, -91, -92, -87, -60, -37, -13, 5, 3, 4, 6, 17, 31, 38, 42, 43, 45, 48, 51
mse: 12307.012268696688
----------------------
pred_str: -6, -20, -28, -24, -19, -16, -13, -10, -7, -5, -3, 1, 8, 16, 23, 30, 38, 46, 55, 63, 71, 78, 84, 86, 84, 82, 79, 74, 67, 58, 47, 34, 20, 10, -1, -6, -12, -18, -22, -28, -35, -40, -43, -45, -46, -45, -43, -39, -33, -26, -19, -12, -4, 3, 14, 28, 40, 53, 70, 87, 100, 100, 98, 93, 86, 77, 66, 53, 40, 26, 10, -1, -4, -10, -18, -28, -35, -40, -45, -46, -45, -43, -39, -33, -26, -19, -12, -4, 3, 14, 28, 40, 53, 70, 87, 100, 100, 98, 93, 86, 77, 66, 53, 40, 26, 10
target_str: 79, 91, 93, 83, 64, 40, 15, -6, -24, -38, -49, -56, -58, -54, -49, -41, -33, -25, -16, -7, 6, 29, 61, 94, 118
mse: 18041.0922026952
----------------------
pred_str: 80, 74, 66, 55, 45, 38, 33, 29, 29, 30, 33, 36, 41, 46, 53, 61, 69, 78, 86, 94
target_str: 15, 10, 7, 5, 2, 0, -3, -4, -3, 0, 9, 25, 45, 68, 83, 74, 56, 39, 27, 19, 14, 11, 9, 9, 11
mse: 5776.306773143122
----------------------
pred_str: -6, -13, -14, -10, -5, -3, 2, 10, 18, 23, 25, 27, 27, 25, 20, 12, -3, -10, -19, -26, -30, -32, -33, -32, -29, -26, -22, -13, 2, 14, 23, 32, 37, 41, 44, 44, 42, 36, 27, 15, -5, -15, -25, -31, -36, -37, -34, -27, -21, -14, -7, 1, 11, 22, 26, 28, 30, 31, 30, 29, 27, 25, 23, 21, 19, 17, 15, 13, 11, 10, 9, 8, 8, 7, 7, 6, 6, 5, 4, 3, 2, 2, 1, 0, 1, 0, 1, 1, 2, 3, 4, 5, 5, 6, 7, 8, 9, 10, 11, 12, 13, 14, 15, 15, 14, 13, 12, 11, 10, 9, 8, 7, 6, 6, 5, 5, 4, 4, 3, 3, 2, 2, 2, 1, 1, 1, 0, 1, 1, 2, 3, 4, 5, 6, 7, 8, 9, 10, 11, 12, 13, 14, 14, 13,
target_str: -42, -53, -62, -57, -39, -12, 21, 51, 73, 85, 90, 89, 88, 83, 66, 39, 6, -28, -62, -92, -109, -104, -80, -39, 7
mse: 9280.972011225995
----------------------
pred_str: -2,  -4,  -7,  -12,  -17,  -21,  -23,  -27,  -30,  -36,  -40,  -45,  -49,  -52,  -54,  -58,  -60,  -62,  -64,  -67
target_str: -56, -55, -48, -41, -39, -34, -37, 1, 74, 39, 21, 19, 2, 6, 17, 23, 30, 36, 38, 46, 58, 69, 81, 84, 74
mse: 19423.046719162467
----------------------
pred_str: -1, 10, 20, 34, 41, 39, 37, 36, 38, 40, 43, 48, 52, 54, 55, 56, 57, 57, 56, 54, 51, 45, 40, 33, 27, 22, 18, 14, 12, 11, 10, 10, 9, 8, 7, 6, 6, 5, 5, 5, 5, 4, 4, 3, 2, 1, 1, 1, 0, 0, 0, 0, 1, 4, 10, 21, 35, 47, 62, 74, 82, 83, 83, 82, 81, 80, 78, 76, 73, 69, 65, 60, 56, 51, 47, 42, 38, 35, 32, 29, 27, 24, 22, 19, 17, 14, 11, 10, 9, 9, 8, 8, 7, 7, 6, 6, 5, 5, 5, 5, 5, 5, 5, 5, 5, 5, 5, 5, 5, 5, 5, 5, 5, 5, 5, 5, 5, 5, 5, 5, 5, 5, 5, 5, 5, 5, 5, 5, 5, 5, 5, 5, 5, 5, 5, 5, 5, 5, 5, 5, 5, 5, 5, 5, 5, 5, 5, 5, 5,
target_str: 68, 55, 48, 37, 24, 13, 5, 0, -7, -14, -18, -19, -16, -7, 3, 16, 39, 71, 92, 84, 69, 58, 46, 34, 23
mse: 6484.418383414282
----------------------
pred_str: 9, 14, 12, 11, 12, 14, 16, 18, 20, 23, 25, 27, 29, 31, 33, 35, 37, 38, 40, 42, 43, 45, 47, 49, 51, 52, 54, 56, 58, 60, 63, 65, 66
target_str: 8, 6, 7, 7, 5, 1, -5, -5, -2, 0, 5, 13, 20, 23, 30, 37, 43, 49, 56, 66, 69, 72, 73, 75, 73
mse: 1184.1380161667466
----------------------
pred_str: 

target_str: 41, 42, 46, 50, 58, 70, 73, 74, 75, 72, 67, 57, 42, 28, 20, 15, 12, 12, 13, 17, 23, 34, 46, 57, 65
mse: 9886.115098352218
----------------------
pred_str: 2, -1, -13, -26, -32, -35, -33, -27, -22, -1, 3, 15, 31, 42, 51, 54, 53, 50, 44, 35, 25, 12, 0, 6, 11, 16, 22, 2, -1, -4, -6, -8, -10, -12, -13, -13, -12, -11, -10, -9, -8, -7, -6, -5, -4, -3, -2, -1, 0, 1, 2, 3, 4, 5, 6, 7, 8, 9, 10, 11, 12, 13, 14, 15, 16, 17, 18, 19, 20, 21, 22, 23, 24, 25, 26, 27, 28, 29, 30, 31, 32, 33, 34, 35, 36, 37, 38, 39, 40, 41, 42, 43, 44, 45, 46, 47, 48, 49, 50, 51, 52, 53, 54, 55, 56, 57, 58, 59, 60, 61, 62, 63, 64, 65, 66, 67, 68, 69, 70, 71, 72, 73, 74, 75, 76, 77, 78, 79, 80, 81, 82, 83, 84, 85, 86, 87
target_str: 26, 37, 44, 41, 35, 21, 7, -8, -20, -31, -40, -45, -44, -40, -29, -15, 0, 12, 20, 27, 36, 44, 50, 51, 45
mse: 9895.047698940502
----------------------
pred_str: 1, 0, -10, -19, -25, -29, -31, -28, -25, -20, -13, -5, 3, 12, 20, 25, 28, 28, 28, 28, 28, 28, 28, 28, 28, 28, 28
target_str: -11, 18, 43, 63, 75, 77, 57, 39, 38, 23, -8, -40, -69, -92, -102, -98, -82, -55, -23, 6, 30, 42, 45, 39, 26
mse: 19365.71566447767
----------------------
pred_str: -52, -52, -49, -44, -32, -15, -5, -10, 1, 12, 17, 21, 24, 25, 24, 23, 19, 16, 13, 8, 3, -2, -12, -27, -44, -61, -80, -90, -92, -88, -73, -52, -29, -17, -4, 3, 9, 14, 17, 20, 23, 25, 25, 24, 23, 21, 18, 15, 13, 10, 7, 5, 2, 0, -2, -12, -25, -43, -61, -80, -90, -92, -88, -73, -52, -29, -17, -4, 3, 9, 14, 17, 20, 23, 25, 25, 24, 23, 21, 18, 15, 13, 10, 7, 5, 2, 0, -2, -12, -25, -43, -61, -80, -90, -92, -88, -73, -52, -29, -17, -4, 3, 9, 14, 17, 20, 23, 25, 25, 24, 23, 21, 18, 15, 13, 10, 7, 5, 2, 0, -2, -12, -25, -43, -61, -80, -90, -92, -88, -73, -52, -29, -17, -4, 3, 9,
target_str: -72, -57, -30, -27, -13, -1, 6, 11, 17, 24, 28, 28, 23, 21, 10, -9, -35, -82, -101, -104, -101, -91, -72, -47, -28
mse: 10565.479975821083
----------------------
pred_str: -71, -70, -64, -55, -42, -24, -2, 4, 16, 28, 39, 51, 60, 66, 72, 75, 74, 71, 69, 67, 62, 56, 49, 42, 32, 15, 2, 14, 15, 24, 32, 42, 50, 58, 64, 69, 74, 75, 75, 71, 66, 59, 49, 40, 26, 8, 1, 10, 12, 18, 27, 38, 49, 58, 63, 66, 67, 65, 63, 59, 53, 47, 39, 29, 17, 3, 12, 20, 30, 42, 53, 62, 70, 75, 75, 72, 68, 61, 53, 43, 29, 8, 0, -2, -11, -21, -31, -43, -54, -63, -72, -82, -82, -74, -77, -70, -66, -62, -57, -53, -49, -46, -41, -36, -33, -29, -26, -22, -18, -14, -11, -9, -7, -6, -5, -4, -3, -2, -1, 0, 1, 3, 6, 9, 12, 15, 18, 21, 24, 27, 30, 32, 34, 3
target_str: -57, -42, -20, -2, 4, 6, 2, 3, 13, 28, 38, 46, 52, 53, 49, 50, 55, 58, 56, 57, 61, 53, 43, 26, 8
mse: 1925.7062759140192
----------------------
pred_str: -5, -10, -13, -15, -17, -19, -20, -19, -18, -18, -18, -18, -18, -18, -18, -18, -18, -18, -18, -18, -18, -18, -18, -18, -18, -18, -18, -18, -18, -18, -18, -18, -18, -18, -18, -18, -18, -18, -18, -18, -18, -18, -18, -18, -18, -18, -18, -18, -18, -18, -18, -18, -18, -18, -18, -18, -18, -18, -18, -18, -18, -18, -18, -18, -18, -18, -18, -18, -18, -18, -18, -18, -18, -18, -18, -18, -18, -18, -18, -18, -18, -18, -18, -18, -18, -18, -18, -18, -18, -18, -18, -18, -18, -18, -18, -18, -18, -18, -18, -18, -18, -18, -18, -18, -18, -18, -18, -18, -18, -18, -18, -18, -18, -18, -18, -18, -18, -18, -18, -18, -18, -18, -18, -18, -18, -18, -18, -18, -
target_str: -24, -36, -40, -39, -32, -23, -15, -12, -12, -13, -16, -28, -33, -47, -59, -70, -74, -77, -74, -64, -43, -14, 21, 59, 88
mse: 6410.196593071638
----------------------
pred_str: -18, -20, -30, -34, -36, -37, -38, -37, -37, -37, -37, -37, -37, -37, -37, -37, -37, -37, -37, -37, -37, -37, -37, -37, -37, -37, -37, -37, -37, -37, -37, -37, -37, -37, -37, -37
target_str: -45, -38, -25, -6, 7, 55, 94, 96, 96, 90, 91, 87, 80, 74, 70, 69, 66, 61, 58, 59, 66, 76, 81, 90, 92
mse: 43865.07809250144
----------------------
pred_str: 1, -36, -67, -94, -98, -93, -84, -62, -29, 11, 38, 56, 67, 69, 64, 49, 27, 2, -23, -48, -69, -84, -94, -98, -94, -84, -62, -29, 11, 38, 56, 67, 69, 64, 49, 27, 2, -23, -48, -69, -84, -94, -98, -94, -84, -62, -29, 11, 38, 56, 67, 69, 64, 49, 27, 2, -23, -48, -69, -84, -94, -98, -94, -84, -62, -29, 11, 38, 56, 67, 69, 64, 49, 27, 2, -23, -48, -69, -84, -94, -98, -94, -84, -62, -29, 11, 38, 56, 67, 69, 64, 49, 27, 2, -23, -48, -69, -84, -94, -98, -94, -84, -62, -29, 11, 38, 56, 67, 69, 64, 49, 27, 2, -23, -48, -69, -84, -94, -98, -94, -84, -62, -29, 11, 38, 56, 67, 69, 64, 49,
target_str: -44, -39, -28, -6, 24, 58, 85, 99, 100, 88, 69, 44, 17, -7, -30, -47, -59, -66, -67, -67, -61, -54, -36, -6, 28
mse: 31745.163203399345
----------------------
pred_str: -5, -12, -15, -19, -20, -20, -23, -26, -30, -34, -38, -43, -48, -53, -57, -62, -67, -71, -75, -75, -72, -67, -62, -57, -53, -48, -43, -38, -33, -28, -24, -21, -17, -14, -11, -8, -4, 1, 7, 11, 14, 16, 17, 19, 21, 22, 21, 18, 14, 9, 1, -4, -7, -10, -11, -13, -16, -19, -20, -22, -24, -27, -29, -32, -35, -38, -41, -44, -48, -53, -57, -62, -67, -71, -75, -75, -72, -67, -62, -57, -53, -48, -43, -38, -33, -28, -24, -21, -17, -14, -11, -8, -4, 1, 7, 11, 14, 16, 17, 19, 21, 22, 21, 18, 14, 9, 1, -4, -7, -10, -11, -13, -16, -19, -20, -22, -24, -27, -29, -32, -35, -38, -41, -44, -48, -53, -57, -62, -67, -71, -75, -75, -
target_str: -6, -3, 0, 1, 1, -1, -5, -10, -15, -21, -28, -34, -40, -41, -40, -35, -29, -24, -18, -16, -14, -10, -2, 9, 22
mse: 5597.817172297251
----------------------
pred_str: -26, -37, -45, -51, -57, -60, -61, -56, -49, -42, -28, -13, -2, 11, 25, 40, 52, 62, 70, 72, 65, 54, 39, 19, 4, 12, 28, 44, 53, 60, 64, 62, 58, 50, 39, 16, -1, -11, -21, -28, -32, -36, -40, -42
target_str: -52, -53, -51, -51, -51, -50, -51, -45, -29, -10, 7, 21, 23, 17, 4, -13, -30, -47, -57, -63, -64, -62, -53, -43, -33
mse: 17178.852629546214
----------------------
