pred_str: -14, -27, -43, -62, -77, -87, -76, -55, -40, -32, -24, -17, -9, 0, 11, 19, 18, 14, 9, 6, 3, -2, -11, -22, -36, -52, -77, -86, -66, -49, -38, -32, -25, -16, -5, 8, 21, 19, 16, 11, 6, 1, -1, -10, -20, -33, -51, -72, -84, -65, -46, -39, -33, -26, -18, -10, -1, 10, 22, 21, 19, 14, 9, 5, 0
target_str: -22, -42, -67, -104, -94, -65, -52, -45, -37, -23, -13, -4, 3, 5, 1, 1, -2, -6, -7, -24, -51, -69, -98, -82, -51
mse: 4191.176196022364
----------------------
pred_str: 72, 71, 70, 69, 69, 68, 70, 73, 75, 76, 75, 76, 77, 78, 79, 80, 80, 78, 77, 77, 77, 78, 81, 84, 84, 83, 79, 76
target_str: 74, 74, 80, 89, 93, 88, 82, 78, 76, 80, 80, 76, 73, 74, 75, 77, 77, 77, 77, 73, 71, 72, 75, 75, 76
mse: 330.6686326862562
----------------------
pred_str: 22, 16, 12, 9, 7, 4, 2, -2, -7, -13, -18, -20, -19, -16, -13, -8, -3, 1, 20, 55, 96, 96, 70, 45, 30, 22, 19, 16, 12, 7, 2, -1, -9, -15, -18, -18, -15, -11, -6, 1, 18, 44, 87, 98, 74, 46, 32, 24, 19, 15, 12, 7, 3, 1, 4, 10, 26, 50, 82, 97, 75, 46, 33
target_str: 19, 17, 17, 15, 12, 9, 6, 6, 5, 5, 7, 14, 29, 56, 91, 87, 60, 44, 35, 28, 21, 14, 6, -2, -11
mse: 9238.90758300117
----------------------
pred_str: 44, 33, 20, 7, -3, -16, -25, -31, -36, -39, -39, -38, -35, -30, -18, -3, 12, 29, 51, 73, 92, 102, 98, 91, 80, 65, 49, 29, 5, -13, -26, -34, -36, -33, -28, -22, -13, -1, 11, 26, 47, 67, 81, 88, 86, 81, 70, 56, 35, 9, -10, -24, -35, -42, -42, -38, -32, -22, -7, 10, 25, 42, 58, 69, 76, 77, 73, 65
target_str: 34, 9, -15, -36, -53, -57, -54, -43, -29, -15, -1, 13, 29, 42, 57, 65, 67, 65, 54, 40, 19, -5, -31, -58, -78
mse: 19346.063943183442
----------------------
pred_str: -7, -15, -18, -16, -9, -1, 8, 18, 27, 34, 40, 45, 52, 58, 62, 64, 62, 59, 53, 44, 35, 29, 24, 18, 12, 1, -14, -33, -51, -65, -74, -78, -76, -70, -59, -45, -31, -17, 0, 15, 27, 34, 40, 43, 48, 52, 55, 57, 55, 51, 46, 38, 30, 23, 16, 9, 3, -13, -30
target_str: 5, 24, 41, 54, 61, 67, 64, 45, 19, -9, -33, -48, -51, -48, -44, -44, -48, -50, -40, -19, 8, 34, 44, 35, 8
mse: 19835.083222661993
----------------------
pred_str: 33, 18, -1, -21, -38, -54, -65, -68, -65, -54, -37, -15, -2, 17, 27, 27, 26, 20, 13, 7, 1, -12, -28, -42, -51, -57, -57, -47, -26, -5, 13, 31, 54, 77, 94, 100, 93, 79, 60, 39, 21, 6, -6, -17, -24, -27, -27, -26, -22, -19, -15, -11, -7, 0, 3, 10, 19, 28, 35, 35, 26, 7, -16, -40, -61, -74, -79, -77, -68, -49, -25, -1, 19
target_str: 38, 29, 20, 13, 4, -3, -12, -19, -24, -25, -19, -7, 7, 23, 34, 42, 45, 45, 43, 39, 32, 23, 9, -7, -29
mse: 3701.8320947042453
----------------------
pred_str:  -19, -6, 20, 36, 50, 56, 56, 46, 28, 7, -5, -14, -23, -27, -28, -25, -19, -11, -2, 13, 28, 44, 45, 37, 25, 9, 0, -5, -10, -14, -17, -19, -18, -14, -7, -3, 13, 31, 46, 45, 36, 25, 13, 0, -5, -10, -14, -16, -17, -17, -14, -9, -4, 13, 28, 46, 45, 37, 26, 12, -1, -6, -11, -13, -14, -13, -10, -6
target_str: -31, -30, -29, -20, -4, 17, 36, 47, 52, 51, 47, 38, 25, 7, -11, -24, -33, -36, -34, -31, -29, -28, -29, -29, -28
mse: 7734.008000255171
----------------------
pred_str: 22, 15, 7, 1, -6, -23, -35, -39, -37, -33, -28, -24, -18, -15, -11, -7, -1, 4, 12, 23, 33, 40, 46, 50, 52, 53, 52, 50, 47, 44, 37, 29, 22, 15, 9
target_str: 19, 17, 17, 20, 23, 31, 36, 42, 46, 51, 58, 61, 51, 30, 3, -17, -24, -21, -11, -1, 7, 11, 7, 1, -6
mse: 10157.666156236019
----------------------
pred_str: -49, -56, -61, -66, -71, -74, -71, -77, -81, -84, -93, -100, -98, -83, -60, -33, -15, -1, -18, -30, -38, -46, -51, -54, -57, -64, -68, -68, -69, -72, -71, -67, -53, -31, -11, 6, 16, 23, 26, 28, 31, 37, 40, 44, 45, 44, 47, 45, 49, 47, 48, 57, 65
target_str: -47, -55, -61, -69, -74, -79, -87, -91, -92, -87, -60, -37, -13, 5, 3, 4, 6, 17, 31, 38, 42, 43, 45, 48, 51
mse: 12893.802921886985
----------------------
pred_str:  84, 104, 121, 129, 124, 111, 95, 78, 58, 34, 10, -15, -32, -43, -49, -50, -45, -36, -24, -13, -4, 1, 14, 30, 51, 71, 84, 91, 82, 69, 51, 30, 10, -3, -24, -44, -56, -60, -61, -57, -48, -37, -24, -12, -3, 5, 16, 33, 54, 71, 82, 86, 78, 64, 47, 24, 6, -11, -27, -40, -46
target_str: 79, 91, 93, 83, 64, 40, 15, -6, -24, -38, -49, -56, -58, -54, -49, -41, -33, -25, -16, -7, 6, 29, 61, 94, 118
mse: 8962.159375684187
----------------------
pred_str: 17, 12, 9, 7, 6, 5, 3, -1, -2, -3, -3, -1, 1, 17, 35, 61, 84, 86, 68, 47, 34, 24, 18, 13, 10, 9, 10, 12, 16, 23, 33, 57, 80, 88, 74, 48, 32, 21, 14, 11, 9, 6, 1, -2, -4, -4, -2, 1
target_str: 15, 10, 7, 5, 2, 0, -3, -4, -3, 0, 9, 25, 45, 68, 83, 74, 56, 39, 27, 19, 14, 11, 9, 9, 11
mse: 2284.634408643207
----------------------
pred_str: -40, -51, -57, -56, -44, -26, -5, 23, 50, 70, 77, 75, 64, 49, 34, 17, 0, -12, -27, -37, -39, -32, -19, -10, 12, 29, 47, 55, 57, 54, 48, 41, 34, 26, 19, 12, 7, 2, 1, 0, 0, 0, 0, 0, 0, 0, 0, 0, 0, 0, 0, 0, 0, 0, 0, 0, 0, 0, 0, 0, 0, 0, 0, 0, 0, 0, 0, 0, 0, 0, 0, 0, 0, 0, 0, 0, 0, 0, 0, 0
target_str: -42, -53, -62, -57, -39, -12, 21, 51, 73, 85, 90, 89, 88, 83, 66, 39, 6, -28, -62, -92, -109, -104, -80, -39, 7
mse: 4106.884928652931
----------------------
pred_str: -55, -57, -45, -42, -37, -33, -27, -20, 62, 42, 24, 13, 6, 20, 32, 35, 36, 38, 44, 55, 73, 86, 83, 77, 66, 58, 50, 24, -11, -24, -32, -40
target_str: -56, -55, -48, -41, -39, -34, -37, 1, 74, 39, 21, 19, 2, 6, 17, 23, 30, 36, 38, 46, 58, 69, 81, 84, 74
mse: 345.6104373066571
----------------------
pred_str: 82, 63, 47, 35, 25, 18, 12, 6, 2, -1, -5, -9, -13, -16, -17, -14, -10, -4, 8, 27, 53, 83, 93, 79, 56, 42, 32, 24, 17, 13, 11, 9, 9, 14, 28
target_str: 68, 55, 48, 37, 24, 13, 5, 0, -7, -14, -18, -19, -16, -7, 3, 16, 39, 71, 92, 84, 69, 58, 46, 34, 23
mse: 4355.8608686863445
----------------------
pred_str: 9, 8, 6, 2, -1, -2, -2, -1, -1, 0, 0, 0, -1, -2, -3, -4, -4, -3, -1, 0, 0, 0, 0, 0, 0, 0, 0, 0, 0, 0, 0, 0, 0, 0, 0, 0, 0, 0, 0, 0, 0, 0, 0, 0, 0, 0, 0, 0, 0, 0, 0, 0, 0, 0, 0, 0, 0, 0, 0, 0, 0, 0, 0, 0, 0, 0, 0, 0, 0, 0, 0, 0, 0, 0, 0, 0, 0, 0, 0, 0, 0, 0, 0, 0, 0, 0, 0, 0, 0
target_str: 8, 6, 7, 7, 5, 1, -5, -5, -2, 0, 5, 13, 20, 23, 30, 37, 43, 49, 56, 66, 69, 72, 73, 75, 73
mse: 6963.855418625395
----------------------
pred_str: 41, 43, 44, 42, 40, 36, 29, 20, 13, 8, 6, 9, 14, 19, 23, 25, 26, 27, 26, 25, 24, 25, 26, 27, 27, 27, 27, 28, 29, 31, 34, 37, 39, 41, 41, 41, 40, 39, 39, 39, 38, 37, 36, 36, 36, 36, 36, 37, 37, 38, 38, 38, 38, 39, 39, 40, 40, 40, 40, 40, 41, 41, 41, 41, 42, 42, 42, 42
target_str: 41, 42, 46, 50, 58, 70, 73, 74, 75, 72, 67, 57, 42, 28, 20, 15, 12, 12, 13, 17, 23, 34, 46, 57, 65
mse: 4031.039029112419
----------------------
pred_str: 26, 40, 52, 60, 65, 64, 53, 38, 19, 0, -5, -11, -18, -19, -17, -12, -5, 10, 25, 40, 52, 61, 65, 61, 50, 33, 17, 6, -2, -10, -16, -17, -17, -16, -15, -14, -13, -6, 1, 24, 46, 66, 78, 83, 74, 56, 36, 17, 4, -1, -10, -17, -20, -22, -23, -23, -22, -22, -22, -22, -22, -22, -22, -22, -2
target_str: 26, 37, 44, 41, 35, 21, 7, -8, -20, -31, -40, -45, -44, -40, -29, -15, 0, 12, 20, 27, 36, 44, 50, 51, 45
mse: 2381.918549595598
----------------------
pred_str:  -25, 0, 13, 23, 26, 27, 23, 18, 11, 4, -10, -27, -47, -60, -66, -66, -56, -34, -9, 10, 24, 36, 40, 34, 21, 7, -14, -25, -30, -31, -37, -54, -70, -74, -60, -36, -9, 12, 28, 42, 50, 45, 27, 12, -1, -25
target_str: -11, 18, 43, 63, 75, 77, 57, 39, 38, 23, -8, -40, -69, -92, -102, -98, -82, -55, -23, 6, 30, 42, 45, 39, 26
mse: 2612.3796447732984
----------------------
pred_str: -60, -45, -32, -19, -11, -2, -18, -37, -54, -66, -80, -83, -70, -54, -39, -26, -15, -10, -1, 10, 15, 20, 22, 21, 16, 8, -2, -19, -41, -62, -78, -92, -96, -92, -84
target_str: -72, -57, -30, -27, -13, -1, 6, 11, 17, 24, 28, 28, 23, 21, 10, -9, -35, -82, -101, -104, -101, -91, -72, -47, -28
mse: 20639.829330206394
----------------------
pred_str: -56, -16, 4, 0, 0, -1, -2, 0, -3, 5, 10, 17, 27, 39, 50, 53, 55, 60, 70, 76, 75, 71, 65, 59, 54, 43, 28, 8, 0, -14, -26, -37, -49, -60, -67, -78, -82, -82, -78, -70, -58, -21, 12, 37, 47, 47, 45, 44, 46, 45, 43, 41, 37, 31, 24, 1
target_str: -57, -42, -20, -2, 4, 6, 2, 3, 13, 28, 38, 46, 52, 53, 49, 50, 55, 58, 56, 57, 61, 53, 43, 26, 8
mse: 1519.8413873663987
----------------------
pred_str: -16, -34, -48, -55, -57, -51, -44, -34, -23, -10, -4, -6, -9, -17, -24, -27, -26, -20, -12, -1, 12, 33, 55, 69
target_str: -24, -36, -40, -39, -32, -23, -15, -12, -12, -13, -16, -28, -33, -47, -59, -70, -74, -77, -74, -64, -43, -14, 21, 59, 88
mse: 5851.665439924274
----------------------
pred_str: -48, -45, -32, -26, -17, -13, -2, 25, 81, 88, 88, 86, 86, 86, 84, 80, 75, 66, 58, 60, 63, 70, 78, 85, 86, 85, 81, 74, 66, 58, 57, 59, 63, 72, 84, 86, 90, 87, 78, 67, 58, 56, 55, 57, 59, 65, 73, 78, 83, 82, 79, 70, 60, 54, 54, 55, 60, 67, 76, 83, 83
target_str: -45, -38, -25, -6, 7, 55, 94, 96, 96, 90, 91, 87, 80, 74, 70, 69, 66, 61, 58, 59, 66, 76, 81, 90, 92
mse: 3397.9612637828372
----------------------
pred_str: -45, -24, 12, 47, 73, 85, 85, 77, 56, 32, 14, -12, -30, -43, -55, -60, -64, -66, -64, -57, -43, -16, 14, 49, 78, 94, 88, 72, 49, 21, 0, -23, -44, -60, -70, -76, -78, -75, -61, -31, 14, 50, 76, 86, 80, 63, 40, 13, -10, -27, -40, -46, -48, -49, -46, -34, -10, 19, 54, 81, 92, 86, 72, 52, 27
target_str: -44, -39, -28, -6, 24, 58, 85, 99, 100, 88, 69, 44, 17, -7, -30, -47, -59, -66, -67, -67, -61, -54, -36, -6, 28
mse: 5474.547284178946
----------------------
pred_str: -8, -8, -10, -12, -14, -15, -15, -16, -17, -16, -15, -14, -14, -14, -14, -14, -14, -14, -13, -13, -13, -12, -11, -10, -10, -10, -9, -8, -8, -7, -7, -7, -7, -6, -6, -5, -5, -5, -5, -5, -5, -5, -4, -3, -2, -1, 0, 1, 3, 5, 6, 5, 3, 1, 0, -1, -3, -5, -6, -6, -5, -4, -4, -4, -4, -4, -4, -4, -4, -4, -4, -3, -3, -2, -2, -1, 0, 0, 0, 0, 0, 0, 0, 0
target_str: -6, -3, 0, 1, 1, -1, -5, -10, -15, -21, -28, -34, -40, -41, -40, -35, -29, -24, -18, -16, -14, -10, -2, 9, 22
mse: 942.7953893633196
----------------------
pred_str: -47, -40, -25, -10, 8, 30, 54, 74, 82, 76, 60, 42, 27, 10, -1, -11, -22, -28, -32, -30, -24, -14, -5, 6, 24, 42, 56, 60, 55, 42, 25, 9, -10, -24, -37, -45, -50, -51, -45, -35, -23, -11, 0, 18, 38, 60, 74, 82, 80, 68, 51, 31, 13, 1, -16, -30
target_str: -52, -53, -51, -51, -51, -50, -51, -45, -29, -10, 7, 21, 23, 17, 4, -13, -30, -47, -57, -63, -64, -62, -53, -43, -33
mse: 12128.197846011242
----------------------
