pred_str: -19, -35, -47, -56, -58, -44, -34, -27, -21, -16, -11, -4, 1, 10, 15, 14, 12, 10, 8, 10, 12, 17, 27, 37, 41, 34, 23, 15, 9, 3, -4
target_str: -22, -42, -67, -104, -94, -65, -52, -45, -37, -23, -13, -4, 3, 5, 1, 1, -2, -6, -7, -24, -51, -69, -98, -82, -51
mse: 9305.8208819534
----------------------
pred_str: 71, 72, 73, 74, 75, 76, 76, 77, 77, 77, 78, 78, 79, 80, 81, 81, 80, 79, 78, 78, 78, 78, 79, 79, 80, 81, 81, 80, 80, 81
target_str: 74, 74, 80, 89, 93, 88, 82, 78, 76, 80, 80, 76, 73, 74, 75, 77, 77, 77, 77, 73, 71, 72, 75, 75, 76
mse: 179.62647728438077
----------------------
pred_str: 34, 25, 20, 16, 12, 8, 5, 3, 3, 6, 11, 19, 36, 68, 96
target_str: 19, 17, 17, 15, 12, 9, 6, 6, 5, 5, 7, 14, 29, 56, 91, 87, 60, 44, 35, 28, 21, 14, 6, -2, -11
mse: 2677.50642360787
----------------------
pred_str: 45, 32, 17, -3, -20, -36, -49, -63, -71, -76, -76, -70, -58, -36, -11, 12, 41, 65, 84, 97, 101, 93, 82, 65, 47, 26, 11, -6
target_str: 34, 9, -15, -36, -53, -57, -54, -43, -29, -15, -1, 13, 29, 42, 57, 65, 67, 65, 54, 40, 19, -5, -31, -58, -78
mse: 17618.174167569945
----------------------
pred_str: 10, 20, 28, 29, 34, 38, 41, 42, 42, 41, 38, 34, 27, 17, 0, -12, -28, -39, -48, -50, -43
target_str: 5, 24, 41, 54, 61, 67, 64, 45, 19, -9, -33, -48, -51, -48, -44, -44, -48, -50, -40, -19, 8, 34, 44, 35, 8
mse: 6420.753302857791
----------------------
pred_str: 35, 23, 8, -3, -10, -16, -20, -20, -18, -13, -6, 0, 6, 10, 12, 12, 8, 2, -2, -12, -21, -28
target_str: 38, 29, 20, 13, 4, -3, -12, -19, -24, -25, -19, -7, 7, 23, 34, 42, 45, 45, 43, 39, 32, 23, 9, -7, -29
mse: 2769.4310042072907
----------------------
pred_str: -44, -56, -58, -48, -24, -3, 12, 30, 39, 39, 28, 16, 2, -4, -13, -18, -23, -24, -24, -21, -15, -1, 14, 30, 39, 38, 26, 12, 0, -11, -22, -31, -35, -37
target_str: -31, -30, -29, -20, -4, 17, 36, 47, 52, 51, 47, 38, 25, 7, -11, -24, -33, -36, -34, -31, -29, -28, -29, -29, -28
mse: 2788.75790366194
----------------------
pred_str: 70, 92, 106, 109, 106, 96, 78, 51, 19, 12, 11, 11, 11, 11, 11, 12, 14, 17, 19, 22, 26, 34, 44, 57
target_str: 19, 17, 17, 20, 23, 31, 36, 42, 46, 51, 58, 61, 51, 30, 3, -17, -24, -21, -11, -1, 7, 11, 7, 1, -6
mse: 9192.458059942099
----------------------
pred_str: 104, 126, 123, 108, 92, 71, 53, 36, 19, 0, -14, -29, -40, -51, -58, -58, -59, -58, -61, -61, -58, -44, -22, -6, 17, 24, 23, 19, 17, 17, 18, 21, 26, 31, 35, 36, 42, 45, 45, 49, 56, 61, 63, 63, 64, 65, 67, 68, 69, 69, 69, 68, 67, 67
target_str: -47, -55, -61, -69, -74, -79, -87, -91, -92, -87, -60, -37, -13, 5, 3, 4, 6, 17, 31, 38, 42, 43, 45, 48, 51
mse: 47793.79824214807
----------------------
pred_str: 73, 92, 105, 107, 100, 86, 69, 48, 22, 0, -16, -27, -34
target_str: 79, 91, 93, 83, 64, 40, 15, -6, -24, -38, -49, -56, -58, -54, -49, -41, -33, -25, -16, -7, 6, 29, 61, 94, 118
mse: 8517.15345546791
----------------------
pred_str: 15, 11, 9, 8, 7, 6, 5, 6, 8, 15, 34, 68, 97, 96, 63, 41, 27, 18, 13, 10, 9, 9, 10, 11, 11, 14, 20, 38
target_str: 15, 10, 7, 5, 2, 0, -3, -4, -3, 0, 9, 25, 45, 68, 83, 74, 56, 39, 27, 19, 14, 11, 9, 9, 11
mse: 1563.8547466286657
----------------------
pred_str: 0, 19, 31, 39, 43, 44, 45, 46, 47, 48, 49, 49, 48, 47, 46, 45, 44, 43, 42, 41, 40, 39, 38, 37
target_str: -42, -53, -62, -57, -39, -12, 21, 51, 73, 85, 90, 89, 88, 83, 66, 39, 6, -28, -62, -92, -109, -104, -80, -39, 7
mse: 22952.073595213387
----------------------
pred_str: -49, -52, -48, -41, -32, -22, -16, -15, -24, -29, -27, -16, 1, 15, 24, 31, 32, 34, 37, 45, 61, 80, 89, 85, 71, 61, 52, 39, 28, 11, -11, -28, -38, -45
target_str: -56, -55, -48, -41, -39, -34, -37, 1, 74, 39, 21, 19, 2, 6, 17, 23, 30, 36, 38, 46, 58, 69, 81, 84, 74
mse: 3104.3223208080094
----------------------
pred_str: 88, 85, 82, 82, 80, 78, 75, 72, 70, 67, 62, 57, 50, 42, 31, 17, 2, -5, -11, -16, -18, -20, -19, -15, -8, -2, 14, 35, 59, 85, 93, 78, 57, 41, 30, 22
target_str: 68, 55, 48, 37, 24, 13, 5, 0, -7, -14, -18, -19, -16, -7, 3, 16, 39, 71, 92, 84, 69, 58, 46, 34, 23
mse: 16749.11333578991
----------------------
pred_str: 78, 75, 72, 67
target_str: 8, 6, 7, 7, 5, 1, -5, -5, -2, 0, 5, 13, 20, 23, 30, 37, 43, 49, 56, 66, 69, 72, 73, 75, 73
mse: 9570.550681206149
----------------------
pred_str: 41, 42, 44, 46
target_str: 41, 42, 46, 50, 58, 70, 73, 74, 75, 72, 67, 57, 42, 28, 20, 15, 12, 12, 13, 17, 23, 34, 46, 57, 65
mse: 8580.168892345251
----------------------
pred_str: 0, 10, 21, 34, 47, 56, 57, 50, 41, 30, 18, 9, 0, -5, -8, -10, -11, -11, -12, -13, -14, -16
target_str: 26, 37, 44, 41, 35, 21, 7, -8, -20, -31, -40, -45, -44, -40, -29, -15, 0, 12, 20, 27, 36, 44, 50, 51, 45
mse: 6994.226260625557
----------------------
pred_str: 1, -24, -54, -72, -79, -74, -58, -34, -12, 6, 21, 29, 33, 31, 23, 12, 1, -12, -26, -37, -44, -48, -46, -35, -17, 11, 45, 66
target_str: -11, 18, 43, 63, 75, 77, 57, 39, 38, 23, -8, -40, -69, -92, -102, -98, -82, -55, -23, 6, 30, 42, 45, 39, 26
mse: 31839.036715036207
----------------------
pred_str: -54, -39, -22, -12, -1, 6, 10, 11, 10, 8, 7, 5, 5, 5, 6, 6, 7, 7, 6, 6, 5, 5, 4, 3, 2, 2, 2, 3, 3
target_str: -72, -57, -30, -27, -13, -1, 6, 11, 17, 24, 28, 28, 23, 21, 10, -9, -35, -82, -101, -104, -101, -91, -72, -47, -28
mse: 10736.011441597397
----------------------
pred_str: -70, -61, -52, -41, -25, -12, -2, 12, 23, 33, 42, 51, 57, 60
target_str: -57, -42, -20, -2, 4, 6, 2, 3, 13, 28, 38, 46, 52, 53, 49, 50, 55, 58, 56, 57, 61, 53, 43, 26, 8
mse: 5094.992964636813
----------------------
pred_str: -14, -12, -17, -26, -33, -36, -32, -28, -21, -14, -7, -3, -1, -1, -2, -4, -5, -6, -6, -4, -1, 4, 13, 21, 22, 17, 9, -4, -17
target_str: -24, -36, -40, -39, -32, -23, -15, -12, -12, -13, -16, -28, -33, -47, -59, -70, -74, -77, -74, -64, -43, -14, 21, 59, 88
mse: 6431.4724235637295
----------------------
pred_str: -44, -36, -24, -15, -12, -14, -23, -32, -36, -33, -26, -16, -13, -12, -14, -18, -22, -24, -24, -17, -9, -6, -1, 17, 65, 82, 83, 81, 80, 80, 79, 78, 77, 78, 82, 86, 92, 92, 83, 68, 55, 48, 44, 36, 28, 15, 1, -17, -35, -48, -58, -59, -51, -33, -21, -14, -14, -21, -26, -30, -30, -25, -18, -11
target_str: -45, -38, -25, -6, 7, 55, 94, 96, 96, 90, 91, 87, 80, 74, 70, 69, 66, 61, 58, 59, 66, 76, 81, 90, 92
mse: 28487.362563392646
----------------------
pred_str: 45, 18, -24, -41, -55, -66, -73, -76, -72, -62, -39, -14, 14, 40, 62, 78, 86
target_str: -44, -39, -28, -6, 24, 58, 85, 99, 100, 88, 69, 44, 17, -7, -30, -47, -59, -66, -67, -67, -61, -54, -36, -6, 28
mse: 36728.90468798208
----------------------
pred_str: 0, -1, -2, -2, -2, -2, -2, -2, -2, -2, -2, -1, 1, 4, 6, 6, 5, 3, 1, 0, 0, 0, 0, 0, -2, -4, -4
target_str: -6, -3, 0, 1, 1, -1, -5, -10, -15, -21, -28, -34, -40, -41, -40, -35, -29, -24, -18, -16, -14, -10, -2, 9, 22
mse: 2175.1694487067944
----------------------
pred_str: -52, -50, -43, -32, -16, 3, 26, 49, 70, 85, 89, 86, 76, 57, 35, 11, -5, -17, -27, -32, -31, -25, -15, -5, 0, 13, 30, 46
target_str: -52, -53, -51, -51, -51, -50, -51, -45, -29, -10, 7, 21, 23, 17, 4, -13, -30, -47, -57, -63, -64, -62, -53, -43, -33
mse: 10520.16732920052
----------------------
