pred_str: -24, -17, -10, -1, 11, 20, 30, 38, 47, 55
target_str: -8, 15, 40, 62, 75, 78, 75, 64, 52, 41
mse: 2789.4866289500073
----------------------
pred_str: -59, -62, -55, -47, -40, -36, -32, -24, -7, 47
target_str: -56, -55, -48, -41, -39, -34, -37, 1, 74, 39
mse: 1142.0417653022946
----------------------
pred_str: -53, -21, -23, -13, 0, 13, 29, 47, 63, 71
target_str: -57, -42, -20, -2, 4, 6, 2, 3, 13, 28
mse: 1179.4277479196267
----------------------
pred_str: -51, -59, -62, -62, -58, -49, -39, -26, -12, 4
target_str: -52, -53, -51, -51, -51, -50, -51, -45, -29, -10
mse: 202.93049823975835
----------------------
pred_str: 13, 10, 7, 7, 11, 12, 11, 10, 9, 9
target_str: 9, 3, 2, 4, 5, 5, 5, 6, 8, 12
mse: 37.84753795828701
----------------------
pred_str: -11, -14, -17, -17, -15, -10, -1, 3, 11, 19, 29
target_str: 13, 33, 42, 40, 28, 15, 4, -3, -10, -11
mse: 2060.22919024155
----------------------
pred_str: -48, -45, -39, -27, -14, 25, 78, 88, 92, 87, 83
target_str: -45, -38, -25, -6, 7, 55, 94, 96, 96, 90
mse: 366.3210889377289
----------------------
pred_str: -33, -20, 12, 28, 42, 42, 31, 16, 1, -15
target_str: -11, 18, 43, 63, 75, 77, 57, 39, 38, 23
mse: 1607.1356972043336
----------------------
pred_str: -31, -105, -139, -168, -152, -124, -104, -93, -77, -62
target_str: -22, -42, -67, -104, -94, -65, -52, -45, -37, -23
mse: 4354.620790127461
----------------------
pred_str: 67, 54, 41, 29, 19, 11, 5, -2, -11, -17, -20, -19
target_str: 68, 55, 48, 37, 24, 13, 5, 0, -7, -14
mse: 26.616357995055477
----------------------
pred_str: 27, 49, 63, 71, 70, 59, 44, 20, 2, -11, -20, -24, -24, -22, -19, -14
target_str: 38, 29, 20, 13, 4, -3, -12, -19, -24, -25
mse: 2994.4172003339017
----------------------
pred_str: 68, 78, 75, 61, 36, 12, -5, -22, -31, -34, -32
target_str: 79, 91, 93, 83, 64, 40, 15, -6, -24, -38
mse: 521.0959799378784
----------------------
pred_str: -48, -36, -20, 12, 28, 46, 61, 72, 77, 76, 71
target_str: -44, -30, -15, 0, 16, 31, 45, 56, 63, 65
mse: 218.3156762715822
----------------------
pred_str: 11, 19, 31, 51, 47, 30, 18, 10, 6, 5, 6
target_str: 5, 3, 2, 10, 31, 73, 101, 83, 46, 22
mse: 2927.183972334831
----------------------
pred_str: 21, 16, 13, 10, 9, 7, 5, 4, 3, 2
target_str: 19, 14, 8, 3, 0, -3, -4, -3, -1, 1
mse: 63.079229930478334
----------------------
pred_str: -53, -63, -67, -74, -78, -81, -85, -86, -87, -84
target_str: -47, -55, -61, -69, -74, -79, -87, -91, -92, -87
mse: 37.53983439765052
----------------------
pred_str: 40, 34, 26, 17, 8, 3, -6, -15, -22, -28
target_str: 34, 9, -15, -36, -53, -57, -54, -43, -29, -15
mse: 2427.4733898611885
----------------------
pred_str: 13, 23, 52, 93, 115, 87, 52, 31, 18, 12, 4, 0, 0, 0
target_str: 10, 13, 15, 17, 21, 29, 49, 73, 83, 70
mse: 4433.392901650399
----------------------
pred_str: 42, 52, 55, 48, 26, 12, 1, -1, -1, -1, -1
target_str: 8, 6, 7, 7, 5, 1, -5, -5, -2, 0
mse: 1211.2750664455023
----------------------
pred_str: -39, -56, -53, -46, -33, -11, 10, 22, 34, 41
target_str: -42, -53, -62, -57, -39, -12, 21, 51, 73, 85
mse: 719.4109247680898
----------------------
pred_str: 57, 68, 61, 47, 25, -10, -48, -48, -43, -39
target_str: 46, 38, 16, -47, -38, -8, -35, -32, -34, -37
mse: 2517.784384907995
----------------------
pred_str: -30, -36, -37, -35, -33, -30, -26, -19, -11, 11
target_str: -31, -34, -34, -30, -25, -22, -21, -13, 20, 67
mse: 665.4089498763873
----------------------
pred_str: 64, 54, 42, 21, -9, -27, -43, -53, -61, -62, -56
target_str: 55, 60, 51, 28, 10, -12, -31, -46, -56, -60
mse: 162.31362823574304
----------------------
pred_str: -26, -13, 11, 20, 25, 30, 37, 43, 49, 55
target_str: 19, 17, 17, 20, 23, 31, 36, 42, 46, 51
mse: 460.4783784924919
----------------------
pred_str: 41, 45, 51, 56, 59, 59, 54, 46, 34, 22, 13
target_str: 41, 42, 46, 50, 58, 70, 73, 74, 75, 72
mse: 848.9541237960477
----------------------
