pred_str: 65, 62, 52, 37, 17, -1, -13, -21, -20, -19, -17, -16, -17, -19, -22, -28, -32, -34, -34, -32, -30, -29, -27, -25, -24, -24, -24, -24, -24, -24, -24, -24, -24, -23, -22, -20, -18, -15, -12, -8, -5, -1, 0, 1, 3, 8, 14, 17, 17, 17, 18, 20, 23, 26, 27, 28, 28, 29, 29, 29, 28, 27, 25, 22, 17, 12, 9, 9, 11, 13, 17, 20, 21, 23, 25, 25, 25, 25, 24, 23, 22, 20, 19, 18, 17, 16, 15, 14, 13, 13, 13, 13, 13, 14, 14, 14
target_str: 8, 6, 7, 7, 5, 1, -5, -5, -2, 0, 5, 13, 20, 23, 30, 37, 43, 49, 56, 66, 69, 72, 73, 75, 73, 73, 75, 75, 74, 76, 74, 70, 69, 68, 67, 69, 71, 73, 74, 74, 71, 69, 70, 69, 71, 74, 72, 70, 71, 70
mse: 1.7642819568258339
----------------------
pred_str: -11, -16, -19, -19, -16, -13, -10, -8, -6, -6, -7, -11, -14, -16, -17, -15, -13, -8, -3, 0, 14, 34, 57, 84, 108, 112, 102, 86, 70, 54, 40, 32, 28, 26, 25, 26, 29, 34, 37, 36, 32, 24, 13, 0, -11, -20, -25, -27, -26, -23, -20, -17, -14, -13, -15, -19, -25, -30, -28, -22, -13, -4, 6, 17, 31, 47, 67, 88, 105, 104, 97, 85, 73, 61, 51, 44, 38, 33, 27, 23, 22, 26, 30, 33, 33, 31, 27, 22, 14, 8, 5, 6, 11, 15, 20, 27, 37, 53, 81
target_str: -6, -3, 0, 1, 1, -1, -5, -10, -15, -21, -28, -34, -40, -41, -40, -35, -29, -24, -18, -16, -14, -10, -2, 9, 22, 29, 31, 29, 20, 13, 4, -1, -5, -6, -3, 0, 6, 10, 14, 15, 13, 8, 2, -1, -7, -13, -18, -22, -24, -24
mse: 0.346245738647293
----------------------
pred_str: -38, -42, -49, -65, -88, -104, -100, -105, -100, -101, -95, -77, -53, -41, -38, -28, -17, -16, -18, -26, -37, -46, -48, -42, -38, -43, -40, -40, -43, -58, -93, -77, -24, 61, 31, 24, 36, 28, 20, 29, 38, 40, 36, 36, 40, 60, 79, 88, 75, 44, 36, 40, 13, -13, -23, -28, -34, -37, -40, -37, -33, -27, -27, -33, -44, -61, -94, -107, -10
target_str: -51, -57, -57, -60, -74, -69, 6, 76, 15, -2, 23, 30, 18, 13, 23, 40, 47, 45, 43, 55, 85, 104, 87, 52, 45, 56, 24, -12, -15, -23, -34, -49, -58, -61, -54, -49, -47, -47, -46, -53, -79, -91, -52, 71, 74, 12, 35, 46, 34, 16
mse: 2.0913335959461374
----------------------
pred_str: 0, -21, -37, -44, -40, -30, -18, -10, -4, 0, 3, 7, 12, 15, 15, 12, 7, 2, -1, -6, -11, -14, -14, -11, -5, 0, 13, 30, 42, 44, 40, 30, 18, 5, -11, -26, -36, -39, -35, -26, -16, -6, -2, 0, 2, 4, 6, 8, 11, 14, 14, 11, 8, 7, 11, 12, 11, 9, 5, 1, -1, -6, -10, -12, -12, -10, -6, -1, 5, 22, 42, 57, 67, 73, 69, 58, 45, 32, 19, 10, 2, -2, -5, -8, -10, -10, -9, -7, -4, -1, 1, 2, 3, 5, 9, 12, 13, 11, 8, 5, 3, 2, 1, 0, -1, -2, -2, -1, 0, 1, 2, 4
target_str: 38, 29, 20, 13, 4, -3, -12, -19, -24, -25, -19, -7, 7, 23, 34, 42, 45, 45, 43, 39, 32, 23, 9, -7, -29, -50, -69, -82, -86, -83, -73, -59, -42, -22, -2, 13, 25, 36, 45, 52, 58, 60, 60, 55, 45, 33, 18, 4, -6, -15
mse: 0.9806752269303126
----------------------
pred_str: -49, -41, -25, -8, 12, 35, 57, 76, 83, 78, 65, 50, 31, 11, 1, -8, -15, -18, -19, -18, -16, -15, -15, -13, -10, -4, 2, 14, 27, 37, 40, 32, 18, 4, -13, -27, -37, -44, -47, -48, -45, -37, -28, -16, -4, 14, 33, 50, 65, 72, 69, 61, 48, 31, 14, 3, -12, -23, -31, -34, -33, -28, -22, -14, -6, 1, 11, 25, 43, 60, 72, 82, 84, 79, 67, 54, 36, 17, 1, -10, -22, -32, -37, -37
target_str: -52, -53, -51, -51, -51, -50, -51, -45, -29, -10, 7, 21, 23, 17, 4, -13, -30, -47, -57, -63, -64, -62, -53, -43, -33, -22, -15, -8, 2, 14, 29, 41, 48, 51, 53, 49, 44, 39, 32, 25, 21, 17, 12, 7, 0, -7, -14, -17, -9, 8
mse: 0.9306448114796854
----------------------
pred_str: 77, 72, 68, 64, 64, 67, 67, 67, 66, 65, 62, 59, 55, 49, 40, 37, 33, 28, 22, 17, 12, 6, 1, 0, -1, 0, 1, 11, 19, 13, 4, -9, -22, -32, -38, -31, -20, -15, -11, -12, -13, -17, -23, -26, -29, -29, -28, -27, -27, -25, -24, -23, -24, -25, -26, -24, -19, -11, -2, 10, 18, 24, 23, 21, 19, 14, 11, 12, 16, 21, 25, 26, 26, 25, 23, 22, 22, 22, 21, 20, 18, 15, 10, 3, -2, -1, 0, 2, 10, 19, 22, 22, 22, 22, 21, 19, 18, 18, 17, 17, 15
target_str: -26, -44, -64, -80, -85, -68, -60, -54, -43, -40, -19, 15, 30, 17, 11, 10, 4, 1, -13, -37, -48, -59, -73, -70, -57, -48, -35, -28, -15, 28, 46, 25, 8, 8, 18, 14, -1, -17, -29, -32, -30, -20, -8, -8, -8, -7, -8, 13, 19, 5
mse: 1.426437283017102
----------------------
pred_str: 8, 8, 9, 14, 42, 80, 95, 71, 38, 22, 12, 7, 4, 2, 2, 3, 4, 4, 3, 1, 0, -1, 2, 11, 25, 44, 66, 56, 33, 17, 8, 4, 2, 1, 0, -1, -6, -13, -19, -22, -21, -13, 0, 21, 60, 90, 80, 45, 26, 16, 11, 8, 8, 9, 10, 10, 10, 11, 15, 46, 86, 106, 82, 45, 26, 15, 9, 5, 3, 2, 2, 2, 1, -2, -9, -14, -17, -19, -18, -8, 4, 26, 58, 88, 81, 44, 24, 14, 9
target_str: 5, 3, 2, 10, 31, 73, 101, 83, 46, 22, 10, 2, -1, -4, -7, -11, -14, -15, -11, -3, 17, 54, 81, 78, 50, 29, 15, 8, 3, 1, 0, 1, 1, 1, 2, 9, 30, 68, 99, 88, 50, 25, 12, 5, 1, -2, -6, -10, -14, -16
mse: 0.5747598880986424
----------------------
pred_str: -3, 17, 38, 59, 76, 86, 91, 92, 92, 92, 91, 87, 81, 72, 62, 54, 46, 39, 33, 28, 23, 18, 14, 11, 10, 11, 13, 14, 14, 14, 12, 9, 4, -2, -12, -23, -33, -42, -50, -56, -62, -66, -67, -65, -61, -54, -44, -29, -12, 0, 11, 20, 24, 24, 18, 12, 2, -7, -19, -28, -33, -33, -26, -18, -8, 2, 15, 29, 49, 65, 75, 81, 81, 79, 70, 60, 52, 44, 37, 31, 27, 23, 20, 19, 18, 17, 16
target_str: 5, 24, 41, 54, 61, 67, 64, 45, 19, -9, -33, -48, -51, -48, -44, -44, -48, -50, -40, -19, 8, 34, 44, 35, 8, -20, -31, -19, 3, 25, 36, 32, 17, -2, -20, -29, -30, -23, -8, 11, 33, 52, 65, 73, 77, 71, 53, 33, 11, -6
mse: 1.63257452211142
----------------------
pred_str: -42, -50, -51, -46, -33, -19, -1, 12, 28, 44, 54, 60, 60, 59, 53, 45, 33, 15, 0, -16, -36, -52, -60, -57, -47, -35, -20, -1, 13, 28, 44, 54, 61, 62, 58, 49, 34, 13, -1, -16, -29, -35, -31, -21, -10, -1, 8, 20, 28, 34, 41, 43, 43, 43, 44, 45, 46, 47, 49, 51, 51, 44, 28, 8, -13, -35, -52, -62, -65, -60, -48, -31, -12, 3, 13, 24, 32, 37, 39, 37, 30, 21, 11, 2, -7, -20, -32, -42, -47, -47, -40, -29, -14, -1, 8, 19, 27, 31, 32
target_str: -42, -53, -62, -57, -39, -12, 21, 51, 73, 85, 90, 89, 88, 83, 66, 39, 6, -28, -62, -92, -109, -104, -80, -39, 7, 61, 106, 130, 129, 109, 75, 39, 5, -24, -45, -56, -59, -60, -57, -43, -19, 6, 30, 49, 62, 74, 86, 97, 102, 98
mse: 1.2308661980021463
----------------------
pred_str: 0, -3, -17, -32, -43, -49, -52, -46, -35, -25, -16, -11, -6, -1, 1, 10, 22, 37, 52, 66, 77, 78, 70, 55, 36, 14, 1, -12, -28, -39, -46, -45, -40, -34, -27, -21, -15, -10, -5, -1, 1, 11, 25, 44, 64, 82, 96, 99, 94, 80, 63, 41, 16, 2, -12, -27, -36, -39, -35, -29, -23, -17, -11, -5, -2, 0, 3, 10, 19, 35, 59, 83, 105, 112, 108, 94, 76, 57, 37, 16, 3, -10, -25, -35, -39, -35, -29, -23, -16, -11, -7, -5, -3
target_str: 79, 91, 93, 83, 64, 40, 15, -6, -24, -38, -49, -56, -58, -54, -49, -41, -33, -25, -16, -7, 6, 29, 61, 94, 118, 130, 127, 109, 80, 45, 12, -15, -38, -55, -66, -71, -70, -62, -52, -43, -34, -28, -22, -17, -9, 8, 40, 76, 108, 127
mse: 1.4205643163938486
----------------------
pred_str: -2, -11, -21, -25, -27, -26, -30, -34, -38, -44, -46, -36, -27, -24, -36, -73, -51, -20, 19, 29, 23, 14, 1, -15, -27, -27, -26, -23, -22, -20, -23, -29, -39, -55, -63, -53, -43, -34, -23, -15, -16, -17, -22, -31, -35, -47, -67, -86, -84, -69, -46, -26, -14, -1, 12, 24, 31, 29, 25, 25, 26, 30, 39, 46, 42, 44, 58, 66, 66, 58, 39, 25, 13, 3, -13, -27, -27, -27, -28, -30, -34, -39, -48, -62, -77, -87, -92, -78
target_str: 23, 36, 65, 76, 68, 45, 27, 13, -47, -57, -43, -75, -76, -78, -66, -61, -64, -72, -85, -94, -100, -94, -74, -51, -36, -71, -72, -7, 18, 42, 11, 5, 17, 36, 51, 45, 42, 53, 67, 79, 76, 65, 37, 0, -49, -92, -51, -56, -92, -97
mse: 1.3766791242973537
----------------------
pred_str: -20, -15, -11, -6, -2, -1, 1, 3, 9, 14, 11, 0, -15, -27, -38, -54, -64, -65, -64, -60, -56, -55, -57, -63, -68, -72, -75, -76, -76, -75, -68, -56, -33, 13, 34, 31, 16, 0, -11, -17, -16, -12, -7, -2, 0, 2, 7, 10, -3, -18, -35, -51, -67, -70, -65, -59, -52, -51, -55, -60, -65, -69, -73, -76, -77, -75, -66, -46, -25, 22, 48, 44, 25, 0, -14, -20, -18, -12, -5, 0, 4, 10, 13, -2, -17, -31, -48, -61, -63, -56, -52, -50, -54, -60, -66, -71, -73
target_str: -20, -21, -28, -41, -50, -59, -70, -77, -78, -75, -73, -66, -64, -71, -79, -84, -75, -50, -28, -24, -19, -13, -15, -26, -33, -38, -50, -52, -53, -58, -60, -56, -51, -40, -24, -8, 10, 10, 0, -2, -19, -50, -99, -144, -198, -233, -234, -216, -190, -155
mse: 2.346930807816859
----------------------
pred_str: -43, -30, -13, -3, 17, 42, 69, 88, 92, 83, 65, 40, 14, -3, -20, -37, -48, -53, -52, -50, -43, -32, -18, -2, 17, 38, 58, 72, 80, 81, 75, 62, 45, 21, 0, -15, -33, -52, -72, -86, -94, -93, -88, -75, -53, -24, 11, 47, 76, 90, 92, 88, 74, 53, 26, 1, -21, -44, -62, -74, -81, -84, -83, -78, -67, -48, -21, 5, 38, 70, 96, 106, 99, 82, 60, 37, 13, 0, -19, -35, -47, -54, -57, -55, -48, -36, -17, 5, 40, 70, 93, 101, 94, 79
target_str: -44, -39, -28, -6, 24, 58, 85, 99, 100, 88, 69, 44, 17, -7, -30, -47, -59, -66, -67, -67, -61, -54, -36, -6, 28, 60, 77, 82, 74, 59, 38, 12, -11, -32, -47, -60, -68, -71, -71, -69, -62, -50, -30, 2, 43, 81, 109, 123, 121, 107
mse: 0.45964066705851664
----------------------
pred_str: -33, -35, -34, -31, -23, -13, -4, 3, 13, 24, 35, 45, 52, 60, 66, 69, 64, 54, 43, 31, 18, 5, -1, 0, 4, 10, 13, 15, 17, 16, 14, 10, 7, 5, 6, 11, 15, 20, 22, 21, 19, 15, 10, 6, 2, 0, -3, -11, -17, -23, -29, -34, -36, -36, -33, -26, -15, -2, 12, 22, 32, 41, 44, 41, 36, 29, 23, 16, 11, 4, 0, -4, -13, -23, -29, -35, -39, -41, -40, -38, -32, -21, -10, 3, 16, 23, 28, 29, 25, 19, 12, 4, 0, -3, -10, -17, -23, -29, -35, -38, -40, -42, -42
target_str: -29, -29, -29, -26, -24, -21, -16, -7, 2, 12, 18, 20, 19, 14, 7, 0, -8, -16, -22, -27, -32, -37, -40, -40, -38, -33, -25, -17, -8, -1, 2, 4, 5, 6, 8, 11, 15, 18, 19, 19, 16, 11, 5, 0, -7, -13, -18, -21, -22, -22
mse: 0.2980757441910075
----------------------
pred_str: -24, -34, -37, -31, -18, -1, 16, 41, 67, 86, 94, 88, 69, 47, 22, -1, -19, -30, -33, -33, -28, -23, -18, -14, -14, -16, -24, -29, -31, -27, -14, 6, 40, 74, 98, 105, 99, 79, 57, 33, 11, -5, -23, -35, -37, -33, -26, -22, -18, -15, -16
target_str: -24, -36, -40, -39, -32, -23, -15, -12, -12, -13, -16, -28, -33, -47, -59, -70, -74, -77, -74, -64, -43, -14, 21, 59, 88, 99, 99, 82, 57, 25, -7, -35, -60, -69, -74, -75, -69, -66, -64, -65, -70, -83, -95, -115, -134, -153, -167, -174, -170, -164
mse: 2.96390993611114
----------------------
pred_str: -28, -21, -8, 3, 26, 50, 62, 64, 54, 35, 10, -5, -16, -22, -26, -27, -22, -15, -1, 11, 24, 33, 34, 25, 12, 0, -13, -24, -30, -32, -34, -34, -32, -28, -23, -15, -4, 11, 26, 38, 42, 34, 20, 5, -11, -27, -38, -43, -45, -43, -38, -33, -30, -25, -20, -12, -1, 10, 20, 27, 30, 23, 13, 3, -11, -27, -36, -39, -41, -42, -41, -36, -30, -23, -15, -4, 13, 28, 37, 41, 32, 19, 1, -11, -25, -35, -41, -42, -41, -38, -33, -27, -22, -17
target_str: -31, -30, -29, -20, -4, 17, 36, 47, 52, 51, 47, 38, 25, 7, -11, -24, -33, -36, -34, -31, -29, -28, -29, -29, -28, -19, 0, 27, 55, 76, 83, 81, 74, 63, 47, 25, 0, -23, -42, -52, -56, -53, -46, -37, -31, -27, -25, -16, 1, 24
mse: 0.9640546017404438
----------------------
pred_str: -53, -41, -26, -13, -5, 1, 10, 22, 30, 31, 28, 21, 14, 10, 10, 11, 12, 11, 10, 9, 7, 4, 2, 1, 1, 2, 6, 13, 23, 38, 56, 65, 63, 58, 52, 47, 39, 36, 31, 26, 23, 23, 25, 26, 26, 26, 24, 19, 15, 13, 14, 22, 39, 65, 85, 92, 87, 82, 77, 75, 76, 76, 77, 78
target_str: -72, -57, -30, -27, -13, -1, 6, 11, 17, 24, 28, 28, 23, 21, 10, -9, -35, -82, -101, -104, -101, -91, -72, -47, -28, -15, -9, -6, -3, -5, -18, -32, -38, -51, -65, -65, -61, -59, -44, -38, -26, -3, 10, 15, 23, 32, 33, 28, 24, 19
mse: 1.0777088222763143
----------------------
pred_str: -46, -30, -14, 2, 20, 41, 61, 72, 76, 72, 58, 41, 23, 11, -1, -14, -25, -35, -41, -41, -36, -28, -18, -8, -4, 4, 10, 12, 9, 5, 2, 0, -5, -14, -26, -37, -46, -50, -48, -42, -31, -17, -4, 16, 36, 57, 70, 74, 70, 57, 42, 26, 13, -4, -18, -33, -43, -50, -50, -44, -36, -28, -18, -12, -9, -14, -26, -46, -67, -86, -98, -105, -98, -80, -57, -37, -20, -7, 5, 20, 36, 52, 64, 67, 62, 49, 33
target_str: -44, -30, -15, 0, 16, 31, 45, 56, 63, 65, 60, 50, 35, 17, -5, -35, -67, -89, -97, -91, -77, -60, -41, -23, -8, 2, 8, 11, 11, 11, 9, 4, 0, -2, -7, -24, -48, -68, -75, -67, -45, -14, 14, 35, 47, 49, 45, 36, 26, 16
mse: 0.15962023193265706
----------------------
pred_str: -61, -50, -46, -42, -40, -42, -44, -45, -45, -45, -48, -52, -55, -55, -55, -56, -58, -61, -63, -63, -62, -64, -66, -65, -64, -65, -67, -67, -64, -63, -60, -60, -62, -65, -66, -67, -67, -66, -66, -65, -66, -65, -64, -61, -54, -35, -13, 1, 2, 1, 1, 6, 15, 24, 36, 48, 55, 57, 55, 55, 55, 53, 54, 56, 57, 54, 53, 49, 41, 25, 8, -3, -15, -25, -31, -43, -54, -62, -68, -75, -77, -77
target_str: -57, -42, -20, -2, 4, 6, 2, 3, 13, 28, 38, 46, 52, 53, 49, 50, 55, 58, 56, 57, 61, 53, 43, 26, 8, -5, -19, -30, -39, -43, -52, -66, -78, -79, -70, -69, -68, -55, -48, -44, -24, -10, -6, 0, 5, 7, 10, 13, 24, 37
mse: 1.4316685016318538
----------------------
pred_str: 104, 134, 138, 126, 100, 70, 41, 19, 9, 1, -6, -11, -13, -14, -16, -19, -22, -24, -23, -17, -8, 5, 20, 35, 50, 61, 71, 74, 70, 58, 43, 26, 13, 2, -4, -10, -13, -14, -14, -13, -12, -12, -12, -12, -13, -14, -15, -18, -23, -27, -26, -15, 4, 25, 50, 70, 84, 93, 93, 82, 64, 46, 29, 16, 7, 0, -3, -5, -6, -7, -9, -11, -13, -16, -20, -24, -25, -23, -17, -5, 20, 46, 70, 88, 98, 100, 93, 76, 58, 40, 21, 8, 0
target_str: 26, 37, 44, 41, 35, 21, 7, -8, -20, -31, -40, -45, -44, -40, -29, -15, 0, 12, 20, 27, 36, 44, 50, 51, 45, 35, 25, 14, 4, -4, -12, -19, -25, -28, -25, -19, -15, -10, -7, -7, -7, -7, -2, 6, 17, 27, 34, 39, 44, 50
mse: 0.6352851522943546
----------------------
pred_str: 60, 56, 46, 36, 24, 12, -6, -29, -46, -53, -54, -53, -54, -54, -57, -63, -69, -75, -75, -64, -45, -21, 4, 53, 63, 59, 57, 49, 44, 44, 45, 46, 45, 42, 36, 28, 22, 17, 14, 14, 21, 32, 42, 46, 48, 47, 46, 43, 42, 42, 42, 43, 43, 44, 45, 45
target_str: 55, 60, 51, 28, 10, -12, -31, -46, -56, -60, -62, -64, -65, -58, -45, -32, -15, 17, 45, 63, 60, 54, 53, 50, 50, 49, 47, 42, 43, 51, 57, 67, 69, 66, 56, 37, 29, 17, 1, -16, -31, -39, -43, -45, -43, -41, -45, -53, -57, -51
mse: 0.9294844792218904
----------------------
pred_str: 23, 18, 15, 12, 9, 6, 5, 6, 7, 8, 9, 10, 11, 12, 12, 11, 9, 6, 3, 1, 1, 2, 5, 11, 25, 55, 96, 98, 74, 50, 39, 32, 26, 21, 18, 13, 8, 5, 5, 6, 8, 10, 11, 11, 10, 8, 6, 5, 4, 4, 4, 3, 2, 2, 2, 2, 1, 1, 0, -1, -6, -11, -16, -17, -17, -14, -9, -4, 1, 16, 39, 72, 84, 64, 45, 34, 27, 22, 19, 17, 15, 13, 11, 10, 11, 12, 13, 13, 12, 11, 11, 10, 9, 8, 8, 6
target_str: 19, 17, 17, 15, 12, 9, 6, 6, 5, 5, 7, 14, 29, 56, 91, 87, 60, 44, 35, 28, 21, 14, 6, -2, -11, -18, -20, -19, -14, -9, 0, 15, 51, 93, 97, 72, 45, 30, 20, 17, 17, 17, 16, 13, 9, 6, 5, 7, 11, 19
mse: 0.5574132449597621
----------------------
pred_str: -11, -36, -26, -19, -17, -28, -37, -45, -53, -54, -51, -42, -29, -18, -13, -20, -22, -14, -15, -18, -14, -12, -15, -22, -33, -41, -53, -58, -60, -48, -27, -12, 1, 10, 21, 32, 39, 41, 40, 39, 34, 24, 23, 27, 34, 40, 42, 37, 26, 15, 3, -11, -31, -39, -36, -34, -25, -16, -14, -19, -22, -24, -22, -20, -17, -13, -14, -19, -25, -35, -45, -54, -55, -51, -36, -23, -15, -22, -26, -21, -14, -8, -4, 1, 17, 31, 38
target_str: 46, 38, 16, -47, -38, -8, -35, -32, -34, -37, -37, -40, -51, -61, -68, -70, -63, -50, -41, -24, -46, -32, 18, 28, 24, -7, -7, 0, 14, 28, 28, 23, 22, 27, 37, 44, 45, 31, 16, -21, -46, -13, -28, -39, -29, -25, -22, -17, -23, -39
mse: 0.62084258095152
----------------------
pred_str: 41, 47, 46, 49, 52, 52, 47, 39, 34, 29, 24, 20, 17, 15, 14, 16, 29, 55, 76, 89, 92, 86, 73, 56, 40, 24, 9, -12, -26, -34, -34, -27, -18, -9, -5, 0, 25, 35, 38, 41, 49, 52, 52, 45, 38, 34, 29, 26, 21, 18, 17, 17, 22, 41, 68, 82, 87, 82, 71, 54, 34, 15, -2, -17, -26, -27, -22, -14, -5, 3, 19, 30, 33, 39, 45, 47, 46, 40, 34, 31, 27, 22, 17, 14, 13, 15, 24, 44
target_str: 49, 52, 42, 39, 48, 56, 54, 46, 39, 34, 28, 23, 20, 16, 12, 10, 17, 44, 78, 92, 98, 87, 76, 57, 37, 17, 0, -13, -22, -23, -19, -13, -9, -6, -4, 15, 46, 55, 47, 37, 39, 41, 34, 28, 24, 21, 17, 14, 12, 12
mse: 0.028139677827309303
----------------------
pred_str: -31, -31, -31, -27, -23, -19, -13, -8, 1, 30, 64, 60, 48, 51, 44, 39, 34, 33, 34, 32, 30, 28, 28, 31, 35, 45, 58, 73, 84, 82, 67, 54, 43, 34, 25, 16, 11, 9, 11, 16, 23, 28, 29, 29, 30, 31, 31, 30, 29, 27, 25, 25, 27, 30, 35, 43, 54, 67, 75, 71, 63, 54, 47, 39, 33, 26, 20, 16, 15, 19, 24, 29, 33, 33, 32, 31, 30, 31, 31, 31, 31, 31, 31, 31, 31, 31
target_str: -31, -34, -34, -30, -25, -22, -21, -13, 20, 67, 46, 40, 42, 28, 24, 23, 25, 28, 30, 29, 28, 29, 32, 36, 45, 61, 80, 102, 108, 100, 89, 71, 59, 44, 30, 15, 3, -8, -18, -25, -31, -34, -36, -37, -34, -31, -31, -29, -14, 14
mse: 0.28013921146855536
----------------------
