pred_str: 9, 10, 12, 14, 16, 19, 20, 23, 23, 21, 16, 8, 2, 0, -1, 1, 2, 4, 5, 4, 2, 0, -1, -1, 0, 1, 2, 2, 0, 0, 0, 0, 0, 0, 0, 0, 0, 0, 0, 0, 0, 0, 0, 0, 0, 0, 0, 0, 0, 0, 0, 0, 0, 0, 0, 0, 0, 0, 0, 0, 0, 0, 0, 0, 0, 0, 0, 0, 0, 0, 0, 0, 0, 0, 0, 0, 0, 0, 0, 0, 0, 0, 0, 0, 0, 0, 0, 0, 0, 0, 0, 0, 0, 0, 0, 0, 0, 0, 0, 0, 0, 0, 0, 0, 0, 0, 0, 0, 0, 0, 0, 0, 0, 0, 0, 0, 0, 0
target_str: 8, 6, 7, 7, 5, 1, -5, -5, -2, 0, 5, 13, 20, 23, 30, 37, 43, 49, 56, 66, 69, 72, 73, 75, 73, 73, 75, 75, 74, 76, 74, 70, 69, 68, 67, 69, 71, 73, 74, 74, 71, 69, 70, 69, 71, 74, 72, 70, 71, 70
mse: 1.1026656892735824
----------------------
pred_str: -7, -4, -1, 0, 2, 6, 8, 8, 8, 8, 8, 8, 7, 6, 5, 5, 5, 4, 4, 3, 3, 3, 3
target_str: -6, -3, 0, 1, 1, -1, -5, -10, -15, -21, -28, -34, -40, -41, -40, -35, -29, -24, -18, -16, -14, -10, -2, 9, 22, 29, 31, 29, 20, 13, 4, -1, -5, -6, -3, 0, 6, 10, 14, 15, 13, 8, 2, -1, -7, -13, -18, -22, -24, -24
mse: 0.14990325956151293
----------------------
pred_str: -45, -50, -58, -69, -97, -110, -86, -1, 37, 26, 15, 14, 15, 17, 16, 15, 22, 31, 35, 41, 59, 80, 88, 57, 36, 33, 26, -1, -17, -28, -37, -41, -39, -38, -35, -31, -26, -22, -21, -29, -44, -63, -88, -78, -1, 46, 31, 20, 20, 21, 26, 32, 36, 38, 42, 59, 80, 87, 57, 32, 26, 23, 0, -16, -24, -27, -32, -36
target_str: -51, -57, -57, -60, -74, -69, 6, 76, 15, -2, 23, 30, 18, 13, 23, 40, 47, 45, 43, 55, 85, 104, 87, 52, 45, 56, 24, -12, -15, -23, -34, -49, -58, -61, -54, -49, -47, -47, -46, -53, -79, -91, -52, 71, 74, 12, 35, 46, 34, 16
mse: 0.38436816327350953
----------------------
pred_str: 64, 67, 59, 47, 28, 6, -20, -50, -71, -83, -85, -78, -62, -39, -16, 3, 17, 28, 37, 37, 25, 11, -6, -28, -46, -59, -63, -60, -54, -47, -35, -18, -1, 17, 28, 34, 34
target_str: 38, 29, 20, 13, 4, -3, -12, -19, -24, -25, -19, -7, 7, 23, 34, 42, 45, 45, 43, 39, 32, 23, 9, -7, -29, -50, -69, -82, -86, -83, -73, -59, -42, -22, -2, 13, 25, 36, 45, 52, 58, 60, 60, 55, 45, 33, 18, 4, -6, -15
mse: 0.4559327896760653
----------------------
pred_str: -51, -55, -56, -54, -46, -34, -15, 5, 31, 60, 82, 95, 93, 86, 73, 53, 34, 14, 0, -10, -20, -25, -27, -26, -22, -16, -10, -3, 13, 32, 53, 72, 89, 95, 91, 75, 55, 30, 5, -23, -46, -58, -65, -67, -63, -55, -44, -28, -12, 5, 30, 59, 85, 105, 107, 98, 81, 57, 33, 14, 0, -15, -27, -34, -37, -37, -31, -22, -13, -7, -3, 11, 28, 50, 70, 88, 99, 97, 84, 64
target_str: -52, -53, -51, -51, -51, -50, -51, -45, -29, -10, 7, 21, 23, 17, 4, -13, -30, -47, -57, -63, -64, -62, -53, -43, -33, -22, -15, -8, 2, 14, 29, 41, 48, 51, 53, 49, 44, 39, 32, 25, 21, 17, 12, 7, 0, -7, -14, -17, -9, 8
mse: 0.6523271271867749
----------------------
pred_str: -36, -32, -24, -16, -11, -7, -3, 1, 9, 17, 18, 18, 19, 18, 14, 12, 11, 12, 10, 7, 2, -1, -16, -21, -27, -29, -26, -22, -16, -14, -14, -17, -19, -17, -10, -1, 5, 10, 14, 14, 12, 12, 11, 10, 9, 8, 8, 8, 11, 12, 11, 10, 11, 12, 12, 12, 11, 10, 8, 4, 0, -1, -5, -6, -7, -8, -8, -6, -5, -3, -2, -1, 0, 1, 2, 3, 3, 2, 2, 2, 2, 2, 3, 3, 3, 2, 2, 2, 2, 2, 2, 3, 3, 3, 3, 2, 2, 2, 2, 2, 2, 2, 3, 3, 3, 3, 2, 2, 2, 2, 2
target_str: -26, -44, -64, -80, -85, -68, -60, -54, -43, -40, -19, 15, 30, 17, 11, 10, 4, 1, -13, -37, -48, -59, -73, -70, -57, -48, -35, -28, -15, 28, 46, 25, 8, 8, 18, 14, -1, -17, -29, -32, -30, -20, -8, -8, -8, -7, -8, 13, 19, 5
mse: 0.4084304724407457
----------------------
pred_str: 10, 11, 11, 14, 16, 16, 14, 10, 5, 2, -1, -6, -12, -17, -21, -21, -18, -9, 5, 30, 62, 83, 67, 39, 23, 14, 8, 5, 5, 6, 7, 7, 6, 10, 30, 74, 99, 91, 56, 27, 13, 5, 2, -1, -5, -9, -14, -17, -17, -14, -5, 12, 42, 74, 86, 71, 42, 22, 12, 7, 4, 3, 4, 5, 5, 5, 8, 25, 63, 98, 95, 64, 31, 15, 6, 3, -2, -6, -9, -12, -15, -16, -14, -8, 4, 25
target_str: 5, 3, 2, 10, 31, 73, 101, 83, 46, 22, 10, 2, -1, -4, -7, -11, -14, -15, -11, -3, 17, 54, 81, 78, 50, 29, 15, 8, 3, 1, 0, 1, 1, 1, 2, 9, 30, 68, 99, 88, 50, 25, 12, 5, 1, -2, -6, -10, -14, -16
mse: 0.28915609510315277
----------------------
pred_str: -6, -10, -11, -12, -13, -15, -16, -16, -16, -16, -15, -14, -13, -12, -11, -10, -9, -9, -9, -11, -14, -16, -15, -13, -11, -8, -4, -1, -2, -4, -6, -9, -10, -10, -9, -7, -5, -3, -1, 0, 1, 2, 3, 4, 5, 6, 6, 6, 6, 6, 6, 6, 6, 6, 6, 5, 4, 4, 3, 3, 2, 1, 0, 0, 0, 0, 0, 0, 0, 0, 0, 0, 0, 0, 0, 0, 0, 0, 0, 0, 0, 0, 0, 0, 0, 0, 0, 0, 0, 0, 0, 0, 0, 0, 0, 0, 0, 0, 0, 0, 0, 0
target_str: 5, 24, 41, 54, 61, 67, 64, 45, 19, -9, -33, -48, -51, -48, -44, -44, -48, -50, -40, -19, 8, 34, 44, 35, 8, -20, -31, -19, 3, 25, 36, 32, 17, -2, -20, -29, -30, -23, -8, 11, 33, 52, 65, 73, 77, 71, 53, 33, 11, -6
mse: 0.5477546133166635
----------------------
pred_str: -37, -43, -42, -34, -22, -15, -12, -12, -14, -18, -23, -24, -22, -18, -10, 2, 14, 26, 37, 44, 48, 51, 51, 45, 30, 6, -13, -36, -55, -65, -65, -51, -30, -7, 18, 37, 54, 64, 68, 69, 62, 47
target_str: -42, -53, -62, -57, -39, -12, 21, 51, 73, 85, 90, 89, 88, 83, 66, 39, 6, -28, -62, -92, -109, -104, -80, -39, 7, 61, 106, 130, 129, 109, 75, 39, 5, -24, -45, -56, -59, -60, -57, -43, -19, 6, 30, 49, 62, 74, 86, 97, 102, 98
mse: 2.9103272185528497
----------------------
pred_str: 81, 105, 118, 107, 85, 60, 36, 10, -10, -30, -43, -54, -60, -63, -62, -58, -52, -44, -35, -26, -18, -12, -3, 6, 16, 30, 45, 60, 76, 88, 91, 84, 69, 48, 23, 1, -17, -33, -47, -57, -62, -63, -57, -49, -40, -29, -18, -8, -2, 4, 13, 24, 37, 51, 68, 82, 91, 86, 72, 53, 30, 3, -15, -30, -41, -49, -57, -61, -60, -55, -46, -34, -22, -13, -5, 0, 4, 12, 22, 34, 48, 66, 86, 103, 113, 107, 94
target_str: 79, 91, 93, 83, 64, 40, 15, -6, -24, -38, -49, -56, -58, -54, -49, -41, -33, -25, -16, -7, 6, 29, 61, 94, 118, 130, 127, 109, 80, 45, 12, -15, -38, -55, -66, -71, -70, -62, -52, -43, -34, -28, -22, -17, -9, 8, 40, 76, 108, 127
mse: 0.9725399365195151
----------------------
pred_str: 23, 24, 25, 28, 30, 33, 35, 36, 34, 33, 31, 30, 27, 23, 27, 36, 43, 47, 45, 38, 34, 25, 11, -66, -48
target_str: 23, 36, 65, 76, 68, 45, 27, 13, -47, -57, -43, -75, -76, -78, -66, -61, -64, -72, -85, -94, -100, -94, -74, -51, -36, -71, -72, -7, 18, 42, 11, 5, 17, 36, 51, 45, 42, 53, 67, 79, 76, 65, 37, 0, -49, -92, -51, -56, -92, -97
mse: 1.6579851503268204
----------------------
pred_str: -18, -16, -17, -19, -16, -13, -11, -10, -9, -9, -8, -7, -7, -8, -8, -8, -6, -1, 1, 3, 4, 3, 1, 0, -1
target_str: -20, -21, -28, -41, -50, -59, -70, -77, -78, -75, -73, -66, -64, -71, -79, -84, -75, -50, -28, -24, -19, -13, -15, -26, -33, -38, -50, -52, -53, -58, -60, -56, -51, -40, -24, -8, 10, 10, 0, -2, -19, -50, -99, -144, -198, -233, -234, -216, -190, -155
mse: 2.406470761938913
----------------------
pred_str: -43, -13, 14, 43, 64, 71, 70, 63, 50, 26, -4, -28, -52, -68, -77, -78, -72, -61, -35, -10, 12, 46, 66, 76, 73, 60, 40, 17, -11, -39, -58, -68, -69, -64, -58
target_str: -44, -39, -28, -6, 24, 58, 85, 99, 100, 88, 69, 44, 17, -7, -30, -47, -59, -66, -67, -67, -61, -54, -36, -6, 28, 60, 77, 82, 74, 59, 38, 12, -11, -32, -47, -60, -68, -71, -71, -69, -62, -50, -30, 2, 43, 81, 109, 123, 121, 107
mse: 1.3610438091811432
----------------------
pred_str: -31, -37, -43, -46, -46, -44, -35, -20, -7, 1, 16, 26, 36, 39, 38, 32, 23, 12, 2, -2, -10, -18, -26, -32, -38, -44, -47, -47
target_str: -29, -29, -29, -26, -24, -21, -16, -7, 2, 12, 18, 20, 19, 14, 7, 0, -8, -16, -22, -27, -32, -37, -40, -40, -38, -33, -25, -17, -8, -1, 2, 4, 5, 6, 8, 11, 15, 18, 19, 19, 16, 11, 5, 0, -7, -13, -18, -21, -22, -22
mse: 0.0963205420032225
----------------------
pred_str: -27, -44, -54, -55, -50, -43, -33, -25, -18, -14, -10, -7, -5, -4, -4, -5, -7, -10, -14, -20, -25, -29, -37, -43, -54, -61, -68, -70, -70, -61, -43, -14, 18, 47, 76, 94, 94, 75, 51, 25, -1, -27, -44, -54, -56, -50, -41, -30, -18
target_str: -24, -36, -40, -39, -32, -23, -15, -12, -12, -13, -16, -28, -33, -47, -59, -70, -74, -77, -74, -64, -43, -14, 21, 59, 88, 99, 99, 82, 57, 25, -7, -35, -60, -69, -74, -75, -69, -66, -64, -65, -70, -83, -95, -115, -134, -153, -167, -174, -170, -164
mse: 2.7153654700308145
----------------------
pred_str: -26, -14, 14, 47, 57, 59, 52, 38, 19, 5, -11, -22, -26, -27, -25, -22, -18, -12, -3, -1, -3, -11, -21, -27, -27, -18, -6, 12, 42, 54, 50, 36, 17, 4, -10, -22, -30, -33, -34, -34, -29, -24, -18, -13, -9, -8, -9, -8, -10, -9, -8, -4, 1, 14, 27, 36, 33, 22, 9, -3, -17, -27, -34, -38, -38, -34, -28, -22, -17, -12, -6, -2, 0, 3, 10, 18, 21, 14, 5, -10, -27, -39, -45, -46, -44, -38, -33, -27, -22, -19, -14, -11, -11, -10
target_str: -31, -30, -29, -20, -4, 17, 36, 47, 52, 51, 47, 38, 25, 7, -11, -24, -33, -36, -34, -31, -29, -28, -29, -29, -28, -19, 0, 27, 55, 76, 83, 81, 74, 63, 47, 25, 0, -23, -42, -52, -56, -53, -46, -37, -31, -27, -25, -16, 1, 24
mse: 0.34468350359629524
----------------------
pred_str: -57, -46, -29, -19, -13, -6, -3, -1, 0, 1, 1, 1, 2, 3, 4, 5, 5, 5, 6, 5, 3, 0, -3, -15, -28, -40, -47, -46, -40, -31, -22, -13, -6, -1, 1, 4, 8, 11, 14, 19, 23, 24, 24, 22, 19, 14, 8, 2, 0, -11, -23, -35, -48, -58, -75, -78, -65, -51, -34, -21, -14, -10, -7, -5, -2, 0
target_str: -72, -57, -30, -27, -13, -1, 6, 11, 17, 24, 28, 28, 23, 21, 10, -9, -35, -82, -101, -104, -101, -91, -72, -47, -28, -15, -9, -6, -3, -5, -18, -32, -38, -51, -65, -65, -61, -59, -44, -38, -26, -3, 10, 15, 23, 32, 33, 28, 24, 19
mse: 0.6664650302831494
----------------------
pred_str: -43, -27, -7, 6, 14, 22, 33, 40, 40, 33, 23, 13, 3, -1, -14, -26, -39, -53, -62, -64, -57, -43, -26, -11, -2, 2, 4, 3, 0, -12, -25, -39, -53, -64, -69, -68, -60, -41
target_str: -44, -30, -15, 0, 16, 31, 45, 56, 63, 65, 60, 50, 35, 17, -5, -35, -67, -89, -97, -91, -77, -60, -41, -23, -8, 2, 8, 11, 11, 11, 9, 4, 0, -2, -7, -24, -48, -68, -75, -67, -45, -14, 14, 35, 47, 49, 45, 36, 26, 16
mse: 0.331790202698226
----------------------
pred_str: -59, -25, 2, 2, 4, 6, 11, 19, 27, 37, 45, 49, 48, 47, 47, 48, 50, 58, 69, 75, 77, 73, 64, 55, 43, 26, 1, -10, -22, -29, -37, -49, -61, -73, -86, -97, -103, -101, -92, -86, -78, -65, -32, 3, 13, 16, 18, 24, 31, 38, 43, 47, 49, 53, 55, 59, 66, 71, 70, 65, 58, 52, 44, 28, 1, -12, -21, -28, -36, -45, -55, -67, -78, -87, -94, -98, -99, -95, -93
target_str: -57, -42, -20, -2, 4, 6, 2, 3, 13, 28, 38, 46, 52, 53, 49, 50, 55, 58, 56, 57, 61, 53, 43, 26, 8, -5, -19, -30, -39, -43, -52, -66, -78, -79, -70, -69, -68, -55, -48, -44, -24, -10, -6, 0, 5, 7, 10, 13, 24, 37
mse: 0.15154328224990482
----------------------
pred_str: 22, 36, 52, 64, 70, 71, 61, 43, 22, 5, -2, -10, -15, -18, -20, -20, -18, -16, -13, -10, -6, -2, 4, 12, 20, 29, 36, 38, 35, 30, 21, 10, 1, -3, -7, -9, -9, -7, -6, -7, -8, -9, -10, -9, -6, -1, 1, 7, 14, 22, 31, 36, 35, 31, 25, 19, 13, 6, 2, -2, -6, -9, -10, -9, -7, -7, -8, -9, -10, -10, -8, -4, 2, 11, 21, 33, 43, 47, 49, 48, 41, 30, 16, 4, -2, -6, -9, -10, -10, -9, -8, -8, -9, -11, -12, -12, -10, -4
target_str: 26, 37, 44, 41, 35, 21, 7, -8, -20, -31, -40, -45, -44, -40, -29, -15, 0, 12, 20, 27, 36, 44, 50, 51, 45, 35, 25, 14, 4, -4, -12, -19, -25, -28, -25, -19, -15, -10, -7, -7, -7, -7, -2, 6, 17, 27, 34, 39, 44, 50
mse: 0.2636676792503584
----------------------
pred_str: 61, 56, 53, 45, 26, 10, -10, -32, -48, -55, -58, -61, -64, -66, -63, -56, -43, -32, -15, 20, 72, 83, 76, 75, 66, 58, 53, 51, 48, 44, 43, 44, 48, 56, 66, 76, 84, 82, 71, 59, 50, 39, 20, 11, -1, 27, 57, 70, 64, 65, 58, 53, 47
target_str: 55, 60, 51, 28, 10, -12, -31, -46, -56, -60, -62, -64, -65, -58, -45, -32, -15, 17, 45, 63, 60, 54, 53, 50, 50, 49, 47, 42, 43, 51, 57, 67, 69, 66, 56, 37, 29, 17, 1, -16, -31, -39, -43, -45, -43, -41, -45, -53, -57, -51
mse: 0.742431140501587
----------------------
pred_str: 17, 10, 8, 10, 11, 12, 13, 13, 12, 10, 7, 4, 2, 1, 2, 6, 13, 26, 54, 97, 98, 74, 50, 36, 27, 20, 13, 8, 4, 0, -6, -13, -19, -19, -15, -10, -5, 2, 13, 30, 59, 85, 78, 52, 37, 27, 21, 17, 16, 16, 15, 13, 10, 6, 2, 1, 2, 6, 14, 29, 55, 98, 96, 70, 45, 32, 25, 20, 14, 9, 5, 2, -4, -11, -17, -17, -14, -11, -8, -3, 3, 12, 26, 47, 78, 83, 65, 47, 35, 28
target_str: 19, 17, 17, 15, 12, 9, 6, 6, 5, 5, 7, 14, 29, 56, 91, 87, 60, 44, 35, 28, 21, 14, 6, -2, -11, -18, -20, -19, -14, -9, 0, 15, 51, 93, 97, 72, 45, 30, 20, 17, 17, 17, 16, 13, 9, 6, 5, 7, 11, 19
mse: 0.640153361934601
----------------------
pred_str: 58, 36, 13, -11, -38, -52, -48, -52, -47, -33, -17, -13, -19, -29, -36, -34, -18, -2, -12, -33, -36, -12, 0, 5, -2, -3, -6, -4, -6, -6, -5, -3, -1, -2, -2, -1, -1, -1, -2, -3, -2, -1, -1, -1, -1, -1, -1, -1, -1, -1, -1, -1, -2, -3, -3, -4, -3, -3, -4, -3, -3, -4, -3, -3, -4, -5, -4, -4, -5, -6, -4, -2, -2, -1, -1, -2, -1, -2, -2, -2, -2, -3, -3, -4, -3, -2, -2, -3, -4, -5, -5, -5, -4, -4, -4, -3, -4, -5, -5, -5, -5, -6, -5, -4, -4, -3, -3, -3, -3, -3, -3, -4, -4, -4, -4, -4, -5, -4, -3, -2, -2, -2, -2, -2, -2, -2, -2, -2, -2, -2, -2, -2, -2, -3, -2, -2, -2, -2, -2, -2, -3, -3, -3, -3, -3, -3, -3, -3, -3, -3, -3, -3, -3, -3, -3, -3, -3, -3, -3, -3, -3, -3, -3, -3,
target_str: 46, 38, 16, -47, -38, -8, -35, -32, -34, -37, -37, -40, -51, -61, -68, -70, -63, -50, -41, -24, -46, -32, 18, 28, 24, -7, -7, 0, 14, 28, 28, 23, 22, 27, 37, 44, 45, 31, 16, -21, -46, -13, -28, -39, -29, -25, -22, -17, -23, -39
mse: 0.24124539277151416
----------------------
pred_str: 44, 55, 53, 66, 72, 60, 51, 44, 40, 36, 32, 31, 28, 24, 20, 15, 8, 0, -10, -17, -20, -19, -13, -9, -6, -2, -1, 1, 11, 16, 16, 18, 25, 32, 38, 42, 53, 56, 53, 47, 42, 34, 26, 21, 19, 18, 17, 21, 43, 77, 95, 99, 91, 77, 61, 42, 27, 8, -15, -26, -32, -30, -21, -12, -5, -2, 0, 1, 5, 11, 14, 17, 22, 26, 27, 30, 34, 35, 35, 35, 32, 29, 26, 22, 21, 20, 21
target_str: 49, 52, 42, 39, 48, 56, 54, 46, 39, 34, 28, 23, 20, 16, 12, 10, 17, 44, 78, 92, 98, 87, 76, 57, 37, 17, 0, -13, -22, -23, -19, -13, -9, -6, -4, 15, 46, 55, 47, 37, 39, 41, 34, 28, 24, 21, 17, 14, 12, 12
mse: 0.510753627129545
----------------------
pred_str: -31, -34, -36, -36, -32, -27, -21, -17, -16, -17, -19, -23, -29, -36, -43, -53, -64, -69, -70, -64, -56, -44, -31, -18, 2, 31, 94, 76, 61, 58, 54, 50, 46, 43, 43, 41, 42, 44, 47, 50, 55, 65, 78, 92, 94, 89, 76, 65, 54, 45, 38, 30, 18, 0, -11, -23, -36, -46, -49, -49, -44, -36, -25, -16, -11, 12, 53, 79, 98, 96, 86, 75, 66, 58, 51, 48, 45, 43, 40, 37, 36, 36, 37
target_str: -31, -34, -34, -30, -25, -22, -21, -13, 20, 67, 46, 40, 42, 28, 24, 23, 25, 28, 30, 29, 28, 29, 32, 36, 45, 61, 80, 102, 108, 100, 89, 71, 59, 44, 30, 15, 3, -8, -18, -25, -31, -34, -36, -37, -34, -31, -31, -29, -14, 14
mse: 1.4206939624561719
----------------------
