pred_str: -4, -12, -25, -35, -38, -44, -46, -48, -46, -42, -35
target_str: -8, 15, 40, 62, 75, 78, 75, 64, 52, 41
mse: 13186.636091076338
----------------------
pred_str: -4, -4, -10, -15, -19, -22, -24, -28, -30, -33
target_str: -56, -55, -48, -41, -39, -34, -37, 1, 74, 39
mse: 3843.063620569314
----------------------
pred_str: -2,  -2,  -1,  -1,  -2,  -2,  -2,  -2,  -2,  -2,  -2
target_str: -57, -42, -20, -2, 4, 6, 2, 3, 13, 28
mse: 962.0351823299537
----------------------
pred_str: 4, 12, 36, 58, 75, 87, 83, 73, 58, 34
target_str: -52, -53, -51, -51, -51, -50, -51, -45, -29, -10
mse: 15822.270939708105
----------------------
pred_str: 10, 18, 24, 30, 35, 40, 44, 47, 49, 49, 50, 50, 51, 51, 51, 52, 52, 52, 52, 52, 52, 52, 53, 53, 53, 53, 53, 53, 53, 53, 53, 53, 53, 53, 53, 53, 53, 53, 53, 53, 53, 53, 53, 53, 53, 53, 53, 53, 53, 53, 53, 53, 53, 53, 53, 53, 53, 53, 53, 53, 53, 53, 53, 53, 53, 53, 53, 53, 53, 53, 53, 53, 53, 53, 53, 53, 53, 53, 53, 53, 53, 53, 53, 53, 53, 53, 53, 53, 53, 53, 53, 53, 53, 53, 53, 53, 53, 53, 53, 53, 53, 53, 53, 53, 53, 53, 53, 53, 53, 53, 53, 53, 53, 53, 53, 53, 53, 53, 53, 53, 53, 53, 53, 53, 53, 53, 53, 53, 
target_str: 9, 3, 2, 4, 5, 5, 5, 6, 8, 12
mse: 1502.0549312469757
----------------------
pred_str: 45, 28, 2, -10, -18, -29, -34, -38, -37, -28, -20, -10, -3, 1, 15, 36, 53, 69, 79, 66, 53, 31, 11, 2, -10, -13, -22, -28, -27, -22, -15, -8, 0, 4, 15, 31, 47, 58, 65, 60, 47, 24, 7, 11, 21, 32, 46, 56, 63, 63, 50, 30, 13, 1, -3, -5, -6, -3, -1, -1, -3, -2, -3, -2, -1, 0, 1, 1, 2, 3, 4, 5, 5, 5, 5, 5, 5, 5, 5, 5, 5, 5, 5, 5, 5, 5, 5, 5, 5, 5, 5, 5, 5, 5, 5, 5, 5, 5, 5, 5, 5, 5, 5, 5, 5, 5, 5, 5, 5, 5, 5, 5, 5, 5, 5, 5, 5, 5, 5, 5, 5, 5, 5, 5, 5, 5, 5, 5, 5, 5, 5, 5, 5, 5, 5, 5, 5, 5, 5, 5, 5, 5, 5, 5, 5, 5, 5, 5, 5, 5, 5, 5, 5, 5, 5, 5,
target_str: 13, 33, 42, 40, 28, 15, 4, -3, -10, -11
mse: 1982.8417447414752
----------------------
pred_str: 12, 23, 25, 29, 30, 32, 35, 40, 43, 45, 47, 50
target_str: -45, -38, -25, -6, 7, 55, 94, 96, 96, 90
mse: 3569.9767105044366
----------------------
pred_str: -1, -25, -43, -61, -73, -79, -78, -71, -60, -48
target_str: -11, 18, 43, 63, 75, 77, 57, 39, 38, 23
mse: 17836.190744073865
----------------------
pred_str: -2, -2, -1, -1, -1, -1, -2, -2, -2, -2, -2
target_str: -22, -42, -67, -104, -94, -65, -52, -45, -37, -23
mse: 5496.354851869119
----------------------
pred_str: -1, 11, 28, 56, 82, 97, 100, 86, 67, 38
target_str: 68, 55, 48, 37, 24, 13, 5, 0, -7, -14
mse: 6535.469776138511
----------------------
pred_str: 40, 13, 18, 19, 18, 22, 20, 21, 22, 23, 24, 25, 25, 25, 26, 26, 27, 28, 28, 29, 30, 31, 32, 33, 33, 34, 34, 34, 35, 35, 36, 36, 36, 37, 37, 37, 37, 37, 38, 38, 38, 39, 39, 39, 40, 40, 40, 40, 40, 40, 41, 41, 41, 41, 41, 41, 41, 42, 42, 42, 42, 42, 43, 43, 43, 43, 43, 43, 44, 44, 44, 44, 44, 44, 44, 45, 45, 45, 45, 45, 45, 45, 45, 46, 46, 46, 46, 46, 46, 46, 47, 47, 47, 47, 47, 47, 48, 48, 48, 48, 48, 48, 49, 49, 49, 49, 49, 49, 49, 49, 49, 49, 50, 50, 50, 50, 50, 50, 50, 50, 50, 50, 50, 51, 51, 51, 51, 51, 
target_str: 38, 29, 20, 13, 4, -3, -12, -19, -24, -25
mse: 1256.199786298428
----------------------
pred_str: -11, -13, -14, -15, -16, -17, -18, -19, -20, -21, -22
target_str: 79, 91, 93, 83, 64, 40, 15, -6, -24, -38
mse: 7874.287968467834
----------------------
pred_str: -10, -41, -67, -84, -102, -120, -138, -156, -174, -192
target_str: -44, -30, -15, 0, 16, 31, 45, 56, 63, 65
mse: 38218.782304194916
----------------------
pred_str: -16, -21, -19, -16, -12, -5, -1, 1, 3, 7
target_str: 5, 3, 2, 10, 31, 73, 101, 83, 46, 22
mse: 4503.087758134562
----------------------
pred_str: 50, 36, 25, 23, 22, 21, 20, 19, 18, 17
target_str: 19, 14, 8, 3, 0, -3, -4, -3, -1, 1
mse: 749.4120219301462
----------------------
pred_str: 39, 38, 33, 27, 21, 16, 10, 5, 1, -12
target_str: -47, -55, -61, -69, -74, -79, -87, -91, -92, -87
mse: 13084.478508945027
----------------------
pred_str: 95, 82, 76, 68, 60, 50, 40, 29, 13,  -1
target_str: 34, 9, -15, -36, -53, -57, -54, -43, -29, -15
mse: 10514.999925850103
----------------------
pred_str: 10, 15, 20, 25, 29, 33, 38, 40, 42, 44, 45
target_str: 10, 13, 15, 17, 21, 29, 49, 73, 83, 70
mse: 575.4056583902169
----------------------
pred_str: 22, 34, 46, 47, 51, 56, 60, 66, 73, 79, 85, 92, 99, 107, 116, 127, 138, 149, 160, 172, 184, 197, 211, 229, 250, 270, 292, 316, 340, 364, 390, 418, 450, 488, 520, 555, 592, 629, 666, 703, 738, 772, 806, 839, 871, 8999, 929, 960, 987, 1010, 1033, 1053, 1073, 1092, 11111, 1130, 1148, 1166, 1183, 1200, 1217, 1234, 1251, 1267, 1282, 1297, 1312, 1327, 1342, 1356, 1371, 1385, 1399, 1409, 1426, 1442, 1457, 1471, 1485, 1499, 1502, 1515, 1527, 1540, 1552, 1563, 1574, 1585, 1594, 1604, 1613, 16222, 1631, 1639, 1646, 1
target_str: 8, 6, 7, 7, 5, 1, -5, -5, -2, 0
mse: 4673.093975386217
----------------------
pred_str: 16, 31, 44, 50, 54, 56, 53, 52, 47, 41, 34
target_str: -42, -53, -62, -57, -39, -12, 21, 51, 73, 85
mse: 7694.896792616766
----------------------
pred_str: 99, 87, 80, 63, 49, 39, 26, 14, 4, 0
target_str: 46, 38, 16, -47, -38, -8, -35, -32, -34, -37
mse: 6128.5318171967665
----------------------
pred_str: 2, 10, 14, 16, 18, 20, 21, 22, 22, 22, 23, 23, 23, 23, 24, 24, 24, 24, 24, 24, 24, 24, 24, 24, 24, 24, 24, 24, 24, 24, 24, 24, 24, 24, 24, 24, 24, 24, 24, 24, 24, 24, 24, 24, 24, 24, 24, 24, 24, 24, 24, 24, 24, 24, 24, 24, 24, 24, 24, 24, 24, 24, 24, 24, 24, 24, 24, 24, 24, 24, 24, 24, 24, 24, 24, 24, 24, 24, 24, 24, 24, 24, 24, 24, 24, 24, 24, 24, 24, 24, 24, 24, 24, 24, 24, 24, 24, 24, 24, 24, 24, 24, 24, 24, 24, 24, 24, 24, 24, 24, 24, 24, 24, 24, 24, 24, 24, 24, 24, 24, 24, 24, 24, 24, 24, 24, 24, 24, 2
target_str: -31, -34, -34, -30, -25, -22, -21, -13, 20, 67
mse: 2473.321220396024
----------------------
pred_str: 65, 72, 78, 82, 84, 83, 77, 66, 56, 43
target_str: 55, 60, 51, 28, 10, -12, -31, -46, -56, -60
mse: 10115.908407704588
----------------------
pred_str: 19, 22, 30, 32, 35, 39, 40, 43, 47, 50, 53, 57, 60, 62, 63, 64, 64, 65, 65, 65, 64, 63, 61, 59, 56, 51, 44, 35, 26, 17, 8, 0, -1, -10, -21, -34, -42, -50, -59, -65, -70, -73, -74, -73, -71, -69, -67, -64, -60, -54, -45, -35, -24, -13, -6, 2, 13, 23, 31, 39, 44, 47, 50, 52, 53, 54, 55, 55, 54, 53, 50, 45, 39, 32, 24, 13, 2, 0, -1, -10, -19, -29, -36, -42, -47, -51, -53, -54, -54, -53, -51, -49, -45, -39, -32, -25, -15, -6, 1, 12, 22, 32, 40, 48, 54, 58, 60, 61, 62, 62, 61, 60, 57, 52, 45, 37, 28, 19, 8, 0, -1, -10, -19, -29, -36, -42, -47, -51, -53, -54, -54, -5
target_str: 19, 17, 17, 20, 23, 31, 36, 42, 46, 51
mse: 86.92625587980551
----------------------
pred_str: 51, 47, 43, 40, 35, 33, 30, 29, 28, 28, 27, 27, 27, 26, 26, 26, 26, 27, 27, 28, 28, 28, 28, 28, 29, 30, 30, 31, 32, 33, 35, 37, 38, 40, 42, 45, 48, 50, 52, 54, 56, 58, 60, 62, 64, 66, 67, 67, 67, 68, 68, 68, 69, 69, 69, 70, 71, 72, 74, 76, 79, 81, 84, 87, 90, 92, 96, 99, 100, 99, 98, 97, 96, 96, 96, 96, 96, 96, 97, 97, 97, 97, 97, 97, 98, 98, 98, 98, 98, 98, 99, 99, 99, 100, 100, 100, 101, 101, 101, 102, 103, 103, 104, 105, 106, 107, 108, 109, 110, 111, 111, 112, 113, 114, 115, 116, 117, 117, 118, 119, 120,
target_str: 41, 42, 46, 50, 58, 70, 73, 74, 75, 72
mse: 1561.749422010453
----------------------
