pred_str: -4, -1, 0, 0, -1, -2, -3, -4, -4, -3, -2, -1, -1, -1, -1, -1, -1, -1, -1, -1
target_str: -75, -43, -32, -35, -32, -22, -10, -2, 1, 2, 0, -1, -3, -3, -13, -40, -58, -89, -73, -40, -33, -20, -22, -21, -17
mse: 5293.946341375842
----------------------
pred_str: 81, 82, 82, 83, 83, 83, 82, 82, 82, 82, 82, 81, 82, 82, 82, 82, 82, 81, 80, 80, 80, 80, 79, 79
target_str: 80, 81, 82, 79, 77, 77, 78, 78, 76, 79, 86, 91, 88, 80, 74, 73, 75, 74, 77, 85, 103, 107, 90, 79, 75
mse: 1234.9726340600657
----------------------
pred_str: 19, 19, 17, 15, 14, 15, 15, 15, 14, 13, 11, 11, 12, 14, 16, 18, 19, 19, 18, 17, 16, 14, 12, 11, 9, 8, 7, 6, 6, 5, 6, 6, 5, 5
target_str: 27, 19, 10, 0, -10, -19, -23, -23, -19, -12, -5, 4, 24, 62, 96, 93, 66, 42, 26, 19, 17, 17, 15, 12, 9
mse: 3942.68748874831
----------------------
pred_str: 37, 42, 46, 48, 45, 43, 38, 34, 29, 24, 18, 9, -3, -19, -34, -46, -53, -56, -55, -47, -37, -26, -14, -2, 2, 7, 12, 17, 19, 18, 15, 10, 6, 1, -7, -24
target_str: -5, -6, -11, -15, -19, -21, -18, -15, -13, -12, -7, -5, -3, -1, -1, 0, 3, 11, 21, 36, 50, 61, 68, 66, 55
mse: 13319.319531728826
----------------------
pred_str: 30, 33, 31, 29, 28, 27, 25, 23, 22, 21, 21, 20, 19, 18, 18, 17, 16, 15, 15, 15, 14, 14, 14, 14, 14, 14, 14, 14, 14
target_str: 37, 42, 49, 59, 68, 72, 74, 72, 68, 65, 59, 51, 43, 35, 28, 22, 13, 2, -15, -37, -59, -75, -84, -84, -78
mse: 10058.433084246186
----------------------
pred_str: 45, 50, 45, 43, 34, 21, 10, 2, -11, -21, -26, -27, -26, -21, -12, -5, 0, 4, 11, 20, 26, 28, 26, 19, 11, 2, -1, -11, -18, -22, -25, -26, -22, -17
target_str: -97, -92, -83, -70, -53, -31, -11, 4, 15, 20, 20, 18, 14, 13, 13, 15, 17, 19, 18, 18, 15, 10, 5, 2, 0
mse: 14997.186744047942
----------------------
pred_str: 42, 44, 40, 28, 8, -7, -16, -23, -26, -26, -24, -21, -15, -3, 13, 25, 32, 31, 24, 13, 0, -13, -23, -31, -37, -40, -42, -43, -40, -33
target_str: -5, -2, -5, -11, -14, -10, 2, 18, 35, 46, 49, 44, 33, 18, 3, -11, -24, -31, -35, -34, -31, -27, -23, -19, -17
mse: 7688.532942714823
----------------------
pred_str: 39, 37, 37, 36, 37, 38, 39, 40, 40, 39, 36, 30, 22, 17, 13, 9, 2, -3, -14, -24, -30, -31, -32, -30, -28, -28, -28, -26, -24, -22, -21
target_str: -29, -33, -26, -12, 4, 19, 27, 28, 22, 13, 3, -4, -9, -17, -30, -35, -33, -30, -26, -22, -19, -17, -14, -9, -4
mse: 4944.113220154724
----------------------
pred_str: 43, 45, 47, 48, 49, 48, 49, 48, 49, 47, 45, 41, 37, 31, 21, 11, 2, -18, -31, -39, -45, -50, -55, -60, -64, -66, -62
target_str: 16, 23, 29, 34, 43, 42, 41, 38, 36, 40, 52, 66, 76, 84, 80, 82, 66, 50, 32, 14, -2, -16, -22, -29, -36
mse: 6017.3245781069745
----------------------
pred_str: -35, -23, -12, -2, 7, 17, 27, 35, 40, 39, 34, 23, 11, 2, -15, -28, -39, -48, -52, -55, -55, -54, -52, -47, -38, -27, -16, -6, 0, 12, 24
target_str: -24, -18, -10, -1, 6, 14, 20, 28, 40, 55, 68, 75, 75, 70, 60, 46, 27, 8, -6, -18, -24, -27, -28, -26, -23
mse: 6188.668098482221
----------------------
pred_str: 26, 48, 72, 88, 76, 49, 31, 20, 13, 10, 9, 9, 10, 13, 18, 28, 47, 74, 91, 76, 48, 30, 19, 13, 9, 5, 1, -2, -4, -5, -3, 2, 17, 34, 59, 86, 84, 55
target_str: 2, 0, -3, -4, -3, 0, 9, 25, 45, 68, 83, 74, 56, 39, 27, 19, 14, 11, 9, 9, 11, 11, 11, 11, 18
mse: 9957.900724898056
----------------------
pred_str: 41, 38, 35, 31, 26, 21, 16, 10, 7, 9, 15, 22, 29, 35, 37, 37, 35, 30, 23, 16, 9, 6, 8, 15, 22, 28, 34, 37, 37, 34
target_str: -32, -14, 5, 23, 37, 47, 57, 66, 74, 78, 75, 61, 40, 14, -13, -36, -45, -36, -18, 1, 17, 27, 30, 27, 23
mse: 8310.404354579105
----------------------
pred_str: 50, 55, 50, 45, 30, 14, -3, -18, -26, -32, -39, -47, -54, -58, -56, -51, -45, -42, -36, -26, -13, 53, 55, 35, 31, 10, 5
target_str: -43, -5, 78, 53, 30, 26, 10, 29, 44, 47, 45, 40, 40, 49, 64, 87, 105, 112, 118, 83, 76, 66, 44, 15, -19
mse: 30539.424534900932
----------------------
pred_str: 34, 31, 30, 26, 23, 20, 15, 13, 11, 11, 10, 9, 11, 17, 29, 47, 70, 91, 75, 55, 41, 30, 21, 14, 9, 5, 1, -3, -8, -11, -12, -11, -9, -4
target_str: 73, 103, 86, 61, 50, 39, 28, 17, 8, 1, -5, -11, -16, -19, -19, -13, -4, 6, 22, 48, 81, 101, 90, 69, 51
mse: 8567.82566244144
----------------------
pred_str: 43, 46, 45, 45, 45, 45, 46, 46, 46, 45, 45, 46, 46, 46, 46, 46, 45, 45, 44, 42, 39, 35, 27, 22, 19, 19, 17, 18
target_str: 58, 58, 63, 65, 68, 74, 80, 87, 92, 92, 91, 89, 84, 77, 61, 60, 49, 41, 45, 43, 38, 33, 28, 25, 23
mse: 2676.6943690089356
----------------------
pred_str: 30, 27, 26, 28, 31, 35, 38, 41, 42, 43, 41, 38, 35, 33, 32, 32, 33, 34, 35, 35, 35, 34, 34, 34
target_str: 48, 55, 60, 60, 54, 46, 36, 25, 17, 10, 8, 9, 13, 18, 21, 23, 24, 27, 31, 33, 33, 31, 27, 24, 23
mse: 1558.1703644361219
----------------------
pred_str: 38, 36, 33, 31, 28, 21, 13, 6, 2, -4, -5, -6, -6, -7, -7, -7, -6, -5, -4, -3, -1, 0, 3, 7, 11, 16, 18, 20, 22, 24, 27, 30, 33, 34, 32, 26, 17, 6
target_str: 20, 27, 36, 44, 50, 51, 45, 35, 25, 14, 4, -4, -12, -19, -25, -28, -25, -19, -15, -10, -7, -7, -7, -7, -2
mse: 1135.5771511504445
----------------------
pred_str: 27, 16, 1, -15, -25, -31, -36, -48, -61, -71, -72, -60, -39, -22, -6, 17, 37, 49, 46, 38, 29, 20, 12, 7, 6, 3, -6, -21, -38, -51
target_str: -17, -4, 4, 8, 9, 8, 7, 6, 6, 7, 5, -2, -24, -49, -70, -80, -83, -80, -73, -58, -35, -11, 10, 28, 44
mse: 17216.369552017
----------------------
pred_str: -26, -12, 0, 5, 9, 15, 20, 20, 17, 12, 5, -3, -23, -47, -67, -82, -85, -81, -62, -42, -26, -13, -5, 2, 6, 11, 15, 17, 17, 15, 11, 7, 0, -15, -35
target_str: -29, -16, -9, -4, 0, 3, -2, -16, -26, -39, -52, -59, -59, -69, -54, -29, -26, -13, -1, 6, 10, 16, 23, 27, 26
mse: 5824.2179944802765
----------------------
pred_str: 59, 60, 62, 62, 65, 67, 72, 75, 75, 68, 60, 51, 40, 30, 21, 16, 13, 12, 14, 20, 28, 35, 42, 46, 47, 50, 55, 60, 55, 49
target_str: 66, 58, 51, 37, 18, 0, -12, -20, -28, -39, -50, -57, -65, -75, -86, -86, -79, -80, -71, -57, -42, -20, -2, 4, 6
mse: 25448.329432339007
----------------------
pred_str: 52, 49, 44, 34, 21, 8, 0, -14, -26, -32, -32, -26, -19, -13, -4, -2, -2, -2, -1, -1, -1, -2, -3, -4, -6, -12, -20, -28, -34, -38, -42, -44, -45
target_str: 43, 29, 14, -1, -13, -21, -23, -22, -18, -13, -9, -7, -7, -7, -9, -16, -19, -27, -34, -40, -42, -44, -42, -36, -24
mse: 2720.3829064316287
----------------------
pred_str: 64, 64, 60, 62, 65, 69, 73, 71, 68, 64, 63, 60, 60, 58, 56, 58, 62, 68, 75, 82, 80, 77, 71, 62, 57
target_str: 76, 76, 67, 63, 69, 76, 74, 67, 60, 56, 55, 55, 55, 59, 66, 78, 81, 89, 90, 75, 61, 49, 42, 34, 28
mse: 950.1038807537327
----------------------
pred_str: -33, -27, -19, 0, 26, 53, 71, 75, 70, 50, 26, 7, -14, -23, -30, -32, -32, -27, -20, -9, 9, 37, 65, 79, 80, 71, 56, 35, 12
target_str: 52, 40, 22, 2, -18, -38, -55, -68, -76, -79, -76, -68, -50, -23, 8, 38, 61, 70, 67, 58, 44, 28, 13, 1, -9
mse: 27560.80826600803
----------------------
pred_str: 28, 30, 32, 30, 23, 17, 13, 11, 11, 12, 14, 17, 19, 19, 18, 17, 16, 16, 17, 17, 18, 18, 18, 18, 19, 19, 19, 19, 19, 19, 20, 20
target_str: -18, -22, -24, -24, -22, -18, -11, 0, 17, 34, 50, 58, 57, 48, 34, 19, 5, -5, -13, -15, -16, -13, -8, -4, -2
mse: 4395.65154403415
----------------------
pred_str: 70, 59, 44, 30, 21, 15, 12, 11, 11, 13, 17, 28, 42, 58, 69, 65, 54, 39, 23, 10, 3, -10, -21, -31, -38, -44, -51, -54, -56, -58, -60
target_str: -63, -64, -62, -53, -43, -33, -22, -15, -8, 2, 14, 29, 41, 48, 51, 53, 49, 44, 39, 32, 25, 21, 17, 12, 7
mse: 11009.673841438429
----------------------
