pred_str: 5, 7, 11, 14, 17, 19, 19, 19, 19, 20, 20, 20, 20, 20, 20, 20, 20, 20, 20, 20, 20, 20, 20, 20, 20, 20, 20, 20, 20, 20, 20, 20, 20, 20, 20, 20, 20, 20, 20, 20, 20, 20, 20, 20, 20, 20, 20, 20, 20, 20, 20, 20, 20, 20, 20, 20, 20, 20, 20, 20, 20, 20, 20, 20, 20, 20, 20, 20, 20, 20, 20, 20, 20, 20, 20, 20, 20, 20, 20, 20, 20, 20, 20, 20, 20, 20, 20, 20, 20, 20, 20, 20, 20, 20, 20, 20, 20, 20, 20, 20, 20, 20, 20, 20, 20, 20, 20, 20, 20, 20, 20, 20, 20, 20, 20, 20, 20, 20, 20, 20, 20, 20, 20, 20, 20, 20, 20, 20, 20
target_str: -75, -43, -32, -35, -32, -22, -10, -2, 1, 2, 0, -1, -3, -3, -13, -40, -58, -89, -73, -40, -33, -20, -22, -21, -17
mse: 10587.080628152751
----------------------
pred_str: 90, 90, 90, 90, 90, 90, 90, 90, 90, 90, 90, 90, 90, 90, 90, 90, 90, 90, 90, 90, 90, 90, 90, 90, 90, 90, 90, 90, 90, 90, 90, 90, 90, 90, 90, 90, 90, 90, 90, 90, 90, 90, 90, 90, 90, 90, 90, 90, 90, 90, 90, 90, 90, 90, 90, 90, 90, 90, 90, 90, 90, 90, 90, 90, 90, 90, 90, 90, 90, 90, 90, 90, 90, 90, 90, 90, 90, 90, 90, 90, 90, 90, 90, 90, 90, 90, 90, 90, 90, 90, 90, 90, 90, 90, 90, 90, 90, 90, 90, 90, 90, 90, 90, 90, 90, 90, 90, 90, 90, 90, 90, 90, 90, 90, 90, 90, 90, 90, 90, 90, 90, 90, 90, 90, 90, 90, 90, 90, 
target_str: 80, 81, 82, 79, 77, 77, 78, 78, 76, 79, 86, 91, 88, 80, 74, 73, 75, 74, 77, 85, 103, 107, 90, 79, 75
mse: 560.9673169441689
----------------------
pred_str: 17, 17, 17, 17, 17, 17, 17, 17, 17, 17, 17, 17, 17, 17, 17, 17, 17, 17, 17, 17, 17, 17, 17, 17, 17, 17, 17, 17, 17, 17, 17, 17, 17, 17, 17, 17, 17, 17, 17, 17, 17, 17, 17, 17, 17, 17, 17, 17, 17, 17, 17, 17, 17, 17, 17, 17, 17, 17, 17, 17, 17, 17, 17, 17, 17, 17, 17, 17, 17, 17, 17, 17, 17, 17, 17, 17, 17, 17, 17, 17, 17, 17, 17, 17, 17, 17, 17, 17, 17, 17, 17, 17, 17, 17, 17, 17, 17, 17, 17, 17, 17, 17, 17, 17, 17, 17, 17, 17, 17, 17, 17, 17, 17, 17, 17, 17, 17, 17, 17, 17, 17, 17, 17, 17, 17, 17, 17, 17, 
target_str: 27, 19, 10, 0, -10, -19, -23, -23, -19, -12, -5, 4, 24, 62, 96, 93, 66, 42, 26, 19, 17, 17, 15, 12, 9
mse: 4182.406006353867
----------------------
pred_str: -3, -3, -4, -2, 1, 4, 7, 8, 9, 9, 8, 6, 3, 0, -1, -3, -5, -7, -9, -11, -12, -12, -11, -9, -8, -7, -6, -5, -4, -3, -2, -1, -1, -1, -1, -1, -1, -1, -1, -1, -1, -1, -1, -1, -1, -1, -1, -1, -1, -1, -1, -1, -1, -1, -1, -1, -1, -1, -1, -1, -1, -1, -1, -1, -1, -1, -1, -1, -1, -1, -1, -1, -1, -1, -1, -1, -1, -1, -1, -1, -1, -1, -1, -1, -1, -1, -1, -1, -1, -1, -1, -1, -1, -1, -1, -1, -1, -1, -1, -1, -1, -1, -1, -1, -1, -1, -1, -1, -1, -1, -1, -1, -1, -1, -1, -1, -1, -1, -1, -1, -1, -1, -1, -1, -1, -1, -1, -1, -1, -1, -1, -1, -1, -1, -1, -1, -1, -1, -1, -1, -1, -1, -1, -1, -1, -1, -1, -1, -1, -1, -1, -1, -1, -1, -1, -1, -1, -1, -1, -1, -1, -1, -1, -1, -1, -1, -1, -1, -1, -
target_str: -5, -6, -11, -15, -19, -21, -18, -15, -13, -12, -7, -5, -3, -1, -1, 0, 3, 11, 21, 36, 50, 61, 68, 66, 55
mse: 5234.828766573388
----------------------
pred_str: 44, 50, 56, 62, 66, 67, 67, 63, 52, 39, 23, 5, -16, -30, -34, -33, -24, -12, 2, 22, 36, 41, 46, 48, 45, 42, 41, 37, 31, 25, 23, 25, 27, 28, 29, 31, 31, 31, 31, 32, 33, 34, 34, 34, 34, 33, 33, 32, 31, 30, 30, 29, 28, 27, 26, 25, 24, 24, 23, 23, 22, 21, 20, 20, 20, 19, 18, 18, 18, 18, 17, 16, 15, 15, 14, 14, 14, 14, 14, 14, 14, 14, 14, 14, 14, 14, 14, 14, 14, 14, 14, 14, 14, 14, 14, 14, 14, 14, 14, 14, 14, 14, 14, 14, 14, 14, 14, 14, 14, 14, 14, 14, 14, 14, 14, 14, 14, 14, 14, 14, 14, 14, 14, 14, 14, 14, 14, 14, 14
target_str: 37, 42, 49, 59, 68, 72, 74, 72, 68, 65, 59, 51, 43, 35, 28, 22, 13, 2, -15, -37, -59, -75, -84, -84, -78
mse: 15675.577155998084
----------------------
pred_str: -10, -14, -12, -6, 0, 4, 6, 4, 3, 2, 2, 2, 2, 2, 3, 3, 2, 2, 2, 2, 2, 2, 2, 2, 2, 2, 2, 2, 2, 2, 2, 2, 2, 2, 2, 2, 2, 2, 2, 2, 2, 2, 2, 2, 2, 2, 2, 2, 2, 2, 2, 2, 2, 2, 2, 2, 2, 2, 2, 2, 2, 2, 2, 2, 2, 2, 2, 2, 2, 2, 2, 2, 2, 2, 2, 2, 2, 2, 2, 2, 2, 2, 2, 2, 2, 2, 2, 2, 2, 2, 2, 2, 2, 2, 2, 2, 2, 2, 2, 2, 2, 2, 2, 2, 2, 2, 2, 2, 2, 2, 2, 2, 2, 2, 2, 2, 2, 2, 2, 2, 2, 2, 2, 2, 2, 2, 2, 2, 2, 2, 2, 2, 2, 2, 2, 2, 2, 2, 2, 2, 2, 2, 2, 2, 2, 2, 2, 2, 2, 2, 2, 2, 2, 2, 2, 2, 2, 2, 2, 2, 2, 2, 2, 2, 2, 2, 2, 2, 2, 2
target_str: -97, -92, -83, -70, -53, -31, -11, 4, 15, 20, 20, 18, 14, 13, 13, 15, 17, 19, 18, 18, 15, 10, 5, 2, 0
mse: 4862.907760261242
----------------------
pred_str: -2, -4, -6, -10, -16, -23, -29, -37, -43, -49, -54, -56, -57, -57, -57, -57, -57, -57, -57, -57, -57, -57, -57, -57, -57, -57, -57, -57, -57, -57, -57, -57, -57, -57, -57, -57, -57, -57, -57, -57, -57, -57, -57, -57, -57, -57, -57, -57, -57, -57, -57, -57, -57, -57, -57, -57, -57, -57, -57, -57, -57, -57, -57, -57, -57, -57, -57, -57, -57, -57, -57, -57, -57, -57, -57, -57, -57, -57, -57, -57, -57, -57, -57, -57, -57, -57, -57, -57, -57, -57, -57, -57, -57, -57, -57, -57, -57, -57, -57, -57, -57, -57, -57, -57, -57, -57, -57, -57, -57, -57, -57, -57, -57, -57, -57, -57, -57, -57, -57, -57, -57, -57, -57, -57, -57, -57, -57, -57, -57
target_str: -5, -2, -5, -11, -14, -10, 2, 18, 35, 46, 49, 44, 33, 18, 3, -11, -24, -31, -35, -34, -31, -27, -23, -19, -17
mse: 11025.590111577552
----------------------
pred_str: 14.1, 14.1, 14.1, 14.1, 14.1, 14.1, 14.1, 14.1, 14.1, 14.1, 14.1, 14.1, 14.1, 14.1, 14.1, 14.1, 14.1, 14.1, 14.1, 14.1, 14.1, 14.1, 14.1, 14.1, 14.1, 14.1, 14.1, 14.1, 14.1, 14.1, 14.1, 14.1, 14.1, 14.1, 14.1, 14.1, 14.1, 14.1, 14.1, 14.1, 14.1, 14.1, 14.1, 14.1, 14.1, 14.1, 14.1, 14.1, 14.1, 14.1, 14.1, 14.1, 14.1, 14.1, 14.1, 14.1, 14.1, 14.1, 14.1, 14.1, 14.1, 14.1, 14.1, 14.1, 14.1, 14.1, 14.1, 14.1, 14.1, 14.1, 14.1, 14.1, 14.1, 14.1, 14.1, 14.1, 14.1, 14.1, 14.1, 14.1, 14.1, 14.1, 14.1, 14.1, 14.1, 14
target_str: -29, -33, -26, -12, 4, 19, 27, 28, 22, 13, 3, -4, -9, -17, -30, -35, -33, -30, -26, -22, -19, -17, -14, -9, -4
mse: 3899.4618224470114
----------------------
pred_str: 20, 23, 26, 30, 33, 38, 42, 46, 46, 49, 51, 54, 59, 64, 70, 73, 72, 64, 48, 33, 19, 5, -5, -22, -34, -45, -57, -65, -71, -73, -70, -62, -52, -37, -17, -1, 10, 16, 21, 22, 21, 21, 24, 29, 34, 36, 37, 39, 40, 42, 42, 41, 40, 40, 40, 40, 39, 39, 38, 38, 38, 38, 38, 38, 38, 38, 38, 38, 38, 38, 38, 38, 38, 38, 38, 38, 38, 38, 38, 38, 38, 38, 38, 38, 38, 38, 38, 38, 38, 38, 38, 38, 38, 38, 38, 38, 38, 38, 38, 38, 38, 38, 38, 38, 38, 38, 38, 38, 38, 38, 38, 38, 38, 38, 38, 38, 38, 38, 38, 38, 38, 38, 38, 38, 38, 38, 38, 38, 38,
target_str: 16, 23, 29, 34, 43, 42, 41, 38, 36, 40, 52, 66, 76, 84, 80, 82, 66, 50, 32, 14, -2, -16, -22, -29, -36
mse: 566.9765209762875
----------------------
pred_str: -25, -12, 3, 13, 26, 40, 51, 61, 69, 77, 84, 88, 85, 76, 65, 55, 46, 39, 34, 30, 29, 29, 30, 32, 35, 39, 45, 49, 53, 58, 59, 56, 51, 45, 37, 29, 23, 18, 12, 7, 1, -3, -13, -22, -30, -35, -36, -34, -30, -25, -20, -14, -11, -11, -10, -10, -10, -10, -10, -10, -10, -10, -10, -10, -10, -10, -10, -10, -10, -10, -10, -10, -10, -10, -10, -10, -10, -10, -10, -10, -10, -10, -10, -10, -10, -10, -10, -10, -10, -10, -10, -10, -10, -10, -10, -10, -10, -10, -10, -10, -10, -10, -10, -10, -10, -10, -10, -10, -10, -10, -10, -10, -10, -10, -10, -10, -10, -10, -10, -10, -10, -10, -10, -10, -10, -10, -10, -10, -10,
target_str: -24, -18, -10, -1, 6, 14, 20, 28, 40, 55, 68, 75, 75, 70, 60, 46, 27, 8, -6, -18, -24, -27, -28, -26, -23
mse: 4349.851664654227
----------------------
pred_str: 4, 5, 6, 6, 7, 7, 7, 7, 8, 8, 8, 9, 9, 9, 9, 9, 10, 10, 10, 11, 12, 12, 12, 11, 11, 10, 10, 10, 10, 10, 10, 10, 10, 10, 10, 10, 10, 10, 10, 10, 10, 10, 10, 10, 10, 10, 10, 10, 10, 10, 10, 10, 10, 10, 10, 10, 10, 10, 10, 10, 10, 10, 10, 10, 10, 10, 10, 10, 10, 10, 10, 10, 10, 10, 10, 10, 10, 10, 10, 10, 10, 10, 10, 10, 10, 10, 10, 10, 10, 10, 10, 10, 10, 10, 10, 10, 10, 10, 10, 10, 10, 10, 10, 10, 10, 10, 10, 10, 10, 10, 10, 10, 10, 10, 10, 10, 10, 10, 10, 10, 10, 10, 10, 10, 10, 10, 10, 10, 10, 10, 10, 10, 
target_str: 2, 0, -3, -4, -3, 0, 9, 25, 45, 68, 83, 74, 56, 39, 27, 19, 14, 11, 9, 9, 11, 11, 11, 11, 18
mse: 3104.159909888221
----------------------
pred_str: -44, -44, -44, -43, -40, -34, -25, -17, -12, -7, -3, -1, 1, 4, 7, 10, 13, 16, 19, 22, 24, 26, 27, 28, 27, 26, 25, 24, 23, 22, 21, 20, 19, 18, 17, 16, 15, 14, 13, 12, 11, 10, 9, 8, 7, 6, 5, 4, 3, 2, 1, 0, -1, -2, -3, -4, -5, -5, -5, -5, -5, -5, -5, -5, -5, -5, -5, -5, -5, -5, -5, -5, -5, -5, -5, -5, -5, -5, -5, -5, -5, -5, -5, -5, -5, -5, -5, -5, -5, -5, -5, -5, -5, -5, -5, -5, -5, -5, -5, -5, -5, -5, -5, -5, -5, -5, -5, -5, -5, -5, -5, -5, -5, -5, -5, -5, -5, -5, -5, -5, -5, -5, -5, -5, -5, -5, -5, -5, -5, -5, -5, -5, -5, -5, -5, -5, -5, -5, -5, -5, -5, -5, -5, -5, -5, -5, -5, -5, -5, -5, -5, -5, -5, -5, -5, -5, -5, -5, -5
target_str: -32, -14, 5, 23, 37, 47, 57, 66, 74, 78, 75, 61, 40, 14, -13, -36, -45, -36, -18, 1, 17, 27, 30, 27, 23
mse: 11457.11592545151
----------------------
pred_str: -50, -45, -41, -37, -35, -30, -24, -18, -14, -10, -6, 4, 14, 20, 26, 32, 39, 46, 56, 68, 83, 95, 99, 92, 77, 68, 63
target_str: -43, -5, 78, 53, 30, 26, 10, 29, 44, 47, 45, 40, 40, 49, 64, 87, 105, 112, 118, 83, 76, 66, 44, 15, -19
mse: 13475.72124748367
----------------------
pred_str: 52, 48, 48, 50, 52, 56, 62, 67, 75, 84, 87, 83, 76, 72, 74, 72, 71, 73, 73, 73, 73, 74, 74, 74, 74, 74, 74, 75, 75, 75, 75, 75, 75, 75, 75, 75, 75, 75, 75, 75, 75, 75, 75, 75, 75, 75, 75, 75, 75, 75, 75, 75, 75, 75, 75, 75, 75, 75, 75, 75, 75, 75, 75, 75, 75, 75, 75, 75, 75, 75, 75, 75, 75, 75, 75, 75, 75, 75, 75, 75, 75, 75, 75, 75, 75, 75, 75, 75, 75, 75, 75, 75, 75, 75, 75, 75, 75, 75, 75, 75, 75, 75, 75, 75, 75, 75, 75, 75, 75, 75, 75, 75, 75, 75, 75, 75, 75, 75, 75, 75, 75, 75, 75, 75, 75, 75, 75, 75, 
target_str: 73, 103, 86, 61, 50, 39, 28, 17, 8, 1, -5, -11, -16, -19, -19, -13, -4, 6, 22, 48, 81, 101, 90, 69, 51
mse: 13840.65858424498
----------------------
pred_str: 77, 82, 85, 85, 81, 73, 62, 55, 50, 50, 50, 50, 50, 51, 53, 53, 53, 52, 51, 50, 50, 50, 50, 50, 51, 52, 53, 55, 57, 60, 62, 63, 65, 66, 67, 67, 69, 69, 71, 72, 73, 74, 75, 75, 75, 75, 76, 76, 77, 77, 78, 79, 80, 81, 81, 81, 82, 82, 83, 84, 84, 84, 85, 86, 86, 86, 87, 87, 87, 87, 88, 88, 88, 88, 89, 89, 89, 90, 90, 90, 91, 91, 91, 91, 91, 91, 92, 92, 92, 92, 92, 92, 93, 93, 93, 93, 93, 94, 94, 94, 94, 94, 94, 94, 94, 94, 94, 94, 94, 94, 94, 94, 94, 94, 94, 94, 94, 94, 94, 94, 94, 94, 94, 94, 94, 94, 94, 94, 
target_str: 58, 58, 63, 65, 68, 74, 80, 87, 92, 92, 91, 89, 84, 77, 61, 60, 49, 41, 45, 43, 38, 33, 28, 25, 23
mse: 2365.0278139377533
----------------------
pred_str: 40, 39, 40, 41, 42, 43, 44, 45, 45, 46, 47, 48, 49, 51, 54, 58, 63, 69, 74, 75, 72, 66, 59, 53, 47
target_str: 48, 55, 60, 60, 54, 46, 36, 25, 17, 10, 8, 9, 13, 18, 21, 23, 24, 27, 31, 33, 33, 31, 27, 24, 23
mse: 3833.5473506514722
----------------------
pred_str: 36, 34, 32, 31, 31, 31, 31, 31, 31, 31, 31, 31, 31, 31, 31, 31, 31, 31, 31, 31, 31, 31, 31, 31, 31, 31, 31, 31, 31, 31, 31, 31, 31, 31, 31, 31, 31, 31, 31, 31, 31, 31, 31, 31, 31, 31, 31, 31, 31, 31, 31, 31, 31, 31, 31, 31, 31, 31, 31, 31, 31, 31, 31, 31, 31, 31, 31, 31, 31, 31, 31, 31, 31, 31, 31, 31, 31, 31, 31, 31, 31, 31, 31, 31, 31, 31, 31, 31, 31, 31, 31, 31, 31, 31, 31, 31, 31, 31, 31, 31, 31, 31, 31, 31, 31, 31, 31, 31, 31, 31, 31, 31, 31, 31, 31, 31, 31, 31, 31, 31, 31, 31, 31, 31, 31, 31, 31, 31, 
target_str: 20, 27, 36, 44, 50, 51, 45, 35, 25, 14, 4, -4, -12, -19, -25, -28, -25, -19, -15, -10, -7, -7, -7, -7, -2
mse: 5035.712978914572
----------------------
pred_str: -14, 0, 13, 18, 20, 21, 23, 23, 14, 4, -18, -39, -60, -74, -76, -74, -66, -56, -41, -23, -1, 20, 37, 50, 57, 53, 39, 29, 19, 12, 11, 5, -1, -27, -56, -78, -87, -82, -63, -39, -15, 3, 20, 27, 28, 27, 25, 23, 22, 20, 18, 16, 15, 13, 13, 11, 11, 10, 10, 9, 9, 8, 8, 8, 8, 8, 8, 8, 8, 8, 8, 8, 8, 8, 8, 8, 8, 8, 8, 8, 8, 8, 8, 8, 8, 8, 8, 8, 8, 8, 8, 8, 8, 8, 8, 8, 8, 8, 8, 8, 8, 8, 8, 8, 8, 8, 8, 8, 8, 8, 8, 8, 8, 8, 8, 8, 8, 8, 8, 8, 8, 8, 8, 8, 8, 8, 8, 8, 8, 8, 8, 8, 8, 8, 8, 8, 8, 8, 8, 8, 8, 8, 8, 8, 8, 8, 8, 8, 8, 8, 8, 8, 8,
target_str: -17, -4, 4, 8, 9, 8, 7, 6, 6, 7, 5, -2, -24, -49, -70, -80, -83, -80, -73, -58, -35, -11, 10, 28, 44
mse: 1886.8900660849351
----------------------
pred_str: -5, -10, -18, -27, -38, -46, -54, -60, -64, -66, -64, -56, -43, -30, -16, -10, 2, 11, 17, 23, 25, 25, 22, 15, 9, 1, -10, -29, -56, -78, -89, -89, -81, -66, -47, -34, -25, -18, -12, -7, 2, 10, 16, 21, 23, 24, 21, 15, 9, 3, -2, -15, -27, -41, -52, -56, -58, -62, -63, -62, -59, -57, -56, -56, -58, -60, -62, -65, -68, -72, -76, -79, -79, -77, -71, -62, -51, -40, -28, -17, -9, -3, 1, 8, 16, 24, 26, 26, 24, 22, 19, 15, 11, 7, 3, -1, -7, -13, -18, -21, -22, -22, -21, -19, -17, -14, -10, -5, 1, 9, 16, 23, 24, 23, 22, 20, 16, 11, 5, -1, -13, -22, -30, -37, -41, -43, -44, -44, -43, -41, -37, -31, -24, -1
target_str: -29, -16, -9, -4, 0, 3, -2, -16, -26, -39, -52, -59, -59, -69, -54, -29, -26, -13, -1, 6, 10, 16, 23, 27, 26
mse: 2976.6673378554565
----------------------
pred_str: 72, 62, 64, 68, 70, 72, 71, 73, 72, 70, 70, 71, 71, 71, 71, 70, 68, 68, 68, 68, 69, 68, 67, 67, 67, 68, 69, 70, 70, 69, 69, 69, 69, 69, 70, 70, 70, 71, 71, 72, 72, 72, 73, 73, 73, 74, 74, 75, 75, 75, 75, 75, 75, 75, 75, 75, 75, 75, 75, 75, 75, 75, 75, 75, 75, 75, 75, 75, 75, 75, 75, 75, 75, 75, 75, 75, 75, 75, 75, 75, 75, 75, 75, 75, 75, 75, 75, 75, 75, 75, 75, 75, 75, 75, 75, 75, 75, 75, 75, 75, 75, 75, 75, 75, 75, 75, 75, 75, 75, 75, 75, 75, 75, 75, 75, 75, 75, 75, 75, 75, 75, 75, 75, 75, 75, 75, 75, 75, 
target_str: 66, 58, 51, 37, 18, 0, -12, -20, -28, -39, -50, -57, -65, -75, -86, -86, -79, -80, -71, -57, -42, -20, -2, 4, 6
mse: 44995.133272379135
----------------------
pred_str: 49, 45, 42, 40, 38, 36, 35, 33, 30, 25, 21, 17, 13, 9, 7, 6, 6, 6, 6, 6, 6, 6, 6, 6, 6, 6, 6, 6, 6, 6, 6, 6, 6, 6, 6, 6, 6, 6, 6, 6, 6, 6, 6, 6, 6, 6, 6, 6, 6, 6, 6, 6, 6, 6, 6, 6, 6, 6, 6, 6, 6, 6, 6, 6, 6, 6, 6, 6, 6, 6, 6, 6, 6, 6, 6, 6, 6, 6, 6, 6, 6, 6, 6, 6, 6, 6, 6, 6, 6, 6, 6, 6, 6, 6, 6, 6, 6, 6, 6, 6, 6, 6, 6, 6, 6, 6, 6, 6, 6, 6, 6, 6, 6, 6, 6, 6, 6, 6, 6, 6, 6, 6, 6, 6, 6, 6, 6, 6, 6, 6, 6, 6, 6, 6, 6, 6, 6, 6, 6, 6, 6, 6, 6, 6, 6, 6, 6, 6, 6, 6, 6, 6, 6, 6, 6, 6, 6, 6, 6, 6, 6, 6, 6, 6, 6, 6, 6
target_str: 43, 29, 14, -1, -13, -21, -23, -22, -18, -13, -9, -7, -7, -7, -9, -16, -19, -27, -34, -40, -42, -44, -42, -36, -24
mse: 5979.645244716399
----------------------
pred_str: 79, 75, 72, 71, 69, 65, 63, 60, 57, 55, 58, 58, 60, 61, 61, 62, 62, 61, 58, 55, 54, 56, 59, 63, 65, 63, 59, 57, 55, 54, 52, 52, 55, 56, 57, 59, 60, 61, 62, 63, 63, 62, 61, 59, 58, 59, 60, 62, 62, 63, 63, 64, 65, 65, 65, 65, 65, 65, 66, 66, 66, 66, 66, 66, 67, 67, 67, 67, 67, 67, 68, 68, 68, 68, 69, 69, 69, 69, 69, 69, 70, 70, 70, 70, 70, 70, 70, 70, 70, 70, 70, 70, 70, 70, 70, 70, 70, 70, 70, 70, 70, 70, 70, 70, 70, 70, 70, 70, 70, 70, 70, 70, 70, 70, 70, 70, 70, 70, 70, 70, 70, 70, 70, 70, 70, 70, 70, 70, 
target_str: 76, 76, 67, 63, 69, 76, 74, 67, 60, 56, 55, 55, 55, 59, 66, 78, 81, 89, 90, 75, 61, 49, 42, 34, 28
mse: 957.2499612243588
----------------------
pred_str: 74, 68, 64, 60, 56, 55, 55, 55, 55, 55, 55, 55, 55, 55, 55, 55, 55, 55, 55, 55, 55, 55, 55, 55, 55, 55, 55, 55, 55, 55, 55, 55, 55, 55, 55, 55, 55, 55, 55, 55, 55, 55, 55, 55, 55, 55, 55, 55, 55, 55, 55, 55, 55, 55, 55, 55, 55, 55, 55, 55, 55, 55, 55, 55, 55, 55, 55, 55, 55, 55, 55, 55, 55, 55, 55, 55, 55, 55, 55, 55, 55, 55, 55, 55, 55, 55, 55, 55, 55, 55, 55, 55, 55, 55, 55, 55, 55, 55, 55, 55, 55, 55, 55, 55, 55, 55, 55, 55, 55, 55, 55, 55, 55, 55, 55, 55, 55, 55, 55, 55, 55, 55, 55, 55, 55, 55, 55, 55, 
target_str: 52, 40, 22, 2, -18, -38, -55, -68, -76, -79, -76, -68, -50, -23, 8, 38, 61, 70, 67, 58, 44, 28, 13, 1, -9
mse: 23517.750828831377
----------------------
pred_str: 100, 100, 100, 100, 100, 100, 100, 100, 100, 100, 100, 100, 100, 100, 100, 100, 100, 100, 100, 100, 100, 100, 100, 100, 100, 100, 100, 100, 100, 100, 100, 100, 100, 100, 100, 100, 100, 100, 100, 100, 100, 100, 100, 100, 100, 100, 100, 100, 100, 100, 100, 100, 100, 100, 100, 100, 100, 100, 100, 100, 100, 100, 100, 100, 100, 100, 100, 100, 100, 100, 100, 100, 100, 100, 100, 100, 100, 100, 100, 100, 100, 100, 100, 100, 100, 100, 100, 100, 100, 100, 100, 100, 100, 100, 100, 100, 100, 100, 100, 100, 100, 100, 10
target_str: -18, -22, -24, -24, -22, -18, -11, 0, 17, 34, 50, 58, 57, 48, 34, 19, 5, -5, -13, -15, -16, -13, -8, -4, -2
mse: 40086.42563273797
----------------------
pred_str: 129.1, 129.1, 129.1, 129.1, 129.1, 129.1, 129.1, 129.1, 129.1, 129.1, 129.1, 129.1, 129.1, 129.1, 129.1, 129.1, 129.1, 129.1, 129.1, 129.1, 129.1, 129.1, 129.1, 129.1, 129.1, 129.1, 129.1, 129.1, 129.1, 129.1, 129.1, 129.1, 129.1, 129.1, 129.1, 129.1, 129.1, 129.1, 129.1, 129.1, 129.1, 129.1, 129.1, 129.1, 129.1, 129.1, 129.1, 129.1, 129.1, 129.1, 129.1, 129.1, 129.1, 129.1, 129.1, 129.1, 129.1, 129.1, 129.1, 129.1, 129.1, 129.1, 129.1, 129.1, 129.1, 129.1, 129.1, 129.1, 129.1, 129.1, 129.1, 129.1, 129.1, 1
target_str: -63, -64, -62, -53, -43, -33, -22, -15, -8, 2, 14, 29, 41, 48, 51, 53, 49, 44, 39, 32, 25, 21, 17, 12, 7
mse: 68654.83936565029
----------------------
