pred_str:  100,100,100,100,100,100,100,100,100,100,100,100,100,100,100,100,100,100,100,100,100,100,100,100,100,100,100,100,100,100,100,100,100,100,100,100,100,100,100,100,100,100,100,100,100,100,100,100,100,100,100,100,100,100,100,100,100,100,100,100,100,100,100,100,100,100,100,100,100,100,100,100,100,100,100,100,100,100,100,100,100,100,100,100,100,100,100,100,100,100,100,100,100,100,100,100,100,100,100,100,100,100,100,100,100,100,100,100,100,100,100,100,100,100,100,100,100,100,100,100,100,100,100,100,100,100,100,10
target_str: -75, -43, -32, -35, -32, -22, -10, -2, 1, 2, 0, -1, -3, -3, -13, -40, -58, -89, -73, -40, -33, -20, -22, -21, -17
mse: 5529.279764147152
----------------------
pred_str: 54, 51, 53, 52, 52, 50, 50, 50, 51, 51, 51, 50, 50, 49, 48, 48, 48, 49, 49, 48, 47, 47, 48, 48, 48, 48, 49, 50, 51, 52, 52, 51, 50, 49, 48, 47, 47, 48, 48, 48, 48, 49, 50, 50, 51, 51, 52, 52, 52, 52, 53, 53, 53, 53, 53, 53, 53, 54, 54, 54, 54, 54, 55, 55, 55, 55, 56, 56, 56, 56, 56, 56, 56, 57, 57, 57, 57, 57, 57, 57, 58, 58, 58, 58, 58, 58, 58, 58, 58, 58, 59, 59, 59, 59, 59, 59, 60, 60, 60, 60, 60, 60, 60, 60, 60, 60, 60, 60, 60, 61, 61, 61, 61, 61, 61, 61, 62, 62, 62, 62, 62, 62, 62, 63, 63, 63, 63, 63, 
target_str: 80, 81, 82, 79, 77, 77, 78, 78, 76, 79, 86, 91, 88, 80, 74, 73, 75, 74, 77, 85, 103, 107, 90, 79, 75
mse: 4512.749817200553
----------------------
pred_str: 10, 14, 10, 10, 9, 10, 10, 9, 10, 9, 9, 9, 8, 8, 8, 8, 8, 8, 8, 8, 8, 8, 8, 8, 8, 8, 8, 8, 8, 8, 8, 8, 8, 8, 8, 8, 8, 8, 8, 8, 8, 8, 8, 8, 8, 8, 8, 8, 8, 8, 8, 8, 8, 8, 8, 8, 8, 8, 8, 8, 8, 8, 8, 8, 8, 8, 8, 8, 8, 8, 8, 8, 8, 8, 8, 8, 8, 8, 8, 8, 8, 8, 8, 8, 8, 8, 8, 8, 8, 8, 8, 8, 8, 8, 8, 8, 8, 8, 8, 8, 8, 8, 8, 8, 8, 8, 8, 8, 8, 8, 8, 8, 8, 8, 8, 8, 8, 8, 8, 8, 8, 8, 8, 8, 8, 8, 8, 8, 8, 8, 8, 8, 8, 8, 8, 8, 8, 8, 8, 8, 8, 8, 8, 8, 8, 8, 8, 8, 8, 8, 8, 8, 8, 8, 8, 8, 8, 8, 8, 8, 8, 8, 8, 8, 8, 8, 8, 8, 
target_str: 27, 19, 10, 0, -10, -19, -23, -23, -19, -12, -5, 4, 24, 62, 96, 93, 66, 42, 26, 19, 17, 17, 15, 12, 9
mse: 4639.430334634381
----------------------
pred_str:  0, 0, 0, 0, 0, 0, 0, 0, 0, 0, 0, 0, 0, 0, 0, 0, 0, 0, 0, 0, 0, 0, 0, 0, 0, 0, 0, 0, 0, 0, 0, 0, 0, 0, 0, 0, 0, 0, 0, 0, 0, 0, 0, 0, 0, 0, 0, 0, 0, 0, 0, 0, 0, 0, 0, 0, 0, 0, 0, 0, 0, 0, 0, 0, 0, 0, 0, 0, 0, 0, 0, 0, 0, 0, 0, 0, 0, 0, 0, 0, 0, 0, 0, 0, 0, 0, 0, 0, 0, 0, 0, 0, 0, 0, 0, 0, 0, 0, 0, 0, 0, 0, 0, 0, 0, 0, 0, 0, 0, 0, 0, 0, 0, 0, 0, 0, 0, 0, 0, 0, 0, 0, 0, 0, 0, 0, 0, 0, 0, 0, 0, 0, 0, 0, 0, 0, 0, 0, 0, 0, 0, 0, 0, 0, 0, 0, 0, 0, 0, 0, 0, 0, 0, 0, 0, 0, 0, 0, 0, 0, 0, 0, 0, 0, 0, 0, 0, 0, 0, 0, 
target_str: -5, -6, -11, -15, -19, -21, -18, -15, -13, -12, -7, -5, -3, -1, -1, 0, 3, 11, 21, 36, 50, 61, 68, 66, 55
mse: 3613.4805543401376
----------------------
pred_str: 29, 36, 26, 25, 22, 21, 19, 19, 18, 18, 17, 17, 17, 17, 17, 16, 16, 15, 15, 15, 15, 15, 14, 14, 14, 13, 13, 12, 12, 12, 12, 11, 11, 11, 11, 11, 10, 10, 10, 10, 10, 9, 9, 9, 9, 9, 9, 9, 9, 8, 8, 8, 8, 8, 8, 8, 8, 8, 8, 8, 8, 8, 8, 8, 8, 8, 8, 8, 8, 8, 8, 8, 8, 8, 8, 8, 8, 8, 8, 8, 8, 8, 8, 8, 8, 8, 8, 8, 8, 8, 8, 8, 8, 8, 8, 8, 8, 8, 8, 8, 8, 8, 8, 8, 8, 8, 8, 8, 8, 8, 8, 8, 8, 8, 8, 8, 8, 8, 8, 8, 8, 8, 8, 8, 8, 8, 8, 8, 8, 8, 8, 8, 8, 8, 8, 8, 8, 8, 8, 8, 8, 8, 8, 8, 8, 8, 8, 8, 8, 8, 8, 8, 8, 8, 8, 8, 8,
target_str: 37, 42, 49, 59, 68, 72, 74, 72, 68, 65, 59, 51, 43, 35, 28, 22, 13, 2, -15, -37, -59, -75, -84, -84, -78
mse: 10743.807165747168
----------------------
pred_str:  13, 26, 37, 45, 52, 58, 60, 60, 55, 45, 33, 18, 4, -6, -15, -19, -20, -18, -16, -13, -6, 0, 8, 16, 19, 17, 11, -2, -19, -38, -55, -67, -70, -64, -51, -37, -20, -2, 14, 28, 38, 42, 43, 39, 32, 27, 22, 15, 9, 0, -8, -20, -27, -30, -28, -23, -17, -11, -6, 0, 11, 26, 37, 45, 52, 58, 60, 60, 55, 45, 33, 18, 4, -6, -15, -19, -20, -18, -16, -13, -6, 0, 8, 16, 19, 17, 11, -2, -19, -38, -55, -67, -70, -64, -51, -37, -20, -2, 14, 28, 38, 42, 43, 39, 32, 27, 22, 15, 9, 0, -8, -20, -27, -30, -28, -23, -17, -11, -6, 0, 11, 26, 37, 45, 52, 58, 60, 60, 55, 45, 33, 18, 4, -6, -
target_str: -97, -92, -83, -70, -53, -31, -11, 4, 15, 20, 20, 18, 14, 13, 13, 15, 17, 19, 18, 18, 15, 10, 5, 2, 0
mse: 14865.309077180927
----------------------
pred_str: 20, 32, 35, 34, 29, 24, 20, 15, 10, 5, 0, -10, -17, -24, -30, -35, -39, -42, -45, -47, -50, -51, -52, -53, -53, -53, -53, -53, -53, -53, -53, -53, -53, -53, -53, -53, -53, -53, -53, -53, -53, -53, -53, -53, -53, -53, -53, -53, -53, -53, -53, -53, -53, -53, -53, -53, -53, -53, -53, -53, -53, -53, -53, -53, -53, -53, -53, -53, -53, -53, -53, -53, -53, -53, -53, -53, -53, -53, -53, -53, -53, -53, -53, -53, -53, -53, -53, -53, -53, -53, -53, -53, -53, -53, -53, -53, -53, -53, -53, -53, -53, -53, -53, -53, -53, -53, -53, -53, -53, -53, -53, -53, -53, -53, -53, -53, -53, -53, -53, -53, -53, -53, -53, -53, -53, -53, -53, -53, -5
target_str: -5, -2, -5, -11, -14, -10, 2, 18, 35, 46, 49, 44, 33, 18, 3, -11, -24, -31, -35, -34, -31, -27, -23, -19, -17
mse: 4407.99477393796
----------------------
pred_str: 1, 2, 2, 3, 2, 2, 2, 3, 2, 3, 3, 2, 2, 3, 3, 2, 3, 3, 3, 2, 3, 3, 3, 2, 2, 3, 2, 3, 3, 2, 3, 3, 3, 3, 2, 3, 3, 3, 3, 3, 3, 3, 3, 3, 3, 3, 3, 3, 3, 3, 3, 3, 3, 3, 3, 3, 3, 3, 3, 3, 3, 3, 3, 3, 3, 3, 3, 3, 3, 3, 3, 3, 3, 3, 3, 3, 3, 3, 3, 3, 3, 3, 3, 3, 3, 3, 3, 3, 3, 3, 3, 3, 3, 3, 3, 3, 3, 3, 3, 3, 3, 3, 3, 3, 3, 3, 3, 3, 3, 3, 3, 3, 3, 3, 3, 3, 3, 3, 3, 3, 3, 3, 3, 3, 3, 3, 3, 3, 3, 3, 3, 3, 3, 3, 3, 3, 3, 3, 3, 3, 3, 3, 3, 3, 3, 3, 3, 3, 3, 3, 3, 3, 3, 3, 3, 3, 3, 3, 3, 3, 3, 3, 3, 3, 3, 3, 3, 3, 3, 3, 3,
target_str: -29, -33, -26, -12, 4, 19, 27, 28, 22, 13, 3, -4, -9, -17, -30, -35, -33, -30, -26, -22, -19, -17, -14, -9, -4
mse: 2163.9630952414936
----------------------
pred_str: 10, 25, 45, 58, 70, 85, 96, 100, 100, 99, 95, 86, 73, 57, 38, 17, 0, -10, -25, -39, -54, -67, -77, -84, -90, -95, -94, -91, -85
target_str: 16, 23, 29, 34, 43, 42, 41, 38, 36, 40, 52, 66, 76, 84, 80, 82, 66, 50, 32, 14, -2, -16, -22, -29, -36
mse: 8958.099102689512
----------------------
pred_str: 17, 25, 14, 20, 25, 26, 22, 26, 23, 23, 22, 23, 22, 23, 23, 22, 24, 24, 23, 23, 22, 22, 22, 22, 21, 22, 23, 23, 24, 24, 25, 25, 25, 25, 25, 25, 25, 26, 26, 26, 26, 26, 27, 27, 27, 27, 28, 28, 28, 28, 28, 28, 28, 29, 29, 29, 29, 29, 29, 29, 29, 29, 29, 29, 29, 29, 30, 30, 30, 30, 30, 30, 30, 30, 30, 30, 31, 31, 31, 31, 31, 31, 31, 31, 31, 31, 31, 31, 32, 32, 32, 32, 32, 32, 32, 32, 32, 32, 32, 32, 33, 33, 33, 33, 33, 33, 33, 33, 33, 33, 33, 33, 33, 33, 34, 34, 34, 34, 34, 34, 34, 34, 34, 34, 34, 34, 34, 34,
target_str: -24, -18, -10, -1, 6, 14, 20, 28, 40, 55, 68, 75, 75, 70, 60, 46, 27, 8, -6, -18, -24, -27, -28, -26, -23
mse: 5229.631617140205
----------------------
pred_str: 19, 37, 62, 85, 91, 72, 48, 30, 19, 13, 10, 11, 13, 12, 13, 12, 10, 7, 9, 12, 23, 46, 72, 89, 83, 67, 46, 30, 19, 13, 10, 11, 13, 12, 13, 10, 7, 9, 12, 23, 46, 72, 89, 83, 67, 46, 30, 19, 13, 10, 11, 13, 12, 13, 10, 7, 9, 12, 23, 46, 72, 89, 83, 67, 46, 30, 19, 13, 10, 11, 13, 12, 13, 10, 7, 9, 12, 23, 46, 72, 89, 83, 67, 46, 30, 19, 13, 10, 11, 13, 12, 13, 10, 7, 9, 12, 23, 46, 72, 89, 83, 67, 46, 30, 19, 13, 10, 11, 13, 12, 13, 10, 7, 9, 12, 23, 46, 72, 89, 83, 67, 46, 30, 19, 13, 10, 11, 13, 12, 13, 10, 
target_str: 2, 0, -3, -4, -3, 0, 9, 25, 45, 68, 83, 74, 56, 39, 27, 19, 14, 11, 9, 9, 11, 11, 11, 11, 18
mse: 9847.298888523133
----------------------
pred_str: 18, 22, 18, 17, 15, 16, 15, 14, 16, 16, 15, 15, 14, 13, 13, 15, 16, 14, 15, 14, 15, 15, 15, 14, 14, 14, 14, 15, 16, 15, 14, 15, 15, 14, 15, 14, 14, 14, 14, 15, 15, 15, 15, 15, 15, 15, 15, 15, 15, 15, 15, 14, 14, 14, 15, 15, 15, 15, 15, 15, 15, 15, 15, 15, 15, 15, 15, 15, 15, 15, 15, 15, 15, 15, 15, 15, 15, 15, 15, 15, 15, 15, 15, 15, 15, 15, 15, 15, 15, 15, 15, 15, 15, 15, 15, 15, 15, 15, 15, 15, 15, 15, 15, 15, 15, 15, 15, 15, 15, 15, 15, 15, 15, 15, 15, 15, 15, 15, 15, 15, 15, 15, 15, 15, 15, 15, 15, 15, 
target_str: -32, -14, 5, 23, 37, 47, 57, 66, 74, 78, 75, 61, 40, 14, -13, -36, -45, -36, -18, 1, 17, 27, 30, 27, 23
mse: 5667.166635046282
----------------------
pred_str: 30, 24, 24, 26, 32, 40, 50, 59, 74, 82, 90, 94, 88, 51, 64, 54, 29, 92, 36, 39, 21, 6, 14, 18, 16, 17, 20, 29, 42, 59, 81, 93, 97, 85
target_str: -43, -5, 78, 53, 30, 26, 10, 29, 44, 47, 45, 40, 40, 49, 64, 87, 105, 112, 118, 83, 76, 66, 44, 15, -19
mse: 7563.963767238222
----------------------
pred_str:  10, 41, 74, 99, 81, 59, 52, 44, 39, 29, 21, 18, 14, 12, 12, 8, 6, 6, 12, 20, 34, 59, 87, 88, 67, 58, 55, 42, 26, 13, 0, -10, -16, -21, -23, -22, -15, -7, 1, 12, 36, 69
target_str: 73, 103, 86, 61, 50, 39, 28, 17, 8, 1, -5, -11, -16, -19, -19, -13, -4, 6, 22, 48, 81, 101, 90, 69, 51
mse: 3926.283985849828
----------------------
pred_str: 1, 2, 1, 0, -1, -2, -2, -1, 0, 2, 6, 11, 17, 21, 25, 27, 27, 27, 26, 26, 25, 25, 26, 25, 25, 26, 26, 26, 25, 25, 24, 24, 23, 23, 23, 22, 22, 23, 23, 24, 24, 24, 23, 22, 22, 22, 22, 21, 21, 21, 20, 20, 20, 19, 19, 18, 18, 18, 19, 19, 18, 18, 19, 19, 19, 19, 19, 18, 18, 18, 18, 18, 18, 18, 18, 18, 18, 18, 17, 17, 17, 17, 17, 17, 17, 17, 17, 17, 17, 17, 17, 17, 17, 17, 17, 17, 17, 17, 17, 17, 17, 17, 17, 17, 17, 17, 17, 17, 17, 17, 17, 17, 17, 17, 17, 17, 17, 17, 17, 17, 17, 17, 17, 17, 17, 17, 17, 17, 17, 17, 17,
target_str: 58, 58, 63, 65, 68, 74, 80, 87, 92, 92, 91, 89, 84, 77, 61, 60, 49, 41, 45, 43, 38, 33, 28, 25, 23
mse: 13141.154752722528
----------------------
pred_str: 31, 49, 46, 46, 49, 47, 49, 51, 52, 55, 56, 54, 53, 52, 51, 50, 49, 49, 50, 52, 54, 56, 58, 60, 63, 68, 72, 78, 77, 73, 69, 67, 66, 64, 63, 61, 60, 59, 58, 57, 55, 54, 54, 54, 55, 55, 56, 56, 55, 54, 54, 53, 54, 54, 53, 52, 53, 53, 53, 53, 54, 54, 55, 55, 54, 54, 54, 55, 55, 55, 55, 55, 55, 55, 55, 55, 55, 55, 55, 55, 55, 55, 55, 55, 55, 55, 55, 55, 55, 55, 55, 55, 55, 55, 55, 55, 55, 55, 55, 55, 55, 55, 55, 55, 55, 55, 55, 55, 55, 55, 55, 55, 55, 55, 55, 55, 55, 55, 55, 55, 55, 55, 55, 55, 55, 55, 55, 55, 
target_str: 48, 55, 60, 60, 54, 46, 36, 25, 17, 10, 8, 9, 13, 18, 21, 23, 24, 27, 31, 33, 33, 31, 27, 24, 23
mse: 3297.916137194069
----------------------
pred_str: 13, 24, 30, 26, 24, 20, 23, 25, 24, 23, 25, 25, 24, 23, 22, 24, 24, 24, 23, 23, 23, 22, 23, 23, 23, 24, 23, 22, 23, 23, 23, 23, 23, 23, 23, 23, 23, 23, 23, 23, 23, 23, 23, 23, 23, 23, 23, 23, 23, 23, 23, 23, 23, 23, 23, 23, 23, 23, 23, 23, 23, 23, 23, 23, 23, 23, 23, 23, 23, 23, 23, 23, 23, 23, 23, 23, 23, 23, 23, 23, 23, 23, 23, 23, 23, 23, 23, 23, 23, 23, 23, 23, 23, 23, 23, 23, 23, 23, 23, 23, 23, 23, 23, 23, 23, 23, 23, 23, 23, 23, 23, 23, 23, 23, 23, 23, 23, 23, 23, 23, 23, 23, 23, 23, 23, 23, 23, 23,
target_str: 20, 27, 36, 44, 50, 51, 45, 35, 25, 14, 4, -4, -12, -19, -25, -28, -25, -19, -15, -10, -7, -7, -7, -7, -2
mse: 3723.270336116124
----------------------
pred_str: 0, 0, 0, 0, 0, 0, 0, 0, 0, 0, 0, 0, 0, 0, 0, 0, 0, 0, 0, 0, 0, 0, 0, 0, 0, 0, 0, 0, 0, 0, 0, 0, 0, 0, 0, 0, 0, 0, 0, 0, 0, 0, 0, 0, 0, 0, 0, 0, 0, 0, 0, 0, 0, 0, 0, 0, 0, 0, 0, 0, 0, 0, 0, 0, 0, 0, 0, 0, 0, 0, 0, 0, 0, 0, 0, 0, 0, 0, 0, 0, 0, 0, 0, 0, 0, 0, 0, 0, 0, 0, 0, 0, 0, 0, 0, 0, 0, 0, 0, 0, 0, 0, 0, 0, 0, 0, 0, 0, 0, 0, 0, 0, 0, 0, 0, 0, 0, 0, 0, 0, 0, 0, 0, 0, 0, 0, 0, 0, 0, 0, 0, 0, 0, 0, 0, 0, 0, 0, 0, 0, 0, 0, 0, 0, 0, 0, 0, 0, 0, 0, 0, 0, 0, 0, 0, 0, 0, 0, 0, 0, 0, 0, 0, 0, 0, 0, 0, 0, 0, 0, 0,
target_str: -17, -4, 4, 8, 9, 8, 7, 6, 6, 7, 5, -2, -24, -49, -70, -80, -83, -80, -73, -58, -35, -11, 10, 28, 44
mse: 6683.858992912672
----------------------
pred_str: 42, 39, 34, 28, 24, 22, 18, 14, 11, 7, -2, -14, -28, -44, -57, -67, -71, -61, -52, -37, -24, -15, -8, -5, -1, -12, -16, -21, -27, -30, -32, -32, -31, -30, -30, -29, -29, -28, -28, -27, -27, -26, -26, -26, -25, -25, -25, -25, -25, -24, -24, -24, -23, -23, -23, -23, -22, -22, -22, -22, -21, -21, -21, -21, -20, -20, -20, -19, -19, -19, -19, -18, -18, -18, -18, -17, -17, -17, -17, -17, -17, -17, -16, -16, -16, -16, -16, -16, -16, -15, -15, -15, -15, -15, -15, -15, -15, -15, -15, -15, -15, -15, -14, -14, -14, -14, -14, -14, -14, -14, -14, -14, -14, -14, -14, -14, -14, -14, -14, -14, -14, -14, -14, -14, -14, -14, -14, -14, -14, -1
target_str: -29, -16, -9, -4, 0, 3, -2, -16, -26, -39, -52, -59, -59, -69, -54, -29, -26, -13, -1, 6, 10, 16, 23, 27, 26
mse: 6144.817150139741
----------------------
pred_str: 2, 10, 24, 27, 29, 30, 31, 32, 33, 35, 36, 37, 38, 39, 40, 41, 42, 43, 44, 45, 46, 47, 48, 49, 50, 51, 52, 53, 54, 55, 56, 57, 58, 59, 60, 61, 62, 63, 64, 65, 66, 67, 68, 69, 70, 71, 72, 73, 74, 75, 76, 77, 78, 79, 80, 81, 82, 83, 84, 85, 86, 87, 88, 89, 90, 91, 92, 93, 94, 95, 96, 97, 98, 99, 100, 101, 102, 103, 104, 105, 106, 107, 108, 109, 110, 111, 112, 113, 114, 115, 116, 117, 118, 119, 120, 121, 122, 123, 124, 125, 126, 127, 128, 129, 130, 131, 132, 133, 134, 135, 136, 137, 138, 139, 140, 141, 142, 14
target_str: 66, 58, 51, 37, 18, 0, -12, -20, -28, -39, -50, -57, -65, -75, -86, -86, -79, -80, -71, -57, -42, -20, -2, 4, 6
mse: 26949.65597484969
----------------------
pred_str: 42, 30, 24, 15, 11, 11, 11, 10, 10, 9, 8, 9, 8, 8, 8, 8, 8, 8, 9, 8, 9, 9, 10, 10, 10, 11, 11, 11, 12, 12, 12, 12, 12, 13, 13, 14, 14, 14, 14, 15, 15, 15, 16, 16, 17, 17, 17, 18, 18, 18, 19, 19, 20, 20, 20, 21, 21, 22, 22, 23, 24, 24, 25, 25, 26, 26, 27, 27, 27, 28, 28, 29, 29, 30, 30, 30, 31, 31, 32, 32, 33, 33, 34, 34, 35, 35, 36, 36, 37, 37, 38, 38, 39, 39, 40, 40, 41, 41, 42, 42, 43, 43, 44, 44, 45, 45, 46, 46, 47, 47, 48, 48, 49, 49, 50, 50, 51, 51, 52, 52, 53, 53, 54, 54, 55, 55, 56, 56, 57, 57, 58, 5
target_str: 43, 29, 14, -1, -13, -21, -23, -22, -18, -13, -9, -7, -7, -7, -9, -16, -19, -27, -34, -40, -42, -44, -42, -36, -24
mse: 4021.1319630054145
----------------------
pred_str: 52, 52, 51, 49, 48, 47, 46, 44, 45, 43, 42, 42, 40, 39, 39, 38, 38, 37, 36, 36, 36, 36, 35, 35, 35, 36, 35, 35, 36, 36, 36, 37, 37, 36, 37, 37, 37, 37, 38, 38, 39, 40, 38, 37, 38, 39, 38, 39, 40, 39, 40, 39, 40, 41, 40, 39, 40, 39, 39, 40, 40, 41, 40, 41, 40, 41, 41, 41, 42, 42, 42, 42, 42, 42, 43, 43, 43, 43, 43, 43, 44, 44, 44, 44, 44, 45, 45, 45, 45, 46, 46, 46, 46, 46, 46, 47, 47, 47, 47, 47, 48, 48, 48, 48, 49, 49, 49, 49, 50, 50, 50, 50, 51, 51, 51, 51, 51, 52, 52, 52, 52, 52, 52, 52, 53, 53, 53, 53, 
target_str: 76, 76, 67, 63, 69, 76, 74, 67, 60, 56, 55, 55, 55, 59, 66, 78, 81, 89, 90, 75, 61, 49, 42, 34, 28
mse: 2885.7172227747565
----------------------
pred_str: 4, 3, 4, 3, 4, 4, 3, 4, 3, 4, 4, 3, 3, 3, 3, 4, 3, 3, 3, 4, 3, 3, 4, 3, 3, 4, 3, 4, 3, 3, 3, 4, 3, 4, 3, 3, 4, 3, 4, 3, 3, 4, 3, 3, 3, 4, 3, 3, 4, 3, 4, 3, 4, 3, 4, 3, 4, 3, 4, 3, 4, 3, 3, 4, 3, 4, 3, 4, 3, 4, 3, 3, 4, 3, 4, 3, 4, 3, 4, 3, 4, 3, 3, 4, 3, 3, 4, 3, 4, 3, 4, 3, 4, 3, 4, 3, 3, 4, 3, 4, 3, 4, 3, 4, 3, 4, 3, 4, 3, 4, 3, 4, 3, 4, 3, 4, 3, 4, 3, 4, 3, 4, 3, 4, 3, 4, 3, 4, 3, 4, 3, 4, 3, 4, 3, 4, 3, 4, 3, 4, 3, 4, 3, 4, 3, 4, 3, 4, 3, 4, 3, 4, 3, 4, 3, 4, 3, 4, 3, 4, 3, 4, 3, 4, 3, 4, 3, 4, 3, 4, 3
target_str: 52, 40, 22, 2, -18, -38, -55, -68, -76, -79, -76, -68, -50, -23, 8, 38, 61, 70, 67, 58, 44, 28, 13, 1, -9
mse: 9977.06521343292
----------------------
pred_str: 4, 12, 17, 24, 30, 33, 31, 30, 26, 18, 10, 2, -2, -11, -16, -22, -24, -25, -21, -14, -4, 3, 11, 20, 29, 36, 41, 44, 41, 37, 26, 16, 8, 2, 0, -3, -8, -12, -18, -25, -33, -39, -44, -46, -44, -40, -33, -24, -14, -5, 1, 7, 13, 19, 24, 28, 28, 26, 23, 18, 12, 6, 1, 0, 0, 0, 0, 0, 0, 0, 0, 0, 0, 0, 0, 0, 0, 0, 0, 0, 0, 0, 0, 0, 0, 0, 0, 0, 0, 0, 0, 0, 0, 0, 0, 0, 0, 0, 0, 0, 0, 0, 0, 0, 0, 0, 0, 0, 0, 0, 0, 0, 0, 0, 0, 0, 0, 0, 0, 0, 0, 0, 0, 0, 0, 0, 0, 0, 0, 0, 0, 0, 0, 0, 0, 0, 0, 0, 0, 0, 0, 0, 0, 0, 0, 0, 0, 0, 0, 0, 0, 0, 0, 0, 0,
target_str: -18, -22, -24, -24, -22, -18, -11, 0, 17, 34, 50, 58, 57, 48, 34, 19, 5, -5, -13, -15, -16, -13, -8, -4, -2
mse: 5426.798473761578
----------------------
pred_str: 4, 3, 2, 1, 0, -1, -2, -3, -4, -4, -4, -4, -5, -5, -5, -5, -5, -5, -5, -5, -6, -6, -6, -6, -6, -6, -6, -6, -6, -6, -6, -6, -6, -6, -6, -6, -6, -6, -6, -6, -6, -6, -6, -6, -6, -6, -6, -6, -6, -6, -6, -6, -6, -6, -6, -6, -6, -6, -6, -6, -6, -6, -6, -6, -6, -6, -6, -6, -6, -6, -6, -6, -6, -6, -6, -6, -6, -6, -6, -6, -6, -6, -6, -6, -6, -6, -6, -6, -6, -6, -6, -6, -6, -6, -6, -6, -6, -6, -6, -6, -6, -6, -6, -6, -6, -6, -6, -6, -6, -6, -6, -6, -6, -6, -6, -6, -6, -6, -6, -6, -6, -6, -6, -6, -6, -6, -6, -6, -6, -6, -6, -6, -6, -6, -6, -6, -6, -6, -6, -6, -6, -6, -6, -6, -6, -6, -6, -6, -6, -6, -6, -6, -6, -6, -6, -6, -6, -6, -6, -6, -6, -6, -6, -6, -6, -6, -6, -6, -6, -6, -6
target_str: -63, -64, -62, -53, -43, -33, -22, -15, -8, 2, 14, 29, 41, 48, 51, 53, 49, 44, 39, 32, 25, 21, 17, 12, 7
mse: 7086.150841224979
----------------------
