pred_str: 34, 39, 44, 47, 50, 50, 50, 50, 48, 44, 41, 41, 44, 44, 44, 44, 42, 42, 44, 47, 47, 47, 45, 41, 38, 38, 38, 37, 34, 33, 33, 34, 37, 39, 42, 44, 45, 46, 45, 43, 40, 40, 40, 40, 40, 39, 39, 38, 38, 38, 38, 38, 37, 37, 37, 37, 36, 36, 36, 36, 35, 35, 35, 35, 35, 35, 35, 35, 35, 35, 35, 35, 35, 35, 35, 35, 35, 35, 35, 35, 35, 35, 35, 35, 35, 35, 35, 35, 35, 35, 35, 35, 35, 35, 35, 35, 35, 35, 35, 35, 35, 35, 35, 35, 35, 35, 35, 35, 35, 35, 35, 35, 35, 35, 35, 35, 35, 35, 35, 35, 35, 35, 35, 35, 35, 35, 35, 35, 
target_str: 58, 58, 63, 65, 68, 74, 80, 87, 92, 92, 91, 89, 84, 77, 61, 60, 49, 41, 45, 43, 38, 33, 28, 25, 23, 20, 21, 22, 17, 18, 20, 24, 30, 37, 41, 44, 48, 45, 45, 46, 48, 50, 52, 54, 50, 46, 32, 19, 27, 25
mse: 0.13127984448892988
----------------------
pred_str: 26, 27, 29, 30, 32, 33, 34, 35, 36, 36, 34, 31, 28, 24, 21, 17, 13, 9, 5, 0, -5, -9, -12, -15, -17, -19, -21, -23, -25, -27, -29, -31, -33, -35, -37, -39, -41, -43, -45, -47, -50, -53, -56, -59, -63, -66, -69, -72, -75, -77, -78, -77, -74, -69, -64, -59, -54, -48, -42, -36, -30, -25, -19, -14, -10, -6, -2, 3, 11, 16, 20, 23, 25, 27, 29, 31, 32, 32, 30, 28, 26, 24, 22, 20, 18, 16, 14, 12, 10, 8, 6, 4, 2, 0, -2, -5, -9, -12, -16, -19, -22, -24, -26, -28, -30, -32, -34, -36, -38, -40, -42, -44, -46, -48, -50, -52, -54, -56, -58, -60, -62, -64, -66, -68, -69, -70, -70, -68, -66, -63, -59, -55, -
target_str: -18, -22, -24, -24, -22, -18, -11, 0, 17, 34, 50, 58, 57, 48, 34, 19, 5, -5, -13, -15, -16, -13, -8, -4, -2, -2, -5, -10, -15, -18, -20, -19, -19, -17, -17, -18, -19, -21, -23, -21, -15, 0, 19, 37, 50, 55, 52, 41, 28, 15
mse: 0.7448507954813733
----------------------
pred_str: 44, 43, 44, 44, 45, 43, 44, 44, 43, 44, 44, 44, 43, 44, 44, 44, 44, 44, 44, 44, 43, 44, 44, 44, 44, 44, 44, 44, 44, 44, 44, 44, 44, 44, 44, 44, 44, 44, 44, 44, 44, 44, 44, 44, 44, 44, 44, 44, 44, 44, 44, 44, 44, 44, 44, 44, 44, 44, 44, 44, 44, 44, 44, 44, 44, 44, 44, 44, 44, 44, 44, 44, 44, 44, 44, 44, 44, 44, 44, 44, 44, 44, 44, 44, 44, 44, 44, 44, 44, 44, 44, 44, 44, 44, 44, 44, 44, 44, 44, 44, 44, 44, 44, 44, 44, 44, 44, 44, 44, 44, 44, 44, 44, 44, 44, 44, 44, 44, 44, 44, 44, 44, 44, 44, 44, 44, 44, 44, 
target_str: 41, 50, 71, 85, 85, 65, 52, 49, 23, -16, -29, -28, -28, -31, -39, -47, -47, -43, -37, -34, -40, -45, -65, -93, -77, 29, 66, 16, 21, 38, 37, 22, 19, 29, 44, 44, 37, 41, 61, 76, 82, 62, 32, 30, 31, 0, -25, -38, -45, -44
mse: 1.0497502440077826
----------------------
pred_str: 48, 44, 40, 34, 29, 24, 20, 18, 17, 17, 17, 17, 17, 17, 17, 17, 17, 17, 17, 17, 17, 17, 17, 17, 17, 17, 17, 17, 17, 17, 17, 17, 17, 17, 17, 17, 17, 17, 17, 17, 17, 17, 17, 17, 17, 17, 17, 17, 17, 17, 17, 17, 17, 17, 17, 17, 17, 17, 17, 17, 17, 17, 17, 17, 17, 17, 17, 17, 17, 17, 17, 17, 17, 17, 17, 17, 17, 17, 17, 17, 17, 17, 17, 17, 17, 17, 17, 17, 17, 17, 17, 17, 17, 17, 17, 17, 17, 17, 17, 17, 17, 17, 17, 17, 17, 17, 17, 17, 17, 17, 17, 17, 17, 17, 17, 17, 17, 17, 17, 17, 17, 17, 17, 17, 17, 17, 17, 17, 
target_str: -104, -98, -88, -75, -56, -33, -12, 5, 16, 22, 21, 19, 15, 14, 14, 16, 19, 20, 20, 19, 16, 11, 5, 2, 0, -6, -11, -15, -13, -9, 0, 5, 7, 3, -6, -24, -43, -61, -73, -76, -72, -64, -53, -36, -9, 22, 54, 82, 100, 106
mse: 0.9929220871140818
----------------------
pred_str: 12, 23, 32, 40, 33, 20, 11, 9, 8, 9, 12, 14, 15, 15, 14, 12, 12, 10, 9, 9, 8, 8, 7, 7, 7, 7, 7, 6, 6, 6, 5, 5, 4, 4, 4, 4, 4, 3, 3, 3, 2, 2, 2, 2, 1, 1, 1, 1, 1, 1, 1, 1, 1, 1, 1, 1, 1, 1, 1, 1, 1, 1, 1, 1, 1, 1, 1, 1, 1, 1, 1, 1, 1, 1, 1, 1, 1, 1, 1, 1, 1, 1, 1, 1, 1, 1, 1, 1, 1, 1, 1, 1, 1, 1, 1, 1, 1, 1, 1, 1, 1, 1, 1, 1, 1, 1, 1, 1, 1, 1, 1, 1, 1, 1, 1, 1, 1, 1, 1, 1, 1, 1, 1, 1, 1, 1, 1, 1, 1, 1, 1, 1, 1, 1, 1, 1, 1, 1, 1, 1, 1, 1, 1, 1, 1, 1, 1, 1, 1, 1, 1, 1, 1, 1, 1, 1, 1, 1, 1, 1, 1, 1, 1, 1, 1, 1,
target_str: -63, -64, -62, -53, -43, -33, -22, -15, -8, 2, 14, 29, 41, 48, 51, 53, 49, 44, 39, 32, 25, 21, 17, 12, 7, 0, -7, -14, -17, -9, 8, 28, 47, 58, 59, 51, 35, 16, -9, -31, -50, -62, -66, -61, -52, -39, -24, -13, -5, 3
mse: 0.5308331121200045
----------------------
pred_str: 39, 44, 39, 44, 41, 41, 39, 39, 39, 39, 39, 44, 44, 44, 44, 44, 44, 44, 44, 44, 44, 44, 44, 44, 44, 44, 44, 44, 44, 44, 44, 44, 44, 44, 44, 44, 44, 44, 44, 44, 44, 44, 44, 44, 44, 44, 44, 44, 44, 44, 44, 44, 44, 44, 44, 44, 44, 44, 44, 44, 44, 44, 44, 44, 44, 44, 44, 44, 44, 44, 44, 44, 44, 44, 44, 44, 44, 44, 44, 44, 44, 44, 44, 44, 44, 44, 44, 44, 44, 44, 44, 44, 44, 44, 44, 44, 44, 44, 44, 44, 44, 44, 44, 44, 44, 44, 44, 44, 44, 44, 44, 44, 44, 44, 44, 44, 44, 44, 44, 44, 44, 44, 44, 44, 44, 44, 44, 44, 
target_str: 5, -5, 7, 31, 22, 35, 66, 49, 53, 60, 42, 12, 3, 18, 13, 2, 3, 21, 33, 42, 46, 25, 33, 32, 26, 28, 17, 19, 19, 23, 23, 26, 22, 26, 33, 27, 28, 22, 10, 16, 24, 18, 29, 53, 54, 23, 9, 17, 31, 3
mse: 0.17984040119036973
----------------------
pred_str: 13, 22, 35, 52, 74, 95, 115, 139, 155, 175, 191, 203, 215, 223, 231, 237, 241, 245, 248, 251, 252, 252, 251, 249, 245, 240, 234, 228, 222, 216, 209, 203, 197, 191, 185, 180, 175, 170, 165, 160, 155, 150, 145, 140, 135, 130, 125, 120, 115, 110, 105, 100, 95, 90, 85, 80, 75, 70, 65, 60, 55, 50, 45, 40, 35, 30, 25, 20, 15, 10, 5, 0, -5, -10, -15, -19, -19, -18, -11, 1, 31, 69, 96, 85, 58, 31, 16, 5, 0, -5, -10, -15, -19, -19, -18, -11, 1, 31, 69, 96, 85, 58, 31, 16, 5, 0, -5, -10, -15, -19, -19, -18, -11, 1, 31, 69, 96, 85, 58, 31
target_str: 1, 2, 2, 1, 1, 7, 22, 62, 96, 96, 60, 25, 12, 2, -1, -4, -7, -11, -15, -17, -15, -6, 4, 34, 69, 83, 67, 38, 22, 13, 10, 8, 8, 9, 10, 9, 8, 7, 14, 39, 79, 94, 68, 39, 22, 13, 6, 3, 0, -3
mse: 8.718583251065539
----------------------
pred_str: 34, 44, 34, 21, 12, 3, 0, -10, -13, -15, -14, -10, -6, -1, 4, 10, 18, 24, 28, 30, 30, 27, 22, 17, 11, 4, 0, -3, -4, -4, -3, -2, -2, -2, -1, -1, -1, -1, -1, -1, -1, -1, -1, -1, -1, -1, -1, -1, -1, -1, -1, -1, -1, -1, -1, -1, -1, -1, -1, -1, -1, -1, -1, -1, -1, -1, -1, -1, -1, -1, -1, -1, -1, -1, -1, -1, -1, -1, -1, -1, -1, -1, -1, -1, -1, -1, -1, -1, -1, -1, -1, -1, -1, -1, -1, -1, -1, -1, -1, -1, -1, -1, -1, -1, -1, -1, -1, -1, -1, -1, -1, -1, -1, -1, -1, -1, -1, -1, -1, -1, -1, -1, -1, -1, -1, -1, -1, -1, -1, -1, -1, -1, -1, -1, -1, -1, -1, -1, -1, -1, -1, -1, -1, -1, -1, -1, -1, -1, -1, -1, -1, -1, -1, -1, -1, -1, -1, -1, -1, -1, -1, -1, -1, -1, -
target_str: 37, 42, 49, 59, 68, 72, 74, 72, 68, 65, 59, 51, 43, 35, 28, 22, 13, 2, -15, -37, -59, -75, -84, -84, -78, -67, -53, -42, -37, -31, -16, 0, 12, 19, 16, 3, -15, -30, -37, -37, -28, -13, 5, 24, 41, 54, 61, 67, 64, 45
mse: 0.8644929260123115
----------------------
pred_str: 12, 13, 14, 14, 14, 14, 14, 14, 14, 14, 14, 14, 14, 14, 14, 14, 14, 14, 14, 14, 14, 14, 14, 14, 14, 14, 14, 14, 14, 14, 14, 14, 14, 14, 14, 14, 14, 14, 14, 14, 14, 14, 14, 14, 14, 14, 14, 14, 14, 14, 14, 14, 14, 14, 14, 14, 14, 14, 14, 14, 14, 14, 14, 14, 14, 14, 14, 14, 14, 14, 14, 14, 14, 14, 14, 14, 14, 14, 14, 14, 14, 14, 14, 14, 14, 14, 14, 14, 14, 14, 14, 14, 14, 14, 14, 14, 14, 14, 14, 14, 14, 14, 14, 14, 14, 14, 14, 14, 14, 14, 14, 14, 14, 14, 14, 14, 14, 14, 14, 14, 14, 14, 14, 14, 14, 14, 14, 14, 
target_str: -32, -14, 5, 23, 37, 47, 57, 66, 74, 78, 75, 61, 40, 14, -13, -36, -45, -36, -18, 1, 17, 27, 30, 27, 23, 19, 20, 21, 19, 13, 6, 3, 7, 13, 20, 32, 42, 48, 47, 40, 31, 21, 14, 8, 6, 9, 15, 22, 28, 30
mse: 0.24612961140804882
----------------------
pred_str: 4, 13, 22, 33, 38, 43, 48, 50, 46, 41, 34, 26, 18, 10, 4, -5, -12, -23, -32, -38, -40, -40, -36, -28, -20, -12, -6, 1, 8, 15, 23, 32, 38, 41, 43, 44, 43, 41, 36, 28, 18, 9, 2, -7, -15, -23, -29, -33, -36, -35, -30, -22, -14, -6, 1, 8, 15, 23, 32, 38, 41, 43, 43, 41, 36, 28, 18, 9, 2, -7, -15, -23, -29, -33, -36, -35, -30, -22, -14, -6, 1, 8, 15, 23, 32, 38, 41, 43, 43, 41, 36, 28, 18, 9, 2, -7, -15, -23, -29, -33, -36, -35, -30, -22, -14, -6, 1, 8, 15, 23, 32, 38, 41, 43, 43, 41, 36, 28, 18, 9, 2, -7, -15, -23, -29, -33, -36, -35, -30, -22, -14, -6, 1, 8, 15, 23
target_str: -24, -18, -10, -1, 6, 14, 20, 28, 40, 55, 68, 75, 75, 70, 60, 46, 27, 8, -6, -18, -24, -27, -28, -26, -23, -19, -14, -10, -5, -2, 0, 2, 11, 25, 43, 60, 69, 70, 63, 48, 30, 11, -4, -18, -29, -37, -42, -44, -41, -37
mse: 0.21344259972795065
----------------------
pred_str: 19, 41, 21, -14, -72, -53, -65, -91, -86, -80, -63, -55
target_str: -14, -55, -62, -74, -57, -43, -55, -69, -74, -90, -102, -102, -89, -71, -46, -49, -79, -16, 18, 29, 11, -12, -2, 12, 33, 38, 32, 23, 23, 37, 66, 79, 70, 46, 28, 13, -48, -58, -44, -77, -78, -80, -68, -63, -66, -74, -87, -97, -103, -96
mse: 0.9710008883993736
----------------------
pred_str: 24, 24, 25, 26, 27, 27, 28, 28, 28, 28, 28, 28, 28, 28, 28, 28, 28, 28, 28, 28, 28, 28, 28, 28, 28, 28, 28, 28, 28, 28, 28, 28, 28, 28, 28, 28, 28, 28, 28, 28, 28, 28, 28, 28, 28, 28, 28, 28, 28, 28, 28, 28, 28, 28, 28, 28, 28, 28, 28, 28, 28, 28, 28, 28, 28, 28, 28, 28, 28, 28, 28, 28, 28, 28, 28, 28, 28, 28, 28, 28, 28, 28, 28, 28, 28, 28, 28, 28, 28, 28, 28, 28, 28, 28, 28, 28, 28, 28, 28, 28, 28, 28, 28, 28, 28, 28, 28, 28, 28, 28, 28, 28, 28, 28, 28, 28, 28, 28, 28, 28, 28, 28, 28, 28, 28, 28, 28, 28, 
target_str: -13, -17, -18, -18, -20, -21, -19, -18, -14, -8, -3, 3, 3, 0, 0, -6, -17, -34, -50, -69, -81, -82, -75, -66, -54, -41, -31, -26, -24, -20, -16, -11, -7, -7, -7, -9, -24, -46, -76, -89, -59, -37, -35, -32, -24, -13, -1, 9, 16, 21
mse: 1.0986880061031847
----------------------
pred_str: 0, -1, -1, -2, -3, -3, -3, -4, -4, -4, -5, -5, -5, -5, -5, -6, -6, -6, -6, -6, -6, -7, -7, -7, -7, -7, -7, -7, -8, -8, -8, -8, -8, -9, -9, -9, -9, -9, -9, -9, -9, -9, -10, -10, -10, -10, -10, -10, -10, -10, -10, -11, -11, -11, -11, -11, -11, -11, -11, -11, -11, -11, -11, -11, -12, -12, -12, -12, -12, -12, -12, -12, -12, -12, -12, -12, -12, -12, -12, -12, -12, -12, -12, -12, -12, -12, -12, -12, -12, -12, -12, -12, -12, -12, -12, -12, -12, -12, -12, -12, -12, -12, -12, -12, -12, -12, -12, -12, -12, -12, -12, -12, -12, -12, -12, -12, -12, -12, -12, -12, -12, -12, -12, -12, -12, -12, -12, -12, -12, -12, -12, -12, -12, -12, -12, -12, -12, -12, -12
target_str: 52, 40, 22, 2, -18, -38, -55, -68, -76, -79, -76, -68, -50, -23, 8, 38, 61, 70, 67, 58, 44, 28, 13, 1, -9, -17, -22, -24, -26, -27, -25, -14, 5, 30, 55, 72, 80, 77, 65, 48, 27, 8, -9, -21, -32, -39, -44, -47, -48, -46
mse: 0.6656500301392062
----------------------
pred_str: 1, 10, 19, 27, 27, 23, 19, 12, 5, -3, -5, -6, -7, -8, -10, -10, -11, -11, -12, -12, -12, -12, -13, -13, -14, -14, -14, -14, -15, -15, -15, -15, -15, -15, -16, -16, -16, -16, -16, -16, -17, -17, -17, -17, -17, -17, -17, -17, -17, -18, -18, -18, -18, -18, -18, -19, -19, -19, -19, -19, -19, -19, -20, -20, -20, -20, -20, -20, -20, -21, -21, -21, -21, -21, -21, -21, -21, -21, -21, -21, -21, -21, -21, -22, -22, -22, -22, -22, -22, -22, -22, -22, -22, -22, -22, -22, -22, -22, -22, -22, -22, -22, -22, -22, -22, -22, -22, -22, -22, -22, -22, -22, -22, -22, -22, -22, -22, -22, -22, -22, -22, -22, -22, -22, -22, -22, -22, -22, -22, -22,
target_str: 24, 8, -4, -15, -23, -29, -31, -31, -30, -26, -21, -16, -10, -4, 0, 5, 10, 15, 19, 22, 23, 21, 16, 9, 0, -9, -19, -29, -37, -43, -43, -37, -26, -11, 3, 15, 21, 22, 20, 16, 9, 2, -1, 0, 5, 14, 21, 25, 24, 20
mse: 0.2514970586532862
----------------------
pred_str: 0, 10, 22, 33, 40, 42, 41, 40, 37, 33, 29, 25, 20, 16, 12, 10, 8, 6, 5, 3, 3, 2, 2, 1, 1, 1, 0, 0, 0, 0, 0, 0, 0, 0, 0, 0, 0, 0, 0, 0, 0, 0, 0, 0, 0, 0, 0, 0, 0, 0, 0, 0, 0, 0, 0, 0, 0, 0, 0, 0, 0, 0, 0, 0, 0, 0, 0, 0, 0, 0, 0, 0, 0, 0, 0, 0, 0, 0, 0, 0, 0, 0, 0, 0, 0, 0, 0, 0, 0, 0, 0, 0, 0, 0, 0, 0, 0, 0, 0, 0, 0, 0, 0, 0, 0, 0, 0, 0, 0, 0, 0, 0, 0, 0, 0, 0, 0, 0, 0, 0, 0, 0, 0, 0, 0, 0, 0, 0, 0, 0, 0, 0, 0, 0, 0, 0, 0, 0, 0, 0, 0, 0, 0, 0, 0, 0, 0, 0, 0, 0, 0, 0, 0, 0, 0, 0, 0, 0, 0, 0, 0, 0, 0, 0, 0, 0,
target_str: 43, 29, 14, -1, -13, -21, -23, -22, -18, -13, -9, -7, -7, -7, -9, -16, -19, -27, -34, -40, -42, -44, -42, -36, -24, -8, 12, 34, 50, 56, 56, 47, 33, 14, -4, -20, -34, -39, -42, -43, -39, -37, -36, -37, -40, -47, -54, -66, -77, -88
mse: 0.5692276742694047
----------------------
pred_str: 3, 1, 0, -1, -1, -1, -1, -1, -1, -1, -1, -1, -1, -1, -1, -1, -1, -1, -1, -1, -1, -1, -1, -1, -1, -1, -1, -1, -1, -1, -1, -1, -1, -1, -1, -1, -1, -1, -1, -1, -1, -1, -1, -1, -1, -1, -1, -1, -1, -1, -1, -1, -1, -1, -1, -1, -1, -1, -1, -1, -1, -1, -1, -1, -1, -1, -1, -1, -1, -1, -1, -1, -1, -1, -1, -1, -1, -1, -1, -1, -1, -1, -1, -1, -1, -1, -1, -1, -1, -1, -1, -1, -1, -1, -1, -1, -1, -1, -1, -1, -1, -1, -1, -1, -1, -1, -1, -1, -1, -1, -1, -1, -1, -1, -1, -1, -1, -1, -1, -1, -1, -1, -1, -1, -1, -1, -1, -1, -1, -1, -1, -1, -1, -1, -1, -1, -1, -1, -1, -1, -1, -1, -1, -1, -1, -1, -1, -1, -1, -1, -1, -1, -1, -1, -1, -1, -1, -1, -1, -1, -1, -1, -1, -1, -1, -1, -1, -1, -1, -1, -1,
target_str: -5, -2, -5, -11, -14, -10, 2, 18, 35, 46, 49, 44, 33, 18, 3, -11, -24, -31, -35, -34, -31, -27, -23, -19, -17, -17, -14, -7, 4, 18, 30, 37, 36, 30, 18, 3, -11, -24, -34, -40, -42, -41, -38, -34, -30, -26, -21, -12, 1, 18
mse: 0.21076505980031487
----------------------
pred_str: 0, 0, 0, 0, 0, 0, 0, 0, 0, 0, 0, 0, 0, 0, 0, 0, 0, 0, 0, 0, 0, 0, 0, 0, 0, 0, 0, 0, 0, 0, 0, 0, 0, 0, 0, 0, 0, 0, 0, 0, 0, 0, 0, 0, 0, 0, 0, 0, 0, 0, 0, 0, 0, 0, 0, 0, 0, 0, 0, 0, 0, 0, 0, 0, 0, 0, 0, 0, 0, 0, 0, 0, 0, 0, 0, 0, 0, 0, 0, 0, 0, 0, 0, 0, 0, 0, 0, 0, 0, 0, 0, 0, 0, 0, 0, 0, 0, 0, 0, 0, 0, 0, 0, 0, 0, 0, 0, 0, 0, 0, 0, 0, 0, 0, 0, 0, 0, 0, 0, 0, 0, 0, 0, 0, 0, 0, 0, 0, 0, 0, 0, 0, 0, 0, 0, 0, 0, 0, 0, 0, 0, 0, 0, 0, 0, 0, 0, 0, 0, 0, 0, 0, 0, 0, 0, 0, 0, 0, 0, 0, 0, 0, 0, 0, 0, 0, 0, 0, 0, 0, 0,
target_str: -31, -17, -9, -5, 0, 3, -2, -17, -27, -41, -55, -62, -62, -72, -57, -30, -27, -13, -1, 6, 11, 17, 24, 28, 28, 23, 21, 10, -9, -35, -82, -101, -104, -101, -91, -72, -47, -28, -15, -9, -6, -3, -5, -18, -32, -38, -51, -65, -65, -61
mse: 0.6327094869648051
----------------------
pred_str: 19, 25, 28, 31, 34, 36, 36, 32, 28, 23, 17, 11, 7, 3, 0, -3, -11, -17, -26, -35, -45, -55, -64, -73, -78, -77, -69, -57, -45, -27, -9, 9, 19, 31, 43, 53, 60, 63, 63, 59, 50, 37, 18, 0, -8, -23, -37, -52, -66, -76, -73, -66, -56, -42, -24, -10, 1, 13, 21, 30, 38, 44, 45, 42, 38, 31, 22, 11, 4, 0, -5, -13, -19, -26, -34, -42, -49, -56, -62, -65, -66, -65, -59, -50, -36, -16, 1, 11, 20, 30, 37, 42, 44, 41, 37, 31, 23, 15, 8, 4, 0, -4, -10, -17, -25, -33, -40, -47, -55, -62, -66, -67, -65, -60, -50, -37, -17, 1, 10, 20, 30, 37, 42, 44, 41, 37, 31, 23, 15, 8, 4, 0, -4, -10
target_str: -97, -91, -77, -60, -41, -23, -8, 2, 8, 11, 11, 11, 9, 4, 0, -2, -7, -24, -48, -68, -75, -67, -45, -14, 14, 35, 47, 49, 45, 36, 26, 16, 8, -1, -19, -45, -68, -77, -71, -54, -33, -13, 4, 18, 27, 30, 28, 21, 13, 2
mse: 1.49297276560875
----------------------
pred_str: 50, 58, 56, 58, 58, 62, 61, 60, 61, 60, 61, 62, 62, 61, 62, 62, 63, 63, 62, 62, 62, 61, 61, 61, 61, 61, 60, 60, 58, 58, 58, 58, 58, 58, 58, 58, 58, 58, 58, 58, 58, 58, 58, 58, 58, 58, 58, 58, 58, 58, 58, 58, 58, 58, 58, 58, 58, 58, 58, 58, 58, 58, 58, 58, 58, 58, 58, 58, 58, 58, 58, 58, 58, 58, 58, 58, 58, 58, 58, 58, 58, 58, 58, 58, 58, 58, 58, 58, 58, 58, 58, 58, 58, 58, 58, 58, 58, 58, 58, 58, 58, 58, 58, 58, 58, 58, 58, 58, 58, 58, 58, 58, 58, 58, 58, 58, 58, 58, 58, 58, 58, 58, 58, 58, 58, 58, 58, 58, 
target_str: 66, 58, 51, 37, 18, 0, -12, -20, -28, -39, -50, -57, -65, -75, -86, -86, -79, -80, -71, -57, -42, -20, -2, 4, 6, 2, 3, 13, 28, 38, 46, 52, 53, 49, 50, 55, 58, 56, 57, 61, 53, 43, 26, 8, -5, -19, -30, -39, -43, -52
mse: 1.8820261191587035
----------------------
pred_str: 19, 22, 20, 24, 21, 16, 11, 6, 3, 2, 2, 1, 0, 1, 1, 0, 1, 2, 3, 3, 2, 2, 2, 2, 2, 2, 1, 1, 1, 1, 1, 0, 0, 0, 0, 0, 0, 0, 0, 0, 0, 0, 0, 0, 0, 0, 0, 0, 0, 0, 0, 0, 0, 0, 0, 0, 0, 0, 0, 0, 0, 0, 0, 0, 0, 0, 0, 0, 0, 0, 0, 0, 0, 0, 0, 0, 0, 0, 0, 0, 0, 0, 0, 0, 0, 0, 0, 0, 0, 0, 0, 0, 0, 0, 0, 0, 0, 0, 0, 0, 0, 0, 0, 0, 0, 0, 0, 0, 0, 0, 0, 0, 0, 0, 0, 0, 0, 0, 0, 0, 0, 0, 0, 0, 0, 0, 0, 0, 0, 0, 0, 0, 0, 0, 0, 0, 0, 0, 0, 0, 0, 0, 0, 0, 0, 0, 0, 0, 0, 0, 0, 0, 0, 0, 0, 0, 0, 0, 0, 0, 0, 0, 0, 0, 0, 0, 0, 0, 0
target_str: 20, 27, 36, 44, 50, 51, 45, 35, 25, 14, 4, -4, -12, -19, -25, -28, -25, -19, -15, -10, -7, -7, -7, -7, -2, 6, 17, 27, 34, 39, 44, 50, 54, 57, 55, 49, 41, 28, 18, 6, -3, -12, -22, -29, -31, -30, -26, -19, -9, 0
mse: 0.22297785739172502
----------------------
pred_str: 2, 13, 22, 30, 36, 38, 40, 41, 42, 41, 41, 38, 36, 35, 35, 35, 34, 34, 33, 33, 33, 32, 32, 32, 32, 32, 32, 32, 32, 32, 32, 32, 32, 32, 32, 32, 32, 32, 32, 32, 32, 32, 32, 32, 32, 32, 32, 32, 32, 32, 32, 32, 32, 32, 32, 32, 32, 32, 32, 32, 32, 32, 32, 32, 32, 32, 32, 32, 32, 32, 32, 32, 32, 32, 32, 32, 32, 32, 32, 32, 32, 32, 32, 32, 32, 32, 32, 32, 32, 32, 32, 32, 32, 32, 32, 32, 32, 32, 32, 32, 32, 32, 32, 32, 32, 32, 32, 32, 32, 32, 32, 32, 32, 32, 32, 32, 32, 32, 32, 32, 32, 32, 32, 32, 32, 32, 32, 32, 3
target_str: 58, 51, 43, 36, 35, 41, 50, 59, 68, 77, 79, 74, 68, 52, 38, 18, -5, -24, -38, -41, -44, -49, -54, -57, -63, -63, -52, -38, -23, -4, 21, 44, 51, 49, 49, 47, 49, 43, 41, 45, 53, 59, 66, 79, 91, 85, 67, 55, 36, 11
mse: 0.6460415333481369
----------------------
pred_str: 26, 27, 28, 29, 29, 29, 29, 29, 30, 30, 30, 30, 30, 30, 30, 30, 30, 30, 30, 30, 30, 30, 30, 30, 30, 30, 30, 30, 30, 30, 30, 30, 30, 30, 30, 30, 30, 30, 30, 30, 30, 30, 30, 30, 30, 30, 30, 30, 30, 30, 30, 30, 30, 30, 30, 30, 30, 30, 30, 30, 30, 30, 30, 30, 30, 30, 30, 30, 30, 30, 30, 30, 30, 30, 30, 30, 30, 30, 30, 30, 30, 30, 30, 30, 30, 30, 30, 30, 30, 30, 30, 30, 30, 30, 30, 30, 30, 30, 30, 30, 30, 30, 30, 30, 30, 30, 30, 30, 30, 30, 30, 30, 30, 30, 30, 30, 30, 30, 30, 30, 30, 30, 30, 30, 30, 30, 30, 30, 
target_str: 27, 19, 10, 0, -10, -19, -23, -23, -19, -12, -5, 4, 24, 62, 96, 93, 66, 42, 26, 19, 17, 17, 15, 12, 9, 6, 6, 5, 5, 7, 14, 29, 56, 91, 87, 60, 44, 35, 28, 21, 14, 6, -2, -11, -18, -20, -19, -14, -9, 0
mse: 0.34602720385829194
----------------------
pred_str: 44, 48, 52, 50, 48, 46, 43, 43, 45, 45, 46, 48, 51, 51, 52, 50, 48, 46, 43, 43, 45, 45, 46, 48, 51, 51, 52, 50, 48, 46, 43, 43, 45, 45, 46, 48, 51, 51, 52, 50, 48, 46, 43, 43, 45, 45, 46, 48, 51, 51, 52, 50, 48, 46, 43, 43, 45, 45, 46, 48, 51, 51, 52, 50, 48, 46, 43, 43, 45, 45, 46, 48, 51, 51, 52, 50, 48, 46, 43, 43, 45, 45, 46, 48, 51, 51, 52, 50, 48, 46, 43, 43, 45, 45, 46, 48, 51, 51, 52, 50, 48, 46, 43, 43, 45, 45, 46, 48, 51, 51, 52, 50, 48, 46, 43, 43, 45, 45, 46, 48, 51, 51, 52, 50, 48, 46, 43, 43, 
target_str: 14, 18, 33, 44, 46, 38, 16, -47, -38, -8, -35, -32, -34, -37, -37, -40, -51, -61, -68, -70, -63, -50, -41, -24, -46, -32, 18, 28, 24, -7, -7, 0, 14, 28, 28, 23, 22, 27, 37, 44, 45, 31, 16, -21, -46, -13, -28, -39, -29, -25
mse: 1.3356719326313877
----------------------
pred_str: 14, 16, 16, 17, 17, 17, 18, 19, 19, 20, 20, 20, 21, 21, 21, 22, 22, 22, 23, 23, 23, 23, 23, 23, 24, 24, 24, 24, 25, 25, 25, 25, 26, 26, 26, 26, 27, 27, 27, 27, 28, 28, 28, 28, 29, 29, 29, 29, 29, 29, 30, 30, 30, 30, 30, 31, 31, 31, 31, 32, 32, 32, 32, 32, 33, 33, 33, 33, 34, 34, 34, 34, 34, 35, 35, 35, 35, 35, 36, 36, 36, 36, 36, 37, 37, 37, 37, 37, 38, 38, 38, 38, 39, 39, 39, 39, 40, 40, 40, 40, 40, 41, 41, 41, 41, 42, 42, 42, 42, 42, 43, 43, 43, 43, 44, 44, 44, 44, 45, 45, 45, 45, 46, 46, 46, 46, 47, 47, 
target_str: 92, 98, 87, 76, 57, 37, 17, 0, -13, -22, -23, -19, -13, -9, -6, -4, 15, 46, 55, 47, 37, 39, 41, 34, 28, 24, 21, 17, 14, 12, 12, 10, 11, 20, 47, 68, 78, 87, 83, 70, 53, 35, 17, 0, -14, -24, -28, -24, -14, -8
mse: 0.4103252642914475
----------------------
pred_str: 41, 43, 43, 43, 42, 41, 41, 41, 40, 38, 36, 33, 30, 28, 26, 24, 22, 20, 18, 16, 13, 11, 9, 7, 5, 3, 1, -1, -4, -8, -13, -18, -23, -27, -31, -35, -39, -43, -47
target_str: 53, 66, 87, 91, 81, 70, 62, 52, 37, 22, 9, 0, -8, -17, -26, -32, -34, -34, -32, -28, -23, -17, -13, -3, 22, 71, 61, 49, 55, 45, 39, 33, 30, 30, 31, 27, 24, 22, 21, 24, 30, 39, 56, 73, 89, 83, 66, 59, 46, 38
mse: 0.7372324832623268
----------------------
