pred_str: 49, 46, 40, 38, 34, 32, 35, 40, 45, 50, 54, 58, 58, 58, 57, 56, 55, 54, 54, 52, 50, 44, 36, 32, 32, 31, 30, 31, 33, 34, 37, 39, 40, 42, 44, 47, 49, 50, 50, 50, 49, 48, 47, 48, 48, 46, 45, 45, 45, 44, 42, 41, 38, 35
target_str: 58, 58, 63, 65, 68, 74, 80, 87, 92, 92, 91, 89, 84, 77, 61, 60, 49, 41, 45, 43, 38, 33, 28, 25, 23, 20, 21, 22, 17, 18, 20, 24, 30, 37, 41, 44, 48, 45, 45, 46, 48, 50, 52, 54, 50, 46, 32, 19, 27, 25
mse: 0.12338944969063148
----------------------
pred_str: 25, 10, 0, -6, -11, -17, -22, -27, -30, -32, -32, -29, -24, -18, -15, -14, -13, -12, -11, -13, -15, -17, -18, -16, -13, -10, -6, -2, 2, 6, 9, 11, 11, 11, 11, 10, 11, 13, 16, 19, 21, 21, 18, 10, 0, -10, -16, -19, -23, -25, -25, -23, -21, -18, -14, -11, -7, -1, 6, 9, 10, 9
target_str: -18, -22, -24, -24, -22, -18, -11, 0, 17, 34, 50, 58, 57, 48, 34, 19, 5, -5, -13, -15, -16, -13, -8, -4, -2, -2, -5, -10, -15, -18, -20, -19, -19, -17, -17, -18, -19, -21, -23, -21, -15, 0, 19, 37, 50, 55, 52, 41, 28, 15
mse: 0.4548355007790271
----------------------
pred_str: 46, 59, 61, 64, 40, 21, 26, 29, 44, 56, 65, 58, 44, 47, 19, -12, -17, -24, -33, -46, -52, -51, -47, -45, -47, -54, -79, -90, -38, 62, 36, -13, 18, 24, 15, 10, 17, 26, 35, 35, 40, 55, 75, 75, 55, 40, 48, 21, -11, -15, -22
target_str: 41, 50, 71, 85, 85, 65, 52, 49, 23, -16, -29, -28, -28, -31, -39, -47, -47, -43, -37, -34, -40, -45, -65, -93, -77, 29, 66, 16, 21, 38, 37, 22, 19, 29, 44, 44, 37, 41, 61, 76, 82, 62, 32, 30, 31, 0, -25, -38, -45, -44
mse: 0.7212352643413253
----------------------
pred_str: 27, 54, 62, 68, 62, 49, 29, 3, -27, -57, -82, -99, nan, nan, nan, nan, nan, nan, nan, nan, nan, nan, nan, nan, nan, nan, nan, nan, nan, nan, nan, nan, nan, nan, nan, nan, nan, nan, nan, nan, nan, nan, nan, nan, nan, nan, nan, nan, nan, nan, nan, nan, nan, nan, nan, nan, nan, nan, nan, nan, nan, nan, nan, nan, nan, nan, nan, nan, nan, nan, nan, nan, nan, nan, nan, nan, nan, nan, nan, nan, nan, nan, nan, nan, nan, nan, nan, nan, nan, nan, nan, nan, nan, nan, nan, nan, nan, nan, nan, nan, nan, nan, nan, nan, nan, nan, nan, nan, nan, nan, nan, nan, nan, nan, nan, nan, nan, nan, nan, nan, nan, nan, nan, nan, nan, nan, nan, nan, nan, nan, nan, nan, nan, nan, nan, nan, nan, nan, nan, nan, nan, nan, nan, nan, nan, nan, nan, nan, nan, nan, nan, nan, nan, nan, nan, nan, nan, nan, nan, nan, nan, nan, nan, nan, nan, nan, nan, nan, nan, nan, nan, nan, nan, nan, nan, nan, nan, nan, nan, nan, nan, nan, nan, nan, nan, nan, nan, nan, nan, nan, nan, nan, nan, nan, nan, nan, nan, nan, nan, nan, nan, nan, nan, nan, nan, nan, nan, nan, nan, nan, nan, nan, nan, nan, nan, nan, nan, nan, nan, nan, nan, nan, nan, nan, nan, nan, nan, nan, nan, nan, nan, nan, nan, nan, nan, nan, nan, nan, nan, nan, nan, nan, nan, nan, nan
target_str: -104, -98, -88, -75, -56, -33, -12, 5, 16, 22, 21, 19, 15, 14, 14, 16, 19, 20, 20, 19, 16, 11, 5, 2, 0, -6, -11, -15, -13, -9, 0, 5, 7, 3, -6, -24, -43, -61, -73, -76, -72, -64, -53, -36, -9, 22, 54, 82, 100, 106
mse: nan
----------------------
pred_str: -43, -47, -48, -47, -44, -39, -28, -14, -1, 16, 34, 53, 70, 77, 75, 68, 58, 44, 25, 2, -16, -34, -49, -59, -65, -65, -59, -51, -41, -30, -15, -1, 13, 31, 50, 69, 79, 77, 68, 54, 32, 4, -14, -30, -42, -49, -53, -53, -50, -49, -48, -47, -46, -41, -28, -12, 4
target_str: -63, -64, -62, -53, -43, -33, -22, -15, -8, 2, 14, 29, 41, 48, 51, 53, 49, 44, 39, 32, 25, 21, 17, 12, 7, 0, -7, -14, -17, -9, 8, 28, 47, 58, 59, 51, 35, 16, -9, -31, -50, -62, -66, -61, -52, -39, -24, -13, -5, 3
mse: 0.4889076601353156
----------------------
pred_str: 31, 35, 26, 18, 10, 12, 10, 11, 12, 10, 15, 19, 19, 15, 12, 13, 11, 10, 10, 15, 20, 25, 25, 22, 22, 22, 24, 29, 36, 42, 43, 40, 35, 30, 33, 30, 25, 21, 20, 14, 12, 11, 10, 11, 13, 17, 19, 17, 13, 11, 12, 12, 18, 24
target_str: 5, -5, 7, 31, 22, 35, 66, 49, 53, 60, 42, 12, 3, 18, 13, 2, 3, 21, 33, 42, 46, 25, 33, 32, 26, 28, 17, 19, 19, 23, 23, 26, 22, 26, 33, 27, 28, 22, 10, 16, 24, 18, 29, 53, 54, 23, 9, 17, 31, 3
mse: 0.1358310439964123
----------------------
pred_str: 2, 25, 52, 72, 60, 34, 17, 9, 4, 1, 0, 1, 1, 1, 0, -4, -11, -17, -21, -17, -6, 13, 43, 68, 72, 43, 26, 17, 11, 9, 7, 5, 4, 4, 3, 4, 7, 21, 55, 88, 83, 47, 27, 14, 7, 3, -1, -4, -7, -9, -11, -10, -5, 1, 24, 57, 84, 79, 46, 26, 14, 7, 4, 2, 2, 1, 0, -1, -7, -11, -16, -17, -10
target_str: 1, 2, 2, 1, 1, 7, 22, 62, 96, 96, 60, 25, 12, 2, -1, -4, -7, -11, -15, -17, -15, -6, 4, 34, 69, 83, 67, 38, 22, 13, 10, 8, 8, 9, 10, 9, 8, 7, 14, 39, 79, 94, 68, 39, 22, 13, 6, 3, 0, -3
mse: 0.33038863924630396
----------------------
pred_str: 21, 31, 36, 32, 22, 11, -2, -14, -22, -26, -25, -22, -19, -16, -15, -17, -20, -26, -33, -37, -37, -33, -29, -25, -19, -13, -6, 2, 16, 27, 38, 52, 63, 70, 72, 70, 62, 50, 40, 32, 27, 24, 23, 24, 26, 30, 31, 32, 32, 31, 27, 18, 5, -11, -21, -25
target_str: 37, 42, 49, 59, 68, 72, 74, 72, 68, 65, 59, 51, 43, 35, 28, 22, 13, 2, -15, -37, -59, -75, -84, -84, -78, -67, -53, -42, -37, -31, -16, 0, 12, 19, 16, 3, -15, -30, -37, -37, -28, -13, 5, 24, 41, 54, 61, 67, 64, 45
mse: 0.8463066790673307
----------------------
pred_str: -62, -53, -44, -33, -19, 1, 15, 29, 41, 47, 48, 46, 37, 26, 11, -1, -20, -39, -54, -61, -59, -49, -34, -16, -1, 23, 52, 77, 83, 81, 71, 52, 31, 5, -15, -30, -39, -44, -45, -42, -33, -13, 2, 29, 46, 52, 55, 55, 50, 40, 24, 6, -1, -14, -23, -31, -38
target_str: -32, -14, 5, 23, 37, 47, 57, 66, 74, 78, 75, 61, 40, 14, -13, -36, -45, -36, -18, 1, 17, 27, 30, 27, 23, 19, 20, 21, 19, 13, 6, 3, 7, 13, 20, 32, 42, 48, 47, 40, 31, 21, 14, 8, 6, 9, 15, 22, 28, 30
mse: 0.6996912710205795
----------------------
pred_str: 10, 10, 10, 10, 10, 10, 10, 10, 10, 10, 10, 10, 10, 10, 10, 10, 10, 10, 10, 10, 10, 10, 10, 10, 10, 10, 10, 10, 10, 10, 10, 10, 10, 10, 10, 10, 10, 10, 10, 10, 10, 10, 10, 10, 10, 10, 10, 10, 10, 10, 10, 10, 10, 10
target_str: -24, -18, -10, -1, 6, 14, 20, 28, 40, 55, 68, 75, 75, 70, 60, 46, 27, 8, -6, -18, -24, -27, -28, -26, -23, -19, -14, -10, -5, -2, 0, 2, 11, 25, 43, 60, 69, 70, 63, 48, 30, 11, -4, -18, -29, -37, -42, -44, -41, -37
mse: 0.4067572722862608
----------------------
pred_str: -78, -77, -74, -74, -65, -55, -48, -45, -61, -53, -43, -5, 22, 42, 23, 12, -13, 3, 15, 28, 24, 22, 25, 26, 37, 49, 48, 41, 12, -10, -64, -42, -52, -88, -86, -82, -70, -60, -55, -67, -71, -73, -75, -76, -74, -58, -31, -22, -55, -25, 7, 19, 11, -4, -3, 10, 17, 23, 20, 18, 21, 29, 34, 35, 37, 43, 52
target_str: -14, -55, -62, -74, -57, -43, -55, -69, -74, -90, -102, -102, -89, -71, -46, -49, -79, -16, 18, 29, 11, -12, -2, 12, 33, 38, 32, 23, 23, 37, 66, 79, 70, 46, 28, 13, -48, -58, -44, -77, -78, -80, -68, -63, -66, -74, -87, -97, -103, -96
mse: 1.035360785782359
----------------------
pred_str: -5, -7, -12, -18, -24, -26, -28, -30, -31, -29, -27, -26, -25, -24, -22, -19, -17, -15, -12, -7, -4, -1, 0, 0, 1, 2, 3, 3, 4, 4, 4, 4, 4, 4, 4, 4, 5, 5, 5, 5, 4, 1, -2, -7, -14, -20, -24, -26, -27, -28, -30, -31, -31, -31, -31, -30, -31, -31, -31, -30, -30, -30, -28, -25, -20, -15, -11, -8, -5, -2, 0, 0
target_str: -13, -17, -18, -18, -20, -21, -19, -18, -14, -8, -3, 3, 3, 0, 0, -6, -17, -34, -50, -69, -81, -82, -75, -66, -54, -41, -31, -26, -24, -20, -16, -11, -7, -7, -7, -9, -24, -46, -76, -89, -59, -37, -35, -32, -24, -13, -1, 9, 16, 21
mse: 0.45915790357213887
----------------------
pred_str: -42, -30, -7, 20, 47, 68, 80, 81, 71, 55, 35, 13, -5, -24, -38, -48, -53, -54, -50, -43, -36, -29, -23, -13, -1, 23, 50, 68, 76, 71, 52, 30, 9, -10, -26, -38, -48, -53, -54, -52, -48, -42, -36, -30, -19, -5, 24, 53, 71, 77, 72, 55, 33, 11, -6
target_str: 52, 40, 22, 2, -18, -38, -55, -68, -76, -79, -76, -68, -50, -23, 8, 38, 61, 70, 67, 58, 44, 28, 13, 1, -9, -17, -22, -24, -26, -27, -25, -14, 5, 30, 55, 72, 80, 77, 65, 48, 27, 8, -9, -21, -32, -39, -44, -47, -48, -46
mse: 2.3452096081647706
----------------------
pred_str: -20, -26, -29, -32, -33, -33, -31, -26, -20, -11, -1, 2, 5, 7, 8, 10, 13, 16, 18, 18, 16, 12, 7, 0, -5, -11, -17, -21, -25, -29, -31, -32, -32, -30, -27, -23, -18, -11, -1, 4, 8, 10, 11, 12, 14, 16, 17, 16, 13, 9, 4, 0, -2, -6, -9, -11, -12, -13, -13, -13, -12, -10, -7
target_str: 24, 8, -4, -15, -23, -29, -31, -31, -30, -26, -21, -16, -10, -4, 0, 5, 10, 15, 19, 22, 23, 21, 16, 9, 0, -9, -19, -29, -37, -43, -43, -37, -26, -11, 3, 15, 21, 22, 20, 16, 9, 2, -1, 0, 5, 14, 21, 25, 24, 20
mse: 0.0820514487293269
----------------------
pred_str: -42, -42, -41, -37, -30, -22, -13, -3, 10, 26, 40, 46, 48, 43, 34, 20, 6, -6, -12, -16, -17, -19, -20, -21, -22, -22, -25, -27, -29, -31, -34, -36, -36, -33, -29, -20, -6, -1, 2, 10, 18, 23, 26, 27, 24, 15, 3, -2, -9, -16, -21, -22, -22, -21, -19, -17, -14, -9
target_str: 43, 29, 14, -1, -13, -21, -23, -22, -18, -13, -9, -7, -7, -7, -9, -16, -19, -27, -34, -40, -42, -44, -42, -36, -24, -8, 12, 34, 50, 56, 56, 47, 33, 14, -4, -20, -34, -39, -42, -43, -39, -37, -36, -37, -40, -47, -54, -66, -77, -88
mse: 0.7800545710195494
----------------------
pred_str: -24, -30, -38, -44, -49, -54, -56, -50, -41, -30, -19, -12, -1, 13, 31, 41, 46, 42, 31, 18, 10, 4, -2, -9, -14, -17, -19, -21, -22, -23, -22, -18, -11, -1, 12, 31, 41, 42, 37, 29, 20, 12, 6, 1, -2, -5, -6, -5, -4, -4, -4, -4, -4, -4, -4, -4, -4, -4, -4, -4, -4
target_str: -5, -2, -5, -11, -14, -10, 2, 18, 35, 46, 49, 44, 33, 18, 3, -11, -24, -31, -35, -34, -31, -27, -23, -19, -17, -17, -14, -7, 4, 18, 30, 37, 36, 30, 18, 3, -11, -24, -34, -40, -42, -41, -38, -34, -30, -26, -21, -12, 1, 18
mse: 0.6178438842256914
----------------------
pred_str: -29, -19, -10, -1, 13, 20, 28, 31, 30, 26, 20, 14, 9, 6, -1, -13, -31, -47, -63, -75, -84, -78, -71, -58, -44, -34, -26, -18, -14, -11, -6, 0, 3, -5, -11, -24, -36, -46, -48, -45, -42, -40, -38, -38, -39, -40, -41, -43, -45, -46, -44, -39, -36, -31, -26, -19, -13, -7, -1
target_str: -31, -17, -9, -5, 0, 3, -2, -17, -27, -41, -55, -62, -62, -72, -57, -30, -27, -13, -1, 6, 11, 17, 24, 28, 28, 23, 21, 10, -9, -35, -82, -101, -104, -101, -91, -72, -47, -28, -15, -9, -6, -3, -5, -18, -32, -38, -51, -65, -65, -61
mse: 0.9216364513501447
----------------------
pred_str: -24, -29, -30, -27, -23, -15, -6, 2, 10, 17, 20, 20, 18, 13, 8, 3, 0, -4, -12, -22, -32, -40, -43, -35, -24, -11, -1, 9, 21, 31, 39, 44, 42, 35, 25, 15, 4, -14, -34, -53, -68, -71, -65, -51, -30, -7, 17, 39, 54, 63, 66, 61, 51, 36, 15, -5, -28, -49, -65
target_str: -97, -91, -77, -60, -41, -23, -8, 2, 8, 11, 11, 11, 9, 4, 0, -2, -7, -24, -48, -68, -75, -67, -45, -14, 14, 35, 47, 49, 45, 36, 26, 16, 8, -1, -19, -45, -68, -77, -71, -54, -33, -13, 4, 18, 27, 30, 28, 21, 13, 2
mse: 0.4471120657452696
----------------------
pred_str: 61, 68, 67, 63, 58, 49, 38, 23, 4, -4, -14, -25, -40, -56, -75, -88, -94, -98, -104, -108, -106, -102, -99, -97, -96, -99, -110, -120, -125, -128, -128, -124, -118, -112, -108, -101, -96, -93, -88, -82, -71, -54, -28, -14, -6, 0, 5, 10, 16, 23, 33, 40, 43
target_str: 66, 58, 51, 37, 18, 0, -12, -20, -28, -39, -50, -57, -65, -75, -86, -86, -79, -80, -71, -57, -42, -20, -2, 4, 6, 2, 3, 13, 28, 38, 46, 52, 53, 49, 50, 55, 58, 56, 57, 61, 53, 43, 26, 8, -5, -19, -30, -39, -43, -52
mse: 2.758966823171779
----------------------
pred_str: 5, 21, 34, 41, 42, 39, 32, 20, 8, -1, -12, -21, -29, -35, -39, -42, -44, -46, -52, -57, -64, -68, -71, -70, -61, -47, -30, -12, 1, 12, 20, 28, 34, 37, 37, 35, 31, 26, 19, 13, 6, 0, -3, -10, -15, -18, -19, -18, -18, -18, -19, -20, -22, -28, -35, -40, -40, -36, -29, -18, -4, 9, 20, 31, 39, 40, 36, 30, 21, 12, 6
target_str: 20, 27, 36, 44, 50, 51, 45, 35, 25, 14, 4, -4, -12, -19, -25, -28, -25, -19, -15, -10, -7, -7, -7, -7, -2, 6, 17, 27, 34, 39, 44, 50, 54, 57, 55, 49, 41, 28, 18, 6, -3, -12, -22, -29, -31, -30, -26, -19, -9, 0
mse: 0.23961199689597476
----------------------
pred_str: 64, 62, 60, 61, 62, 64, 68, 70, 70, 64, 51, 52, 51, 47, 43, 44, 49, 59, 69, 79, 83, 74, 64, 60, 53, 43, 31, 11, -2, -19, -32, -42, -48, -51, -54, -57, -58, -59, -58, -57, -55, -52, -46, -37, -26, -13, 2, 15, 25, 26, 26, 28
target_str: 58, 51, 43, 36, 35, 41, 50, 59, 68, 77, 79, 74, 68, 52, 38, 18, -5, -24, -38, -41, -44, -49, -54, -57, -63, -63, -52, -38, -23, -4, 21, 44, 51, 49, 49, 47, 49, 43, 41, 45, 53, 59, 66, 79, 91, 85, 67, 55, 36, 11
mse: 1.9005029997678846
----------------------
pred_str: 3, 2, 1, 1, 2, 5, 11, 16, 18, 17, 17, 14, 11, 8, 6, 6, 9, 20, 44, 77, 91, 70, 44, 32, 27, 25, 26, 26, 25, 24, 21, 16, 12, 7, 3, 0, -1, -6, -10, -13, -13, -9, -2, 13, 40, 75, 88, 70, 45, 31, 26, 24, 24, 23, 22, 20, 16, 11, 7, 4, 2, 1, 3
target_str: 27, 19, 10, 0, -10, -19, -23, -23, -19, -12, -5, 4, 24, 62, 96, 93, 66, 42, 26, 19, 17, 17, 15, 12, 9, 6, 6, 5, 5, 7, 14, 29, 56, 91, 87, 60, 44, 35, 28, 21, 14, 6, -2, -11, -18, -20, -19, -14, -9, 0
mse: 0.6649141704362301
----------------------
pred_str: 21, -2, -43, -27, -30, -19, -13, -20, -24, -10, -19, -19, -19, -16, -13, -20, -22, -17, -27, -25, -23, -22, -20, -16, -10, -9, 2, 8, 11, 11, 10, 16, 26, 32, 31, 25, 17, -2, -32, -13, -13, -8, -11, -10, -15, -23, -29, -34, -40, -51, -62, -70, -72, -70, -59
target_str: 14, 18, 33, 44, 46, 38, 16, -47, -38, -8, -35, -32, -34, -37, -37, -40, -51, -61, -68, -70, -63, -50, -41, -24, -46, -32, 18, 28, 24, -7, -7, 0, 14, 28, 28, 23, 22, 27, 37, 44, 45, 31, 16, -21, -46, -13, -28, -39, -29, -25
mse: 0.33198403255191605
----------------------
pred_str: -14, -16, -16, -10, 2, 14, 16, 15, 23, 29, 34, 32, 32, 31, 31, 31, 28, 28, 29, 28, 31, 57, 85, 95, 93, 80, 63, 44, 27, 11, -4, -12, -16, -18, -15, -10, -6, -1, 19, 43, 41, 36, 39, 51, 55, 47, 40, 35, 32, 31, 30, 29, 25, 22, 21
target_str: 92, 98, 87, 76, 57, 37, 17, 0, -13, -22, -23, -19, -13, -9, -6, -4, 15, 46, 55, 47, 37, 39, 41, 34, 28, 24, 21, 17, 14, 12, 12, 10, 11, 20, 47, 68, 78, 87, 83, 70, 53, 35, 17, 0, -14, -24, -28, -24, -14, -8
mse: 0.8458923715034702
----------------------
pred_str: 24, 25, 24, 24, 23, 26, 26, 27, 29, 32, 37, 49, 65, 84, 95, 90, 84, 72, 59, 44, 30, 16, 1, -11, -21, -31, -37, -40, -39, -37, -34, -32, -31, -29, -24, -17, 11, 60, 43, 37, 41, 29, 23, 21, 23, 26, 29, 30, 29, 27, 28, 32
target_str: 53, 66, 87, 91, 81, 70, 62, 52, 37, 22, 9, 0, -8, -17, -26, -32, -34, -34, -32, -28, -23, -17, -13, -3, 22, 71, 61, 49, 55, 45, 39, 33, 30, 30, 31, 27, 24, 22, 21, 24, 30, 39, 56, 73, 89, 83, 66, 59, 46, 38
mse: 1.1931315795784285
----------------------
