pred_str: 11, 15, 17, 18, 14
target_str: -17, -4, 4, 8, 9
mse: 1838.04208962954
----------------------
pred_str: 59, 51, 42, 39, 41
target_str: 58, 51, 43, 36, 35
mse: 60.03334135690638
----------------------
pred_str: 74, 75, 75, 76, 76
target_str: 74, 75, 76, 74, 72
mse: 26.823407840319636
----------------------
pred_str: 45, 37, 24, 10, -3
target_str: 43, 29, 14, -1, -13
mse: 496.8716976135449
----------------------
pred_str: 64, 45, 17, -13, -30
target_str: 52, 40, 22, 2, -18
mse: 719.1227911476241
----------------------
pred_str: 20, 18, 16, 13, 10
target_str: 27, 19, 10, 0, -10
mse: 836.6348635909302
----------------------
pred_str: -13, -12, -12, -15, -21
target_str: -13, -17, -18, -18, -20
mse: 90.68866460298634
----------------------
pred_str: -2, 0, 1, 4, 7
target_str: 1, 2, 2, 1, 1
mse: 75.36100297994638
----------------------
pred_str: 14, 4, 0, -1, -1
target_str: 12, 9, 9, 6, 2
mse: 214.58726272255922
----------------------
pred_str: -68, -81, -85, -75, -53
target_str: -75, -43, -32, -35, -32
mse: 8101.9464729118645
----------------------
pred_str: -33, -25, -11, 7, 32
target_str: -32, -14, 5, 23, 37
mse: 841.7440841319437
----------------------
pred_str: 43, 57, 71, 85, 90
target_str: 53, 66, 87, 91, 81
mse: 707.6270449303444
----------------------
pred_str: 20, 17, 16, 16, 17
target_str: 16, 23, 29, 34, 43
mse: 1559.5895701443142
----------------------
pred_str: 75, 77, 77, 77, 77
target_str: 58, 58, 63, 65, 68
mse: 1367.9937998563128
----------------------
pred_str: 13, 14, 18, 23, 25
target_str: 15, 15, 16, 13, 6
mse: 600.3334135690645
----------------------
pred_str: -26, -16, -4, 4, 10, 17, 25, 33, 41, 49, 57, 59, 58, 56, 50, 37, 20, 5, -4, -9, -12, -13, -16, -17, -18, -20, -21, -22, -24, -27, -30, -33, -35, -38, -41, -44, -47, -50, -53, -55, -57, -59, -62, -64, -67, -70, -72, -74, -76, -78, -80, -82, -84, -86, -88, -90, -92, -94, -96, -98, -100, -102, -104, -106, -108, -110, -112, -114, -116, -118, -120, -122, -124, -126, -128, -130, -132, -134, -136, -138, -140, -142, -144, -146, -148, -150, -152, -154, -156, -158, -160, -162, -164, -166, -168, -170, -172, -174, -176, -178, -180, -182, -184, -186, -188, -190, -192, -194, -196, -198, -200, -202, -204, -206, -208, -2
target_str: -25, -24, -22, -15, 0
mse: 1085.7093649653293
----------------------
pred_str: 72, 79, 84, 83, 78
target_str: 76, 76, 67, 63, 69
mse: 1015.4575825263959
----------------------
pred_str: -65, -65, -60, -51, -34
target_str: -63, -64, -62, -53, -43
mse: 120.06668271381281
----------------------
pred_str: -2, 1, 6, 10, 12
target_str: -3, -4, -9, -18, -21
mse: 2712.99610727807
----------------------
pred_str: 48, 43, 19, 11, -5
target_str: 41, 37, 22, 0, -14
mse: 378.08232003498523
----------------------
pred_str: 66, 62, 59, 56, 52
target_str: 66, 58, 51, 37, 18
mse: 2039.856300999565
----------------------
pred_str: -82, -85, -81, -74, -61
target_str: -97, -92, -83, -70, -53
mse: 457.27523842069166
----------------------
pred_str: 85, 75, 62, 48, 43
target_str: 92, 98, 87, 76, 57
mse: 2788.357110258016
----------------------
pred_str: -36, -31, -20, -1, 1
target_str: -46, -47, -46, -41, -31
mse: 4669.827574486169
----------------------
pred_str: 2, 3, 6, 10, 17
target_str: 2, 0, -3, -4, -3
mse: 876.2313227837836
----------------------
