pred_str: -4, -14, -29, -40, -45, -48, -48, -50, -49, -46
target_str: -3, -4, -9, -18, -21, -27, -31, -33, -33, -38
mse: 446.17016292289554
----------------------
pred_str: -17, -26, -28, -29, -29, -30, -30, -30, -30, -30
target_str: -36, -4, 66, 44, 25, 22, 9, 25, 37, 40
mse: 5317.886786699962
----------------------
pred_str: 60, 66, 71, 73, 72, 66, 55, 42, 23, 1
target_str: 66, 58, 51, 37, 18, 0, -12, -20, -28, -39
mse: 3323.5061584346163
----------------------
pred_str: -51, -46, -36, -26, -17, -10, -4, 1, 11, 21
target_str: -63, -64, -62, -53, -43, -33, -22, -15, -8, 2
mse: 673.8707977938906
----------------------
pred_str: 10, 13, 17, 31, 64, 89, 76, 47, 26
target_str: 3, 2, 4, 5, 5, 5, 6, 8, 12, 20
mse: 2856.8737087293953
----------------------
pred_str: -21, -18, -16, -14, -12, -11, -10, -9, -8, -7
target_str: -25, -24, -22, -15, 0, 25, 49, 66, 67, 58
mse: 3151.6537198191436
----------------------
pred_str: 75, 71, 64, 55, 48, 44, 40, 37, 32, 24
target_str: 76, 76, 67, 63, 69, 76, 74, 67, 60, 56
mse: 835.1074635674061
----------------------
pred_str: -2, -26, -47, -62, -67, -61, -47, -25, 0, 18
target_str: -17, -4, 4, 8, 9, 8, 7, 6, 6, 7
mse: 3504.897407429821
----------------------
pred_str: 0, -4, -12, -23, -39, -54, -72, -84, -56, -43
target_str: -75, -43, -32, -35, -32, -22, -10, -2, 1, 2
mse: 3785.5230547302917
----------------------
pred_str: 42, 31, 26, 23, 20, 19, 18, 17, 16, 15
target_str: 72, 102, 85, 61, 49, 39, 28, 17, 8, 1
mse: 1918.0701452274964
----------------------
pred_str: -8, -18, -24, -24, -19, -13, -4, 5, 16
target_str: -97, -92, -83, -70, -53, -31, -11, 4, 15, 20
mse: 3219.348503159169
----------------------
pred_str: -21, -13, 1, 13, 29, 50, 64, 71, 64, 50
target_str: -24, -18, -10, -1, 6, 14, 20, 28, 40, 55
mse: 1009.5753824482899
----------------------
pred_str: -44, -61, -72, -67, -51, -31, -13, 0, 14, 30
target_str: -97, -91, -77, -60, -41, -23, -8, 2, 8, 11
mse: 672.7938353316629
----------------------
pred_str: 0, -2, -10, -14, -15, -13, -7, 1, 19, 43, 78
target_str: 1, 2, 2, 1, 1, 7, 22, 62, 96, 96
mse: 2206.5422333241954
----------------------
pred_str: 13, 27, 49, 72, 81, 74, 55, 36, 22
target_str: 12, 9, 9, 6, 2, 0, -1, -1, 1, 8
mse: 3539.821761562062
----------------------
pred_str: 51, 48, 48, 52, 61, 69, 78, 87, 92, 90
target_str: 16, 23, 29, 34, 43, 42, 41, 38, 36, 40
mse: 1999.1500334552081
----------------------
pred_str: 22, 23, 24, 25, 25, 26, 26, 26, 27, 27
target_str: -5, -6, -11, -15, -19, -21, -18, -15, -13, -12
mse: 2350.5474997020683
----------------------
pred_str: 14, 22, 39, 56, 65, 51, 38, 29, 21, 13
target_str: 7, 6, 5, 4, 6, 12, 17, 22, 30, 43
mse: 1636.675239025436
----------------------
pred_str: 50, 51, 52, 52, 52, 53, 54, 54, 55
target_str: 58, 58, 63, 65, 68, 74, 80, 87, 92, 92
mse: 1953.6099064810091
----------------------
pred_str: -45, -45, -44, -42, -36, -27, -16, -2, 16, 31
target_str: -32, -14, 5, 23, 37, 47, 57, 66, 74, 78
mse: 5244.345635707841
----------------------
pred_str: 27, 29, 22, 16, 11, 10, 17, 32, 44, 44
target_str: 14, 18, 33, 44, 46, 38, 16, -47, -38, -8
mse: 2903.798501726459
----------------------
pred_str: 34, 33, 34, 35, 35, 35, 35, 35, 36, 36
target_str: 53, 66, 87, 91, 81, 70, 62, 52, 37, 22
mse: 1838.6826265832842
----------------------
pred_str: 63, 66, 62, 57, 44, 32, 21, 11, -4, -27
target_str: 58, 51, 43, 36, 35, 41, 50, 59, 68, 77
mse: 3132.268395499045
----------------------
pred_str: -24, -30, -36, -43, -49, -54, -60, -66, -71, -75
target_str: -29, -33, -26, -12, 4, 19, 27, 28, 22, 13
mse: 6466.54417855594
----------------------
pred_str: 42, 42, 42, 43, 44, 46, 51, 61, 70, 77
target_str: 48, 55, 60, 60, 54, 46, 36, 25, 17, 10
mse: 1498.0547849587012
----------------------
