pred_str: 13, 14, 13, 12, 9
target_str: -17, -4, 4, 8, 9
mse: 1687.320083669647
----------------------
pred_str: 48, 49, 48, 48, 46
target_str: 58, 51, 43, 36, 35
mse: 503.2582232898118
----------------------
pred_str: 74, 74, 75, 75, 74
target_str: 74, 75, 76, 74, 72
mse: 8.94113594677325
----------------------
pred_str: 45, 37, 23, 1, -2
target_str: 43, 29, 14, -1, -13
mse: 349.9816070594121
----------------------
pred_str: 60, 45, 22, -2, 14
target_str: 52, 40, 22, 2, -18
mse: 1442.0774977010076
----------------------
pred_str: 19, 12, 1, -1, -4
target_str: 27, 19, 10, 0, -10
mse: 295.05748624351884
----------------------
pred_str: -15, -14, -12, -10, -8
target_str: -13, -17, -18, -18, -20
mse: 328.26741976010544
----------------------
pred_str: 0, -3, 5, 14, 34
target_str: 1, 2, 2, 1, 1
mse: 1651.555539882554
----------------------
pred_str: 0, 1, 2, 3, 4
target_str: 12, 9, 9, 6, 2
mse: 344.87238651839874
----------------------
pred_str: -77, -63, -47, -33, -24
target_str: -75, -43, -32, -35, -32
mse: 890.28167927157
----------------------
pred_str: -36, -29, -21, -8, 0
target_str: -32, -14, 5, 23, 37
mse: 4147.40977416756
----------------------
pred_str: 42, 49, 59, 67, 79
target_str: 53, 66, 87, 91, 81
mse: 2265.939309939405
----------------------
pred_str: 33, 37, 42, 46, 50
target_str: 16, 23, 29, 34, 43
mse: 1081.8774495595694
----------------------
pred_str: 56, 62, 68, 76, 83
target_str: 58, 58, 63, 65, 68
mse: 499.42630788405114
----------------------
pred_str: 14, 12, 10, 9, 10
target_str: 15, 15, 16, 13, 6
mse: 99.62980054975965
----------------------
pred_str: 36, 31, 23, 13, 5
target_str: -25, -24, -22, -15, 0
mse: 12236.583195726887
----------------------
pred_str: 72, 74, 77, 81, 82
target_str: 76, 76, 67, 63, 69
mse: 782.9880479102892
----------------------
pred_str: -65, -63, -60, -55, -45
target_str: -63, -64, -62, -53, -43
mse: 21.71418729930661
----------------------
pred_str: -23, -18, -11, 1, 5
target_str: -3, -4, -9, -18, -21
mse: 2090.948506409699
----------------------
pred_str: 53, 44, 26, 15, 8
target_str: 41, 37, 22, 0, -14
mse: 1172.5661141625558
----------------------
pred_str: 55, 52, 52, 53, 54
target_str: 66, 58, 51, 37, 18
mse: 2184.1917812831916
----------------------
pred_str: -62, -54, -38, -21, -6
target_str: -97, -92, -83, -70, -53
mse: 11884.046978396971
----------------------
pred_str: 83, 74, 60, 45, 33
target_str: 92, 98, 87, 76, 57
mse: 3733.5629103454776
----------------------
pred_str: -46, -38, -28, -17, 1
target_str: -46, -47, -46, -41, -31
mse: 2560.9967961829234
----------------------
pred_str: 0, 1, 6, 11, 18
target_str: 2, 0, -3, -4, -3
mse: 960.5334617105033
----------------------
