pred_str: -2, 12, 22, 27, 25, 14, -2, -10, -16, -18, -15
target_str: -3, -4, -9, -18, -21, -27, -31, -33, -33, -38
mse: 1399.8973491156644
----------------------
pred_str: -2, -13, -19, -22, -22, -21, -23, -25, -25, -21
target_str: -36, -4, 66, 44, 25, 22, 9, 25, 37, 40
mse: 4302.4650365995785
----------------------
pred_str: -38, -48, -51, -5, 28, 35, 41, 45, 49, 53, 58
target_str: 66, 58, 51, 37, 18, 0, -12, -20, -28, -39
mse: 8765.24362829076
----------------------
pred_str: -53, -61, -63, -60, -53, -39, -21, -11, 1, 21, 39
target_str: -63, -64, -62, -53, -43, -33, -22, -15, -8, 2
mse: 116.00424235995288
----------------------
pred_str: 0, -1, -1, -2, -2, -2, -1, 0, 0, 0, 0
target_str: 3, 2, 4, 5, 5, 5, 6, 8, 12, 20
mse: 130.31245792954914
----------------------
pred_str: -36, -42, -44, -44, -41, -34, -24, -13, -2, 3
target_str: -25, -24, -22, -15, 0, 25, 49, 66, 67, 58
mse: 4044.455601005889
----------------------
pred_str: -4, 1, 16, 42, 64, 74, 71, 65, 64, 64
target_str: 76, 76, 67, 63, 69, 76, 74, 67, 60, 56
mse: 2336.854691253745
----------------------
pred_str: -16, -26, -25, -4, 18, 27, 34, 33, 28, 18, 5
target_str: -17, -4, 4, 8, 9, 8, 7, 6, 6, 7
mse: 611.5608267650034
----------------------
pred_str: -65, -82, -95, -83, -56, -43, -37, -30, -24, -18
target_str: -75, -43, -32, -35, -32, -22, -10, -2, 1, 2
mse: 1761.449032863528
----------------------
pred_str: - 5, - 7, - 9, - 9, - 9, - 9, - 9, - 9, - 8
target_str: 72, 102, 85, 61, 49, 39, 28, 17, 8, 1
mse: 4860.793147374469
----------------------
pred_str: -7, -19, -24, -24, -18, -9, 0, 13, 24, 34
target_str: -97, -92, -83, -70, -53, -31, -11, 4, 15, 20
mse: 3263.81166767114
----------------------
pred_str: -22, -23, -22, -20, -17, -14, -9, -4, 1, 12
target_str: -24, -18, -10, -1, 6, 14, 20, 28, 40, 55
mse: 1089.5783082137746
----------------------
pred_str: -4, -22, -41, -58, -66, -61, -46, -29, -14, 0
target_str: -97, -91, -77, -60, -41, -23, -8, 2, 8, 11
mse: 3044.5728807176483
----------------------
pred_str: 1, 11, 27, 53, 81, 68, 37, 19, 8, 2, -1, -4
target_str: 1, 2, 2, 1, 1, 7, 22, 62, 96, 96
mse: 4951.7195495425485
----------------------
pred_str: 1, 11, 25, 48, 77, 93, 92, 73, 50, 27
target_str: 12, 9, 9, 6, 2, 0, -1, -1, 1, 8
mse: 5124.187395279298
----------------------
pred_str: 34, 45, 47, 51, 56, 61, 69, 73, 74, 70
target_str: 16, 23, 29, 34, 43, 42, 41, 38, 36, 40
mse: 969.8816231261839
----------------------
pred_str: 2, 1, -1, -1, -1, -1, -1, -1, -1, -1
target_str: -5, -6, -11, -15, -19, -21, -18, -15, -13, -12
mse: 287.39512563447204
----------------------
pred_str: 0, -1, -3, -4, -4, -1, 1, 6, 15, 30, 51
target_str: 7, 6, 5, 4, 6, 12, 17, 22, 30, 43
mse: 215.54634422585406
----------------------
pred_str: 7, 14, 19, 21, 26, 30, 34, 38, 41, 42
target_str: 58, 58, 63, 65, 68, 74, 80, 87, 92, 92
mse: 3342.7376309743972
----------------------
pred_str: -40, -58, -69, -65, -49, -27, 14, 35, 53, 60, 62
target_str: -32, -14, 5, 23, 37, 47, 57, 66, 74, 78
mse: 4872.0243273377
----------------------
pred_str: 21, 14, -1, -23, -32, -26, -22, -16, -12, -9
target_str: 14, 18, 33, 44, 46, 38, 16, -47, -38, -8
mse: 2918.8759761976467
----------------------
pred_str: 71, 69, 67, 66, 68, 69, 69, 69, 69, 69
target_str: 53, 66, 87, 91, 81, 70, 62, 52, 37, 22
mse: 784.490227842705
----------------------
pred_str: 49, 34, 20, -1, -21, -39, -48, -54, -56, -56
target_str: 58, 51, 43, 36, 35, 41, 50, 59, 68, 77
mse: 10345.301412159086
----------------------
pred_str: -25, -28, -33, -35, -35, -34, -32, -32, -33, -34
target_str: -29, -33, -26, -12, 4, 19, 27, 28, 22, 13
mse: 2656.0971354140925
----------------------
pred_str: 31, 28, 28, 29, 31, 34, 36, 38, 38, 38
target_str: 48, 55, 60, 60, 54, 46, 36, 25, 17, 10
mse: 780.028526213476
----------------------
