pred_str: 36, 39, 39, 40, 40, 37, 35, 34, 32, 30, 28, 26, 24, 22, 20, 18, 16, 14, 12, 10, 8, 6, 4, 2, 0, -2, -4, -6, -8, -10, -12, -14, -16, -18, -20, -22, -24, -26, -28
target_str: -3, -4, -9, -18, -21, -27, -31, -33, -33, -38
mse: 5315.425158214869
----------------------
pred_str: 83, 78, 72, 65, 58, 52, 45, 39, 33, 26, 18, 6, 1, -1, -11, -20, -28, -36, -45, -54, -60, -63, -66
target_str: -36, -4, 66, 44, 25, 22, 9, 25, 37, 40
mse: 3854.756355873499
----------------------
pred_str: 23, 24, 24, 25, 26, 26, 27, 27, 27, 27, 28, 29, 29, 29, 30, 30, 30, 31, 32, 33, 34, 34, 34, 34, 35, 35, 35, 36, 36, 36, 37, 37, 37, 37, 38, 38, 38, 38, 39, 39, 39, 39, 39, 39, 40, 40, 40, 41, 41, 41, 41, 41, 41, 42, 42, 42, 42, 42, 42, 42, 42, 42, 42, 42, 42, 43, 43, 43, 43, 43, 43, 43, 43, 43, 43, 43, 43, 43, 43, 43, 43, 43, 43, 43, 43, 43, 43, 43, 43, 43, 43, 43, 43, 43, 43, 43, 43, 43, 43, 43, 43, 43, 43, 43, 43, 43, 43, 43, 43, 43, 43, 43, 43, 43, 43, 43, 43, 43, 43, 43, 43, 43, 43, 43, 43, 43, 43, 43, 
target_str: 66, 58, 51, 37, 18, 0, -12, -20, -28, -39
mse: 2419.934652625595
----------------------
pred_str: 76, 71, 55, 28, 12, -4, 12, 34, 64, 89, 95, 86, 70, 41, 13, 1, 22, 33, 45, 52, 60, 67, 67, 63, 54, 31, 14, 0, -14, -29, -44, -55, -60, -61, -56, -48, -37, -27, -11, 0, 12, 28, 50, 63, 74, 73, 60, 39, 16, -2, -16, -24
target_str: -63, -64, -62, -53, -43, -33, -22, -15, -8, 2
mse: 11996.131014973796
----------------------
pred_str: 1, 5, 8, 12, 16, 22, 28, 33, 37, 40, 42, 44, 46, 48, 50, 52, 54, 56, 58, 60
target_str: 3, 2, 4, 5, 5, 5, 6, 8, 12, 20
mse: 403.39936799442495
----------------------
pred_str: 27, 28, 28, 28, 28, 28, 28, 28, 28, 28, 28, 28, 28, 28, 28, 28, 28, 28, 28, 28, 28, 28, 28, 28, 28, 28, 28, 28, 28, 28, 28, 28, 28, 28, 28, 28, 28, 28, 28, 28, 28, 28, 28, 28, 28, 28, 28, 28, 28, 28, 28, 28, 28, 28, 28, 28, 28, 28, 28, 28, 28, 28, 28, 28, 28, 28, 28, 28, 28, 28, 28, 28, 28, 28, 28, 28, 28, 28, 28, 28, 28, 28, 28, 28, 28, 28, 28, 28, 28, 28, 28, 28, 28, 28, 28, 28, 28, 28, 28, 28, 28, 28, 28, 28, 28, 28, 28, 28, 28, 28, 28, 28, 28, 28, 28, 28, 28, 28, 28, 28, 28, 28, 28, 28, 28, 28, 28, 28, 
target_str: -25, -24, -22, -15, 0, 25, 49, 66, 67, 58
mse: 2285.622048407771
----------------------
pred_str: 19, 21, 23, 24, 26, 28, 30, 33, 34, 35, 36, 37, 38, 39, 40, 41, 42, 43, 44, 45, 46, 47, 48, 49, 50, 51, 52, 53, 54, 55, 56, 57, 58, 59, 60, 61, 62, 63, 64, 65, 66, 67, 68, 69, 70, 71, 72, 73, 74, 75, 76, 77, 78, 79, 80, 81, 82, 83, 84, 85, 86, 87, 88, 89, 90, 91, 92, 93, 94, 95, 96, 97, 98, 99, 100
target_str: 76, 76, 67, 63, 69, 76, 74, 67, 60, 56
mse: 2783.640261297914
----------------------
pred_str: 11, 13, 28, 41, 51, 46, 37, 22, 11, 10, 7, -2, -11, -20, -29, -40, -52, -64, -75, -82, -86, -84, -66, -32, -11, 14, 32, 45, 46, 41, 30, 14, -1, -19, -36, -54, -71, -77, -71, -55, -28, 10, 22, 34, 35, 28, 20, 9, 2, 13, 27, 38, 41, 34, 26, 16, 8, 10, 6, -1, -13, -25, -36, -50, -57, -71, -76, -79, -74, -58, -24, 7, 26, 35, 37, 31, 24, 15, 10, 11, 10, -1, -11, -22, -32, -45, -61, -73, -80, -82, -76, -55, -21, 7, 28, 37, 39, 32, 25, 16, 8, 11, 10, 10, -2, -12, -26, -38, -54, -64, -70, -75, -79, -74, -58, -24, 8, 22, 33, 34, 29, 22, 12, 8, 11, 10, 10, -1, -11, -21, -32, -43, -
target_str: -17, -4, 4, 8, 9, 8, 7, 6, 6, 7
mse: 1097.8863043509596
----------------------
pred_str: 0, 0, -1, -3, -7, -13, -23, -35, -45, -54, -62, -68, -70, -69, -68, -66, -64, -61, -58, -55, -52, -49, -46, -43, -40, -37, -34, -31, -28, -25, -22, -19, -16, -13, -10, -7, -4, -1, 2, 5, 8, 11, 14, 17, 20, 23, 26, 29, 32, 35, 38, 41, 44, 47, 50, 53, 56, 59, 62, 65, 68, 70, 70, 69, 68, 66, 64, 61, 58, 55, 52, 49, 46, 43, 40, 37, 34, 31, 28, 25, 22, 19, 16, 13, 10, 7, 4, 1, 2, 5, 8, 11, 14, 17, 20, 23, 26, 29, 32, 35, 38, 41, 44, 47, 50, 53, 56, 59, 62, 65, 68, 70, 70, 69, 68, 66, 64, 61, 58, 55, 52, 49, 46, 43, 40, 37, 34, 31, 28, 25, 22, 19, 1
target_str: -75, -43, -32, -35, -32, -22, -10, -2, 1, 2
mse: 2565.4784368066494
----------------------
pred_str: 0, 1, 1, 1, 1, 2, 3, 5, 9, 13, 17, 21, 23, 23, 21, 18, 13, 7, 3, 0, -1, -4, -7, -9, -11, -13, -15, -17, -19, -20, -21, -22, -23, -25, -26, -28, -30, -31, -33, -35, -38
target_str: 72, 102, 85, 61, 49, 39, 28, 17, 8, 1
mse: 4712.172327587049
----------------------
pred_str: 18, 19, 21, 22, 24, 25, 27, 28, 29, 31, 33, 35, 37, 39, 41, 43, 45, 47, 49, 51, 53, 55, 57, 59, 61, 63, 65, 67
target_str: -97, -92, -83, -70, -53, -31, -11, 4, 15, 20
mse: 8650.77790373399
----------------------
pred_str: 14, 28, 43, 60, 71, 89, 99, 96, 83, 60, 34, 9, -11, -29, -42, -50, -54, -53, -47, -39, -32, -26, -21, -17, -13, -7, 6, 30, 57, 82, 96, 99, 92, 76, 55, 32, 10, -9, -27, -40, -50, -56, -59, -59, -56, -48, -37, -24, -12, 3, 23, 47, 70, 86, 94, 93, 84, 69, 49, 27, 5, -15, -34, -48, -56, -60, -59, -56, -51, -47
target_str: -24, -18, -10, -1, 6, 14, 20, 28, 40, 55
mse: 5027.72232901976
----------------------
pred_str: 1, 4, 10, 17, 24, 31, 37, 44, 51, 57, 63, 67, 67, 63, 57, 49, 41, 28, 16, 6
target_str: -97, -91, -77, -60, -41, -23, -8, 2, 8, 11
mse: 7234.418414124273
----------------------
pred_str: 2, 11, 27, 52, 74, 94, 100, 97, 93, 88, 83, 78
target_str: 1, 2, 2, 1, 1, 7, 22, 62, 96, 96
mse: 3629.055794146641
----------------------
pred_str: 83, 83, 66, 49, 38, 29, 22, 16, 9, 4, 0, -3, -5, -4, 0, 3, 12, 28, 46, 64, 75, 68, 49, 31, 18
target_str: 12, 9, 9, 6, 2, 0, -1, -1, 1, 8
mse: 2869.335702935173
----------------------
pred_str: 31, 31, 5, -11, -33, -48, -64, -75, -81, -82, -77, -72, -66, -48, -29, -6, 11, 15, 18, nan, nan, nan, nan, nan, nan, nan, nan, nan, nan, 52, 66, 76, 84, 80, 82, 66, 50, 32, 14, -2, -16, -22, -29, -36, -42, -46, -49, -50, -57, -63, -65, -47, -24, -14, 2, -2, 0, 4, 14, 25, 33, 40, 44, 46, 45, 45, 49, 52, 60, 62, 79, 82, 76, 71, 50, 33, 14, 1, -14, -28, -36, -44, -51, -54, -59, -61, -58, -60, -61, -51, -30, -16, 0, 12, 10, 16, 16, 13, 17, 24, 38, 45, 42, 47, 55, 60, 62, 66, 66, 78, 68, 61, 48, 34, 16, -8, -25, -39, -46, -51, -58, -63, -67, -73, -77, -78, -73, -51, -31, -11, 4, 2, 3, 5, 14, 26, 32
target_str: 16, 23, 29, 34, 43, 42, 41, 38, 36, 40
mse: 10636.235128740876
----------------------
pred_str: 12, 22, 32, 42, 52, 62, 67, 69, 66, 57, 46, 37, 28, 19, 10, 0, -10, -20, -31, -42, -53, -62, -68, -66, -57, -46, -27, -11, -2, 2, 6, 10, 17, 23, 27, 29, 29, 30, 26, 16, 7, 0, 0
target_str: -5, -6, -11, -15, -19, -21, -18, -15, -13, -12
mse: 6674.705637326518
----------------------
pred_str: 0, 1, 3, 6, 10, 18, 27, 38, 51, 66, 79, 87, 90, 86, 80, 72, 62, 53, 44, 34, 24, 14, 7, 2, 0, 1, 4, 7, 11, 17, 32, 53, 70, 74, 54, 31, 15, 6, 2, 2, 5, 6, 6, 7, 10, 16, 36, 73, 95, 88, 59, 38, 26, 18, 10, 3, -3, -10, -16, -17, -11, 0, 14, 34, 58, 88, 90, 60, 36, 22, 13, 8, 7, 8, 10, 13, 15, 17, 21, 29, 49, 73, 83, 70, 49, 35, 25, 16, 9, 4, 0, -2, -5, -7, -7, 0, 11, 28, 49, 77, 90, 72, 46, 29, 19, 13, 10, 8, 9, 9, 10, 13, 19, 28, 47, 77, 95, 83, 53, 35, 24, 15, 8, 0, -5, -9, -12, -13, -10, -1, 10, 30, 57, 92, 97, 66, 40, 24,
target_str: 7, 6, 5, 4, 6, 12, 17, 22, 30, 43
mse: 224.62359926463014
----------------------
pred_str: 80, 84, 84, 81, 76, 71, 65, 60, 56, 52, 48, 46, 43, 41, 38, 35, 32, 29, 26, 24, 22, 19, 16, 13, 10, 8, 6
target_str: 58, 58, 63, 65, 68, 74, 80, 87, 92, 92
mse: 889.2632902394262
----------------------
pred_str: 45, 48, 50, 45, 42, 38, 31, 23, 15
target_str: -32, -14, 5, 23, 37, 47, 57, 66, 74, 78
mse: 3765.983878629875
----------------------
pred_str: 46, 36, 26, 16, 4, 28, 37, 41, 52, 44, 41, 32, 24, 16, 6
target_str: 14, 18, 33, 44, 46, 38, 16, -47, -38, -8
mse: 3543.8219078503366
----------------------
pred_str: 3, 1, 14, 29, 37, 46, 56, 66, 74, 84, 91, 92, 90, 81, 71, 61, 51, 41, 31, 21, 11, 3, -3, -11, -21, -31, -41, -46, -49, -43, -41
target_str: 53, 66, 87, 91, 81, 70, 62, 52, 37, 22
mse: 3670.134219491612
----------------------
pred_str: 11, 12, 10, 9, 8, 7, 6, 5, 4, 3, 2, 1
target_str: 58, 51, 43, 36, 35, 41, 50, 59, 68, 77
mse: 3362.738362415768
----------------------
pred_str: 10, 19, 28, 36, 45, 51, 56, 61, 64, 68, 71, 74, 77, 80, 82, 84, 87, 88, 89, 91, 92, 94, 97, 100, 103, 105
target_str: -29, -33, -26, -12, 4, 19, 27, 28, 22, 13
mse: 2903.0292428248677
----------------------
pred_str: 27, 25, 27, 27, 28, 29, 29, 31, 34, 34, 34, 34, 34, 34, 34, 34, 34, 34, 34, 34, 34, 34, 34, 34, 34, 34, 34, 34, 34, 34, 34, 34, 34, 34, 34, 34, 34, 34, 34, 34, 34, 34, 34, 34, 34, 34, 34, 34, 34, 34, 34, 34, 34, 34, 34, 34, 34, 34, 34, 34, 34, 34, 34, 34, 34, 34, 34, 34, 34, 34, 34, 34, 34, 34, 34, 34, 34, 34, 34, 34, 34, 34, 34, 34, 34, 34, 34, 34, 34, 34, 34, 34, 34, 34, 34, 34, 34, 34, 34, 34, 34, 34, 34, 34, 34, 34, 34, 34, 34, 34, 34, 34, 34, 34, 34, 34, 34, 34, 34, 34, 34, 34, 34, 34, 34, 34, 34, 34, 
target_str: 48, 55, 60, 60, 54, 46, 36, 25, 17, 10
mse: 836.030574249315
----------------------
