pred_str: 56, 60, 65, 64, 62, 64, 61, 63, 60, 60, 58, 54, 54, 52, 52, 52, 51, 52, 51, 51, 51, 50, 50, 49, 47, 44, 44, 42, 42, 41, 41, 42, 43, 43, 44, 43, 40, 34, 25, 22, 20, 21, 24, 30, 35, 38, 40, 41, 41, 41, 39, 33, 25, 24, 23
target_str: 58, 58, 63, 65, 68, 74, 80, 87, 92, 92, 91, 89, 84, 77, 61, 60, 49, 41, 45, 43, 38, 33, 28, 25, 23, 20, 21, 22, 17, 18, 20, 24, 30, 37, 41, 44, 48, 45, 45, 46, 48, 50, 52, 54, 50, 46, 32, 19, 27, 25
mse: 0.11446637783017335
----------------------
pred_str: -5, -10, -15, -21, -26, -30, -32, -33, -34, -36, -38, -40, -39, -34, -27, -18, -10, -3, 6, 17, 26, 31, 30, 25, 20, 16, 14, 16, 21, 26, 30, 27, 19, 11, 0, -10, -17, -19, -17, -13, -7, 0, 9, 18, 27, 32, 31, 27, 21, 15, 12, 12, 15, 20, 25, 28, 27, 21, 15, 10, 6
target_str: -18, -22, -24, -24, -22, -18, -11, 0, 17, 34, 50, 58, 57, 48, 34, 19, 5, -5, -13, -15, -16, -13, -8, -4, -2, -2, -5, -10, -15, -18, -20, -19, -19, -17, -17, -18, -19, -21, -23, -21, -15, 0, 19, 37, 50, 55, 52, 41, 28, 15
mse: 0.4342314290956963
----------------------
pred_str: -29, -35, -35, -35, -38, -47, -53, -48, -47, -48, -50, -64, -83, -58, 19, 12, -5, -2, -2, 1, 2, 1, 2, 10, 24, 39, 47, 46, 47, 53, 65, 77, 81, 64, 45, 47, 20, -14, -19, -27, -37, -47, -56, -56, -51, -47, -48, -50, -67, -83, -68, 10, 11
target_str: 41, 50, 71, 85, 85, 65, 52, 49, 23, -16, -29, -28, -28, -31, -39, -47, -47, -43, -37, -34, -40, -45, -65, -93, -77, 29, 66, 16, 21, 38, 37, 22, 19, 29, 44, 44, 37, 41, 61, 76, 82, 62, 32, 30, 31, 0, -25, -38, -45, -44
mse: 1.3818579504593584
----------------------
pred_str: 48, 50, 47, 43, 36, 26, 14, 2, -9, -20, -29, -35, -41, -44, -45, -42, -35, -25, -13, -4, 5, 13, 21, 25, 26, 25, 22, 17, 13, 10, 7, 4, 0, -4, -12, -20, -24, -26, -27, -27, -25, -21, -15, -8, -3, 1, 8, 15, 20, 21, 20, 16, 10, 3, -3, -10, -16, -22, -28, -35
target_str: -104, -98, -88, -75, -56, -33, -12, 5, 16, 22, 21, 19, 15, 14, 14, 16, 19, 20, 20, 19, 16, 11, 5, 2, 0, -6, -11, -15, -13, -9, 0, 5, 7, 3, -6, -24, -43, -61, -73, -76, -72, -64, -53, -36, -9, 22, 54, 82, 100, 106
mse: 0.9676802441935066
----------------------
pred_str: -21, -13, -1, 20, 45, 67, 84, 92, 91, 82, 66, 48, 33, 20, 11, 6, 3, 0, -1, -3, -5, -6, -6, -6, -5, -5, -5, -5, -4, -4, -3, -2, -1, 0, 2, 8, 14, 21, 26, 25, 18, 9, 1, -2, -6, -10, -15, -21, -26, -30, -32, -32, -28, -23, -16, -6, 1, 14, 25, 35, 37, 30, 18
target_str: -63, -64, -62, -53, -43, -33, -22, -15, -8, 2, 14, 29, 41, 48, 51, 53, 49, 44, 39, 32, 25, 21, 17, 12, 7, 0, -7, -14, -17, -9, 8, 28, 47, 58, 59, 51, 35, 16, -9, -31, -50, -62, -66, -61, -52, -39, -24, -13, -5, 3
mse: 0.7819591490743112
----------------------
pred_str: 56, 48, 40, 33, 25, 22, 19, 18, 18, 18, 19, 19, 19, 17, 17, 20, 27, 34, 37, 38, 42, 45, 46, 45, 43, 38, 33, 30, 24, 21, 23, 24, 25, 25, 23, 17, 15, 13, 13, 12, 14, 16, 23, 31, 33, 30, 26, 22, 22, 20, 17, 16, 19, 21
target_str: 5, -5, 7, 31, 22, 35, 66, 49, 53, 60, 42, 12, 3, 18, 13, 2, 3, 21, 33, 42, 46, 25, 33, 32, 26, 28, 17, 19, 19, 23, 23, 26, 22, 26, 33, 27, 28, 22, 10, 16, 24, 18, 29, 53, 54, 23, 9, 17, 31, 3
mse: 0.11518987014318348
----------------------
pred_str: 22, 11, -2, -13, -18, -21, -22, -19, -12, -2, 15, 45, 69, 70, 47, 27, 14, 7, 3, 1, 0, 0, 0, 0, 0, 1, 11, 34, 74, 99, 84, 48, 27, 15, 9, 5, 3, 2, 2, 2, 2, 1, 3, 14, 41, 78, 96, 77, 44, 23, 11, 5, 2, -1, -5, -9, -13, -15, -14, -7, 4, 24, 54, 76, 66, 43, 25, 13, 8, 4, 2, 2
target_str: 1, 2, 2, 1, 1, 7, 22, 62, 96, 96, 60, 25, 12, 2, -1, -4, -7, -11, -15, -17, -15, -6, 4, 34, 69, 83, 67, 38, 22, 13, 10, 8, 8, 9, 10, 9, 8, 7, 14, 39, 79, 94, 68, 39, 22, 13, 6, 3, 0, -3
mse: 0.7546890541993143
----------------------
pred_str: -6, -26, -39, -43, -34, -20, -2, 2, 16, 27, 28, 21, 13, 7, 4, 4, 5, 4, 2, 0, -3, -10, -18, -24, -31, -36, -42, -48, -54, -59, -64, -69, -74, -76, -76, -73, -67, -57, -44, -30, -18, -11, -1, 12, 27, 35, 36, 33, 25, 12, -3, -15, -23, -27, -30, -31, -32, -30
target_str: 37, 42, 49, 59, 68, 72, 74, 72, 68, 65, 59, 51, 43, 35, 28, 22, 13, 2, -15, -37, -59, -75, -84, -84, -78, -67, -53, -42, -37, -31, -16, 0, 12, 19, 16, 3, -15, -30, -37, -37, -28, -13, 5, 24, 41, 54, 61, 67, 64, 45
mse: 0.8081470973272842
----------------------
pred_str: -42, -44, -45, -47, -49, -51, -53, -54, -54, -52, -47, -37, -21, -6, 14, 29, 40, 44, 45, 45, 43, 38, 30, 21, 12, 5, -1, -8, -18, -30, -41, -48, -52, -48, -35, -16, 0, 19, 32, 40, 44, 43, 41, 39, 34, 29, 20, 11, 1, -11, -23, -38, -52, -62, -69, -73
target_str: -32, -14, 5, 23, 37, 47, 57, 66, 74, 78, 75, 61, 40, 14, -13, -36, -45, -36, -18, 1, 17, 27, 30, 27, 23, 19, 20, 21, 19, 13, 6, 3, 7, 13, 20, 32, 42, 48, 47, 40, 31, 21, 14, 8, 6, 9, 15, 22, 28, 30
mse: 1.0523473959006393
----------------------
pred_str: 5, 21, 41, 66, 86, 97, 98, 93, 77, 56, 34, 13, -6, -29, -45, -59, -65, -65, -61, -54, -46, -35, -24, -13, -4, 1, 13, 27, 43, 57, 63, 60, 47, 28, 8, -6, -26, -40, -51, -56, -58, -57, -52, -45, -34, -24, -14, -4, 8, 21, 40, 60, 74, 83, 86, 82
target_str: -24, -18, -10, -1, 6, 14, 20, 28, 40, 55, 68, 75, 75, 70, 60, 46, 27, 8, -6, -18, -24, -27, -28, -26, -23, -19, -14, -10, -5, -2, 0, 2, 11, 25, 43, 60, 69, 70, 63, 48, 30, 11, -4, -18, -29, -37, -42, -44, -41, -37
mse: 1.163913620783789
----------------------
pred_str: -6, 13, 18, 22, 25, 23, 27, 34, 40, 44, 44, 41, 39, 47, 68, 80, 75, 61, 38, 14, -24, -59, -43, -57, -68, -65, -65, -63, -69, -71, -70, -66, -54, -35, -61, -22, 18, 39, 23, 2, -20, -21, -15, -12, -13, -12, -14, -18, -20, -18, -12, -20, -3
target_str: -14, -55, -62, -74, -57, -43, -55, -69, -74, -90, -102, -102, -89, -71, -46, -49, -79, -16, 18, 29, 11, -12, -2, 12, 33, 38, 32, 23, 23, 37, 66, 79, 70, 46, 28, 13, -48, -58, -44, -77, -78, -80, -68, -63, -66, -74, -87, -97, -103, -96
mse: 2.583659070403942
----------------------
pred_str: -27, -27, -28, -29, -30, -30, -30, -31, -31, -30, -28, -26, -25, -25, -23, -22, -23, -26, -29, -30, -30, -31, -30, -30, -31, -32, -32, -32, -32, -32, -32, -33, -32, -29, -21, -13, -10, -7, -8, -9, -10, -12, -14, -15, -15, -15, -17, -16, -15, -13, -12, -12, -11, -11, -11, -10, -10, -12, -12, -13, -13, -13, -13, -15, -17
target_str: -13, -17, -18, -18, -20, -21, -19, -18, -14, -8, -3, 3, 3, 0, 0, -6, -17, -34, -50, -69, -81, -82, -75, -66, -54, -41, -31, -26, -24, -20, -16, -11, -7, -7, -7, -9, -24, -46, -76, -89, -59, -37, -35, -32, -24, -13, -1, 9, 16, 21
mse: 0.23808462423517557
----------------------
pred_str: -23, -33, -38, -41, -40, -36, -32, -26, -14, 1, 35, 61, 72, 72, 64, 47, 31, 13, -1, -22, -38, -49, -54, -54, -52, -49, -43, -35, -26, -10, 13, 42, 63, 70, 65, 47, 26, 6, -12, -27, -38, -41, -39, -37, -32, -25, -10, 15, 51, 73, 81, 76, 59, 37
target_str: 52, 40, 22, 2, -18, -38, -55, -68, -76, -79, -76, -68, -50, -23, 8, 38, 61, 70, 67, 58, 44, 28, 13, 1, -9, -17, -22, -24, -26, -27, -25, -14, 5, 30, 55, 72, 80, 77, 65, 48, 27, 8, -9, -21, -32, -39, -44, -47, -48, -46
mse: 1.1829408502464571
----------------------
pred_str: -34, -34, -30, -23, -14, -4, 3, 12, 20, 25, 27, 25, 20, 13, 6, 1, -3, -8, -13, -18, -22, -25, -28, -30, -31, -31, -29, -26, -21, -15, -7, 0, 5, 8, 8, 7, 4, -1, -8, -16, -23, -29, -35, -39, -41, -41, -38, -34, -29, -23, -16, -8, 1, 9, 14, 17, 17, 14, 9, 3, -2, -7, -10, -13
target_str: 24, 8, -4, -15, -23, -29, -31, -31, -30, -26, -21, -16, -10, -4, 0, 5, 10, 15, 19, 22, 23, 21, 16, 9, 0, -9, -19, -29, -37, -43, -43, -37, -26, -11, 3, 15, 21, 22, 20, 16, 9, 2, -1, 0, 5, 14, 21, 25, 24, 20
mse: 0.38057550772827076
----------------------
pred_str: 10, 24, 39, 47, 46, 38, 26, 14, 2, -6, -13, -18, -22, -24, -27, -28, -29, -28, -26, -23, -19, -13, -7, -3, 2, 12, 22, 31, 35, 32, 23, 11, 0, -4, -9, -13, -15, -17, -18, -19, -22, -26, -30, -33, -36, -39, -41, -42, -41, -32, -16, 2, 16, 27, 35, 35, 30, 21
target_str: 43, 29, 14, -1, -13, -21, -23, -22, -18, -13, -9, -7, -7, -7, -9, -16, -19, -27, -34, -40, -42, -44, -42, -36, -24, -8, 12, 34, 50, 56, 56, 47, 33, 14, -4, -20, -34, -39, -42, -43, -39, -37, -36, -37, -40, -47, -54, -66, -77, -88
mse: 0.2108763663100088
----------------------
pred_str: -18, -14, -10, -4, 4, 12, 22, 32, 39, 43, 40, 31, 17, 0, -17, -33, -44, -49, -54, -58, -62, -63, -61, -55, -47, -37, -26, -14, -4, 1, 12, 24, 33, 37, 35, 30, 22, 13, 4, -11, -25, -37, -45, -50, -52, -52, -50, -46, -41, -36, -31, -26, -21, -16, -12, -9, -7
target_str: -5, -2, -5, -11, -14, -10, 2, 18, 35, 46, 49, 44, 33, 18, 3, -11, -24, -31, -35, -34, -31, -27, -23, -19, -17, -17, -14, -7, 4, 18, 30, 37, 36, 30, 18, 3, -11, -24, -34, -40, -42, -41, -38, -34, -30, -26, -21, -12, 1, 18
mse: 0.1656797396793169
----------------------
pred_str: 11, 11, 11, 11, 11, 11, 11, 11, 11, 11, 11, 11, 11, 11, 11, 11, 11, 11, 11, 11, 11, 11, 11, 11, 11, 11, 11, 11, 11, 11, 11, 11, 11, 11, 11, 11, 11, 11, 11, 11, 11, 11, 11, 11, 11, 11, 11, 11, 11, 11, 11, 11, 11, 11, 11, 11, 11
target_str: -31, -17, -9, -5, 0, 3, -2, -17, -27, -41, -55, -62, -62, -72, -57, -30, -27, -13, -1, 6, 11, 17, 24, 28, 28, 23, 21, 10, -9, -35, -82, -101, -104, -101, -91, -72, -47, -28, -15, -9, -6, -3, -5, -18, -32, -38, -51, -65, -65, -61
mse: 0.8598984406399479
----------------------
pred_str: -34, -62, -82, -94, -100, -96, -84, -66, -46, -31, -15, 0, 13, 18, 17, 16, 17, 17, 16, 11, 5, -5, -22, -42, -60, -73, -84, -92, -96, -95, -86, -71, -53, -37, -20, -10, 2, 18, 32, 44, 52, 55, 53, 49, 36, 17, -5, -26, -45, -63, -74, -82, -83, -76, -60, -42, -23
target_str: -97, -91, -77, -60, -41, -23, -8, 2, 8, 11, 11, 11, 9, 4, 0, -2, -7, -24, -48, -68, -75, -67, -45, -14, 14, 35, 47, 49, 45, 36, 26, 16, 8, -1, -19, -45, -68, -77, -71, -54, -33, -13, 4, 18, 27, 30, 28, 21, 13, 2
mse: 1.445253191424997
----------------------
pred_str: -61, -68, -66, -61, -60, -51, -47, -42, -30, -12, 0, 6, 10, 13, 23, 35, 45, 52, 56, 58, 66, 71, 71, 64, 55, 44, 30, 17, 7, -4, -14, -24, -34, -47, -65, -79, -89, -91, -93, -96, -99, -99, -98, -92, -87, -74, -53, -25, 0, 10, 16, 23, 33, 44, 50, 54, 58
target_str: 66, 58, 51, 37, 18, 0, -12, -20, -28, -39, -50, -57, -65, -75, -86, -86, -79, -80, -71, -57, -42, -20, -2, 4, 6, 2, 3, 13, 28, 38, 46, 52, 53, 49, 50, 55, 58, 56, 57, 61, 53, 43, 26, 8, -5, -19, -30, -39, -43, -52
mse: 2.742147172818039
----------------------
pred_str: -35, -36, -34, -30, -26, -23, -18, -11, -3, 8, 17, 25, 30, 32, 33, 31, 25, 14, 0, -13, -27, -42, -50, -52, -50, -42, -27, -12, 0, 12, 22, 30, 36, 39, 39, 35, 28, 18, 9, 2, -4, -7, -7, -6, -5, -4, -3, -1, 1, 8, 16, 23, 29, 34, 35, 32, 25, 14, 2, -9, -19, -31, -41
target_str: 20, 27, 36, 44, 50, 51, 45, 35, 25, 14, 4, -4, -12, -19, -25, -28, -25, -19, -15, -10, -7, -7, -7, -7, -2, 6, 17, 27, 34, 39, 44, 50, 54, 57, 55, 49, 41, 28, 18, 6, -3, -12, -22, -29, -31, -30, -26, -19, -9, 0
mse: 0.44842919277664706
----------------------
pred_str: 84, 78, 73, 56, 44, 35, 32, 31, 31, 31, 31, 33, 38, 44, 45, 39, 32, 27, 13, -7, -21, -33, -42, -44, -45, -42, -43, -45, -48, -51, -49, -39, -17, 6, 44, 58, 64, 61, 58, 52, 46, 47, 46, 42, 42, 48, 54, 57, 53, 49, 43, 41
target_str: 58, 51, 43, 36, 35, 41, 50, 59, 68, 77, 79, 74, 68, 52, 38, 18, -5, -24, -38, -41, -44, -49, -54, -57, -63, -63, -52, -38, -23, -4, 21, 44, 51, 49, 49, 47, 49, 43, 41, 45, 53, 59, 66, 79, 91, 85, 67, 55, 36, 11
mse: 0.32366077910480817
----------------------
pred_str: -19, -21, -21, -19, -16, -12, -6, -1, 0, -1, -4, -9, -14, -19, -23, -22, -18, -13, -9, -6, -3, -2, -1, -1, -2, -2, -1, 0, 0, 0, 0, 0, 0, 1, 3, 4, 1, 0, -1, -4, -12, -23, -35, -53, -70, -75, -62, -47, -34, -25, -16, -8, -1, 0, 0, 0, 0, 0, 0, 0, 0, 0, 0, 0, 0, 0, 0, 0
target_str: 27, 19, 10, 0, -10, -19, -23, -23, -19, -12, -5, 4, 24, 62, 96, 93, 66, 42, 26, 19, 17, 17, 15, 12, 9, 6, 6, 5, 5, 7, 14, 29, 56, 91, 87, 60, 44, 35, 28, 21, 14, 6, -2, -11, -18, -20, -19, -14, -9, 0
mse: 0.5978458146506939
----------------------
pred_str: -14, -37, -57, -70, -74, -68, -53, -34, -17, -5, -23, -43, -26, 5, 19, 12, 1, -11, -22, -21, -36, -60, -74, -78, -64, -45, -32, -26, -37, -35, -15, 2, 13, 10, -1, -1, -4, 4, 21, 28, 29, 28, 29, 33, 44, 48, 44, 27, -11, -57, -53, -45, -33, -24, -19
target_str: 14, 18, 33, 44, 46, 38, 16, -47, -38, -8, -35, -32, -34, -37, -37, -40, -51, -61, -68, -70, -63, -50, -41, -24, -46, -32, 18, 28, 24, -7, -7, 0, 14, 28, 28, 23, 22, 27, 37, 44, 45, 31, 16, -21, -46, -13, -28, -39, -29, -25
mse: 0.7322051392411539
----------------------
pred_str: -1, 1, -12, -20, -24, -23, -17, -10, -5, -1, 11, 43, 47, 35, 34, 44, 52, 46, 37, 31, 26, 21, 19, 17, 16, 16, 18, 44, 78, 91, 95, 92, 82, 68, 49, 28, 10, -10, -21, -25, -24, -16, -8, 0, 22, 48, 48, 39, 38, 46, 51, 43, 36, 32, 29
target_str: 92, 98, 87, 76, 57, 37, 17, 0, -13, -22, -23, -19, -13, -9, -6, -4, 15, 46, 55, 47, 37, 39, 41, 34, 28, 24, 21, 17, 14, 12, 12, 10, 11, 20, 47, 68, 78, 87, 83, 70, 53, 35, 17, 0, -14, -24, -28, -24, -14, -8
mse: 1.022307005673262
----------------------
pred_str: -25, -31, -36, -39, -40, -38, -33, -26, -20, -14, -8, 3, 50, 47, 38, 39, 30, 24, 21, 22, 25, 26, 26, 24, 25, 31, 44, 61, 80, 96, 98, 91, 80, 64, 49, 34, 18, 0, -9, -16, -21, -26, -31, -34, -34, -30, -24, -16, -12, 10, 65, 58, 46
target_str: 53, 66, 87, 91, 81, 70, 62, 52, 37, 22, 9, 0, -8, -17, -26, -32, -34, -34, -32, -28, -23, -17, -13, -3, 22, 71, 61, 49, 55, 45, 39, 33, 30, 30, 31, 27, 24, 22, 21, 24, 30, 39, 56, 73, 89, 83, 66, 59, 46, 38
mse: 1.3624225971278128
----------------------
