pred_str: 4, 0, 0, -2, -2, -2, -2, -2, -2, -2, -2, -2, -2, -2, -2, -2, -2, -2, -2, -2, -2, -2, -2, -2, -2, -2, -2, -2, -2, -2, -2, -2, -2, -2, -2, -2, -2, -2, -2, -2, -2, -2, -2, -2, -2, -2, -2, -2, -2, -2, -2, -2, -2, -2, -2, -2, -2, -2, -2, -2, -2, -2, -2, -2, -2, -2, -2, -2, -2, -2, -2, -2, -2, -2, -2, -2, -2, -2, -2, -2, -2, -2, -2, -2, -2, -2, -2, -2, -2, -2, -2, -2, -2, -2, -2, -2, -2, -2, -2, -2, -2, -2, -2, -2, -2, -2, -2, -2, -2, -2, -2, -2, -2, -2, -2, -2, -2, -2, -2, -2, -2, -2, -2, -2, -2, -2, -2, -2, -2, -2, -2, -2, -2, -2, -2, -2, -2, -2, -2, -2, -2, -2, -2, -2, -2, -2, -2, -2, -2, -2, -2, -2, -2, -2, -2, -2, -2, -2, -2, -2, -2, -2, -2, -2, -2, -2, -2, -2, -2, -2, -2,
target_str: -3, -5, -4, -5, -5, -4, -6, -9, -9, -10, -6, -9, -9, -8, -3, -4, -7, -11, -8, -11, -10, -11, 89, 20, -37, -8, -12, -1, -3, 1, 7, 16, 25, 32, 32, 19, 5, -6, -8, -8, -9, -7, -7, -8, -7, -7, -9, -8, -11, -13
mse: 0.01515545844152072
----------------------
pred_str: 100, 17, -20, -18, -15, -24, -19, -15, -15, -15, -15, -15, -15, -15, -15, -15, -15, -15, -15, -15, -15, -15, -15, -15, -15, -15, -15, -15, -15, -15, -15, -15, -15, -15, -15, -15, -15, -15, -15, -15, -15, -15, -15, -15, -15, -15, -15, -15, -15, -15, -15, -15, -15, -15, -15, -15, -15, -15, -15, -15, -15, -15, -15, -15, -15, -15, -15, -15, -15, -15, -15, -15, -15, -15, -15, -15, -15, -15, -15, -15, -15, -15, -15, -15, -15, -15, -15, -15, -15, -15, -15, -15, -15, -15, -15, -15, -15, -15, -15, -15, -15, -15, -15, -15, -15, -15, -15, -15, -15, -15, -15, -15, -15, -15, -15, -15, -15, -15, -15, -15, -15, -15, -15, -15, -15, -15, -15, -15,
target_str: -5, -8, -8, -6, -7, -5, -4, -6, -6, -8, -7, -3, -2, 1, -1, -10, -7, -14, -3, -26, 47, 82, -29, -2, -12, 0, -5, 2, 6, 12, 24, 33, 34, 21, 6, -4, -9, -10, -11, -9, -7, -6, -7, -7, -8, -9, -10, -8, -6, -3
mse: 0.03752854942841412
----------------------
pred_str: 0, 0, 0, 0, 0, 0, 0, 0, 0, 0, 0, 0, 0, 0, 0, 0, 0, 0, 0, 0, 0, 0, 0, 0, 0, 0, 0, 0, 0, 0, 0, 0, 0, 0, 0, 0, 0, 0, 0, 0, 0, 0, 0, 0, 0, 0, 0, 0, 0, 0, 0, 0, 0, 0, 0, 0, 0, 0, 0, 0, 0, 0, 0, 0, 0, 0, 0, 0, 0, 0, 0, 0, 0, 0, 0, 0, 0, 0, 0, 0, 0, 0, 0, 0, 0, 0, 0, 0, 0, 0, 0, 0, 0, 0, 0, 0, 0, 0, 0, 0, 0, 0, 0, 0, 0, 0, 0, 0, 0, 0, 0, 0, 0, 0, 0, 0, 0, 0, 0, 0, 0, 0, 0, 0, 0, 0, 0, 0, 0, 0, 0, 0, 0, 0, 0, 0, 0, 0, 0, 0, 0, 0, 0, 0, 0, 0, 0, 0, 0, 0, 0, 0, 0, 0, 0, 0, 0, 0, 0, 0, 0, 0, 0, 0, 0, 0, 0, 0, 0, 0, 0,
target_str: -9, -10, -11, -13, -10, -6, -2, -13, -12, -17, -9, -33, 32, 64, -16, -7, -13, -7, -7, -2, 2, 9, 21, 27, 21, 10, -1, -2, -4, -8, -5, 2, 0, 0, 3, 0, 0, -2, -2, 0, 4, 5, -4, -4, -4, -2, -14, 78, 35, -7
mse: 0.01732094444310276
----------------------
pred_str: 11, 14, 15, 12, 14, 15, 16, 15, 15, 15, 15, 15, 15, 15, 15, 15, 15, 15, 15, 15, 15, 15, 15, 15, 15, 15, 15, 15, 15, 15, 15, 15, 15, 15, 15, 15, 15, 15, 15, 15, 15, 15, 15, 15, 15, 15, 15, 15, 15, 15, 15, 15, 15, 15, 15, 15, 15, 15, 15, 15, 15, 15, 15, 15, 15, 15, 15, 15, 15, 15, 15, 15, 15, 15, 15, 15, 15, 15, 15, 15, 15, 15, 15, 15, 15, 15, 15, 15, 15, 15, 15, 15, 15, 15, 15, 15, 15, 15, 15, 15, 15, 15, 15, 15, 15, 15, 15, 15, 15, 15, 15, 15, 15, 15, 15, 15, 15, 15, 15, 15, 15, 15, 15, 15, 15, 15, 15, 15, 
target_str: 0, -8, -9, -8, -6, -10, -10, -9, -8, -8, -10, -11, -11, -11, -12, -11, -12, -13, -11, -4, 4, 0, -7, -20, -4, -26, 89, 27, -34, 3, -13, 1, -1, 4, 9, 18, 26, 36, 40, 26, 3, -7, -11, -11, -10, -11, -9, -9, -8, -7
mse: 0.03134116622679366
----------------------
pred_str: 0, 1, -2, -1, -2, 0, 1, -1, 2, -2, -2, 0, 1, 2, -1, 0, 0, 1, 1, -1, -1, -2, -2, -3, -4, -4, -4, -3, -4, -4, -3, -3, -3, -3, -3, -3, -4, -4, -3, -4, -3, -3, -4, -4, -3, -4, -4, -4, -4, -3, -3, -4, -4, -4, -4, -4, -4, -3, -3, -4, -4, -4, -4, -4, -3, -3, -3, -3, -4, -3, -4, -4, -4, -4, -4, -4, -4, -4, -4, -4, -4, -4, -4, -4, -4, -4, -4, -4, -4, -4, -4, -4, -4, -4, -4, -4, -4, -4, -4, -4, -4, -4, -4, -4, -4, -4, -4, -4, -4, -4, -4, -4, -4, -4, -4, -4, -4, -4, -4, -4, -4, -4, -4, -4, -4, -4, -4, -4, -4, -4, -4, -4, -4, -4, -4, -4, -4, -4, -4, -4, -4, -4, -4, -4, -4, -4, -4, -4, -4, -4, -4, -4, -4, -4, -4, -4, -4, -4, -4, -4, -4, -4, -4, -4, -4, -4, -4, -4, -4, -4, -4,
target_str: -17, -1, 12, 14, -24, -2, -49, 65, 57, -71, -6, -24, -4, -11, 2, 16, 34, 54, 61, 71, 55, 29, -7, -21, -20, -26, -25, -24, -25, -27, -28, -34, -32, -33, -31, -27, -25, -28, -36, -21, -4, 8, -4, -26, -12, -20, 104, -30, -56, -2
mse: 0.05862805598845953
----------------------
pred_str: 1, 1, 3, 3, 3, 2, 4, 6, 8, 11, 14, 16, 17, 15, 16, 16, 16, 16, 15, 15, 16, 16, 16, 16, 16, 15, 16, 16, 16, 15, 16, 16, 16, 16, 16, 16, 16, 16, 16, 16, 16, 16, 16, 16, 16, 16, 16, 16, 16, 16, 16, 16, 16, 16, 16, 16, 16, 16, 16, 16, 16, 16, 16, 16, 16, 16, 16, 16, 16, 16, 16, 16, 16, 16, 16, 16, 16, 16, 16, 16, 16, 16, 16, 16, 16, 16, 16, 16, 16, 16, 16, 16, 16, 16, 16, 16, 16, 16, 16, 16, 16, 16, 16, 16, 16, 16, 16, 16, 16, 16, 16, 16, 16, 16, 16, 16, 16, 16, 16, 16, 16, 16, 16, 16, 16, 16, 16, 16, 16, 16, 1
target_str: -5, -7, -6, -6, -12, -4, -6, -8, -7, -4, -3, -6, -11, -5, -9, -5, -7, -8, -2, 2, -3, -5, -9, -5, -16, -4, -20, 50, 72, -15, 1, -11, -5, -10, -2, -5, -3, 3, 12, 25, 36, 40, 28, 5, -5, -11, -9, -9, -9, -8
mse: 0.023471042430377908
----------------------
pred_str: 0, -3, -5, -4, -3, -3, -4, -4, -7, -7, -11, -8, -8, -5, -1, -2, 4, 14, 9, -3, -8, -6, -6, 100, 14, -12, -4, -13, -6, -8, -7, -3, 0, 2, 9, 21, 30, 34, 25, 12, 0, -10, -8, -9, -9, -9, -8, -7, -6, -9, -9, -7, -7, -8, -10, -10, -10, -9, -7, 1, 5, 0, -19, -9, -28, 42, 72, -33, -1, -15, -7, -12, -5, -4, -4, 4, 11, 21, 32, 38, 40, 24, 3, -4, -7, -9, -7, -6, -7, -5, -8, -7, -7, -8, -10, -10, -9, -9, -7, 4, 6, -5, -22, -5, -25, 59, 37, -37, 0, -17, -6, -9, -4, -4, 0, 2, 11, 24, 32, 40, 34, 14, 0, -10, -11, -9, -11, -10, -5, -6, -7, -8, -8, -8, -8, -10, -10, -10, -1, nan, nan, nan, nan, nan, nan, nan, nan, nan, nan, nan, nan, nan, nan, nan, nan, nan, nan, nan, nan, nan, nan, nan,
target_str: 6, -2, -15, -13, -17, 5, 87, -12, -11, -12, -11, -10, -5, -4, -6, 0, 7, 12, 24, 35, 34, 20, 4, -3, -9, -11, -11, -11, -10, -10, -8, -9, -9, -8, -10, -9, -8, -11, -9, -8, -9, 1, 4, -1, -14, -9, -20, 6, 99, -1
mse: 0.041879145228602054
----------------------
pred_str: 12, 10, 16, 20, 30, 35, 35, 20, 7, -1, -11, -16, -17, -18, -19, -19, -17, -18, -18, -18, -18, -18, -19, -19, -19, -19, -19, -19, -19, -19, -19, -19, -19, -19, -19, -19, -19, -19, -19, -19, -19, -19, -19, -19, -19, -19, -19, -19, -19, -19, -19, -19, -19, -19, -19, -19, -19, -19, -19, -19, -19, -19, -19, -19, -19, -19, -19, -19, -19, -19, -19, -19, -19, -19, -19, -19, -19, -19, -19, -19, -19, -19, -19, -19, -19, -19, -19, -19, -19, -19, -19, -19, -19, -19, -19, -19, -19, -19, -19, -19, -19, -19, -19, -19, -19, -19, -19, -19, -19, -19, -19, -19, -19, -19, -19, -19, -19, -19, -19, -19, -19, -19, -19, -19, -19, -19, -19, -19, -19
target_str: 7, -1, -1, 2, -12, -22, -23, -29, -20, -22, 75, 9, -34, -17, -28, -16, -23, -12, -10, 2, 11, 26, 38, 38, 14, -13, -20, -27, -30, -28, -29, -26, -27, -21, -20, -24, -16, -16, -7, -13, -24, -20, -27, -13, -30, 54, 60, -27, 0, -7
mse: 0.044288947503131046
----------------------
pred_str: 0, 0, 0, 0, 0, 0, 0, 0, 0, 0, 0, 0, 0, 0, 0, 0, 0, 0, 0, 0, 0, 0, 0, 0, 0, 0, 0, 0, 0, 0, 0, 0, 0, 0, 0, 0, 0, 0, 0, 0, 0, 0, 0, 0, 0, 0, 0, 0, 0, 0, 0, 0, 0, 0, 0, 0, 0, 0, 0, 0, 0, 0, 0, 0, 0, 0, 0, 0, 0, 0, 0, 0, 0, 0, 0, 0, 0, 0, 0, 0, 0, 0, 0, 0, 0, 0, 0, 0, 0, 0, 0, 0, 0, 0, 0, 0, 0, 0, 0, 0, 0, 0, 0, 0, 0, 0, 0, 0, 0, 0, 0, 0, 0, 0, 0, 0, 0, 0, 0, 0, 0, 0, 0, 0, 0, 0, 0, 0, 0, 0, 0, 0, 0, 0, 0, 0, 0, 0, 0, 0, 0, 0, 0, 0, 0, 0, 0, 0, 0, 0, 0, 0, 0, 0, 0, 0, 0, 0, 0, 0, 0, 0, 0, 0, 0, 0, 0, 0, 0, 0, 0,
target_str: 0, -8, -1, 5, 17, 0, -12, -14, -9, -13, 40, 85, -47, -10, -10, -6, -6, -5, 2, 7, 20, 48, 70, 58, 10, -11, -24, -25, -25, -20, -20, -15, -9, -16, -9, -12, -16, -13, -14, -11, -13, -7, 0, 14, -13, -14, -18, -8, -17, 65
mse: 0.03275015485310621
----------------------
pred_str: 1, 0, 0, 0, 0, 0, 0, 0, 0, 0, 0, 0, 0, 0, 0, 0, 0, 0, 0, 0, 0, 0, 0, 0, 0, 0, 0, 0, 0, 0, 0, 0, 0, 0, 0, 0, 0, 0, 0, 0, 0, 0, 0, 0, 0, 0, 0, 0, 0, 0, 0, 0, 0, 0, 0, 0, 0, 0, 0, 0, 0, 0, 0, 0, 0, 0, 0, 0, 0, 0, 0, 0, 0, 0, 0, 0, 0, 0, 0, 0, 0, 0, 0, 0, 0, 0, 0, 0, 0, 0, 0, 0, 0, 0, 0, 0, 0, 0, 0, 0, 0, 0, 0, 0, 0, 0, 0, 0, 0, 0, 0, 0, 0, 0, 0, 0, 0, 0, 0, 0, 0, 0, 0, 0, 0, 0, 0, 0, 0, 0, 0, 0, 0, 0, 0, 0, 0, 0, 0, 0, 0, 0, 0, 0, 0, 0, 0, 0, 0, 0, 0, 0, 0, 0, 0, 0, 0, 0, 0, 0, 0, 0, 0, 0, 0, 0, 0, 0, 0, 0, 0,
target_str: 0, 5, 10, 24, 37, 37, 26, 12, 3, 1, 1, 4, 4, 5, 4, 6, 5, 4, 5, 8, 6, -2, 0, -9, 11, 36, -56, -33, -21, -24, -28, -30, -28, -18, -4, 7, 2, -10, -13, -12, -8, -6, -3, -1, 0, 1, 2, 2, 5, 4
mse: 0.014447039368959668
----------------------
pred_str: 0, 0, 0, 0, 0, 0, 0, 0, 0, 0, 0, 0, 0, 0, 0, 0, 0, 0, 0, 0, 0, 0, 0, 0, 0, 0, 0, 0, 0, 0, 0, 0, 0, 0, 0, 0, 0, 0, 0, 0, 0, 0, 0, 0, 0, 0, 0, 0, 0, 0, 0, 0, 0, 0, 0, 0, 0, 0, 0, 0, 0, 0, 0, 0, 0, 0, 0, 0, 0, 0, 0, 0, 0, 0, 0, 0, 0, 0, 0, 0, 0, 0, 0, 0, 0, 0, 0, 0, 0, 0, 0, 0, 0, 0, 0, 0, 0, 0, 0, 0, 0, 0, 0, 0, 0, 0, 0, 0, 0, 0, 0, 0, 0, 0, 0, 0, 0, 0, 0, 0, 0, 0, 0, 0, 0, 0, 0, 0, 0, 0, 0, 0, 0, 0, 0, 0, 0, 0, 0, 0, 0, 0, 0, 0, 0, 0, 0, 0, 0, 0, 0, 0, 0, 0, 0, 0, 0, 0, 0, 0, 0, 0, 0, 0, 0, 0, 0, 0, 0, 0, 0,
target_str: -12, -9, -14, -18, -12, 8, -14, -19, -22, -22, -18, 60, 46, -41, -15, -22, -9, -13, -1, 2, 8, 31, 46, 72, 83, 74, 30, 0, -21, -20, -23, -25, -23, -17, -24, -23, -23, -29, -34, -32, -24, -18, -6, -21, -21, -25, -21, -21, 66, 42
mse: 0.048731775149331094
----------------------
pred_str: 83, 79, 76, 73, 72, 72, 72, 71, 71, 70, 70, 69, 69, 68, 68, 68, 68, 68, 68, 68, 68, 68, 68, 68, 68, 68, 68, 68, 68, 68, 68, 68, 68, 68, 68, 68, 68, 68, 68, 68, 68, 68, 68, 68, 68, 68, 68, 68, 68, 68, 68, 68, 68, 68, 68, 68, 68, 68, 68, 68, 68, 68, 68, 68, 68, 68, 68, 68, 68, 68, 68, 68, 68, 68, 68, 68, 68, 68, 68, 68, 68, 68, 68, 68, 68, 68, 68, 68, 68, 68, 68, 68, 68, 68, 68, 68, 68, 68, 68, 68, 68, 68, 68, 68, 68, 68, 68, 68, 68, 68, 68, 68, 68, 68, 68, 68, 68, 68, 68, 68, 68, 68, 68, 68, 68, 68, 68, 68, 
target_str: -10, -6, -13, -6, 14, 114, -24, -51, -12, -20, -6, -7, 3, 5, 20, 38, 73, 93, 95, 71, 25, 3, -8, -13, -9, -12, -6, -10, -8, -5, -6, -8, -10, -10, -20, -27, -22, -31, -24, -22, -27, -17, -17, -15, -7, -6, -20, -21, -20, -35
mse: 0.2965783691808765
----------------------
pred_str: 11, 36, 53, 48, 18, -15, -21, -18, -21, -17, -17, -16, -14, -12, -11, -10, -10, -10, -11, -10, -11, -10, -10, -10, -10, -11, -11, -11, -11, -11, -11, -11, -11, -11, -11, -11, -11, -11, -11, -11, -11, -11, -11, -11, -11, -11, -11, -11, -11, -11, -11, -11, -11, -11, -11, -11, -11, -11, -11, -11, -11, -11, -11, -11, -11, -11, -11, -11, -11, -11, -11, -11, -11, -11, -11, -11, -11, -11, -11, -11, -11, -11, -11, -11, -11, -11, -11, -11, -11, -11, -11, -11, -11, -11, -11, -11, -11, -11, -11, -11, -11, -11, -11, -11, -11, -11, -11, -11, -11, -11, -11, -11, -11, -11, -11, -11, -11, -11, -11, -11, -11, -11, -11, -11, -11, -11, -11, -11, -
target_str: -12, -2, -8, 0, 4, 9, 16, 19, 51, 62, 65, 58, 33, -1, -11, -19, -17, -12, -11, -2, -2, 0, -3, 0, 10, 2, -15, -27, -24, -29, -29, -28, 2, 103, 17, -37, -12, -21, -14, -12, -6, -1, 1, 26, 44, 71, 62, 34, 2, -11
mse: 0.07219987401015542
----------------------
pred_str: 0, 0, 0, 0, 0, 0, 0, 0, 0, 0, 0, 0, 0, 0, 0, 0, 0, 0, 0, 0, 0, 0, 0, 0, 0, 0, 0, 0, 0, 0, 0, 0, 0, 0, 0, 0, 0, 0, 0, 0, 0, 0, 0, 0, 0, 0, 0, 0, 0, 0, 0, 0, 0, 0, 0, 0, 0, 0, 0, 0, 0, 0, 0, 0, 0, 0, 0, 0, 0, 0, 0, 0, 0, 0, 0, 0, 0, 0, 0, 0, 0, 0, 0, 0, 0, 0, 0, 0, 0, 0, 0, 0, 0, 0, 0, 0, 0, 0, 0, 0, 0, 0, 0, 0, 0, 0, 0, 0, 0, 0, 0, 0, 0, 0, 0, 0, 0, 0, 0, 0, 0, 0, 0, 0, 0, 0, 0, 0, 0, 0, 0, 0, 0, 0, 0, 0, 0, 0, 0, 0, 0, 0, 0, 0, 0, 0, 0, 0, 0, 0, 0, 0, 0, 0, 0, 0, 0, 0, 0, 0, 0, 0, 0, 0, 0, 0, 0, 0, 0, 0, 0,
target_str: -4, -1, -4, -6, -1, 2, 14, 9, 26, 37, 38, 18, 4, 0, -7, -15, -15, -5, -8, -17, -13, -8, -14, -13, -12, -9, -5, -13, -14, -22, -11, -31, 31, 70, -9, -9, -14, -11, -15, 1, -5, 3, 10, 25, 27, 29, 16, -1, -16, -13
mse: 0.017085458878816538
----------------------
pred_str: 5, 5, 3, -1, -1, 0, 3, 4, 5, 8, 9, 8, 4, -2, -5, -4, -4, -3, -3, -3, -3, -3, -3, -4, -3, -3, -4, -4, -4, -4, -4, -4, -4, -5, -5, -5, -5, -6, -5, -6, -6, -6, -7, -6, -6, -7, -7, -7, -7, -8, -7, -7, -7, -8, -8, -8, -8, -8, -8, -8, -9, -8, -8, -8, -8, -8, -8, -8, -8, -8, -9, -8, -8, -8, -9, -8, -8, -8, -9, -9, -9, -9, -9, -9, -9, -9, -9, -9, -9, -9, -9, -9, -9, -9, -9, -9, -9, -9, -9, -9, -9, -9, -9, -9, -9, -9, -9, -9, -9, -9, -9, -9, -9, -9, -9, -9, -9, -9, -9, -9, -9, -9, -9, -9, -9, -9, -9, -9, -9, -9, -9, -9, -9, -9, -9, -9, -9, -9, -9, -9, -9, -9, -9, -9, -9, -9, -9, -9, -9, -9, -9, -9, -9, -9, -9, -9, -9, -9, -9, -9, -9, -9, -9, -9, -9, -9, -9, -9, -9, -9, -9,
target_str: -1, -7, -8, -8, -9, -9, -8, -8, -8, -8, -7, -8, -7, -7, -8, -8, -6, -4, -5, -5, -12, -5, -24, 56, 82, -14, -3, -10, -3, -5, 0, 3, 9, 16, 22, 15, 6, -4, -6, -7, -7, -7, -6, -7, -6, -7, -6, -6, -7, -7
mse: 0.015041640418782375
----------------------
pred_str: 11, 3, 1, -2, 0, -2, -4, -11, 0, -10, -6, -3, -4, -5, -3, -4, -4, -2, -3, -4, -3, -3, -3, -4, -4, -4, -4, -5, -5, -6, -6, -6, -6, -5, -6, -7, -6, -6, -6, -6, -6, -6, -6, -7, -7, -8, -8, -7, -7, -7, -8, -8, -8, -8, -8, -8, -8, -8, -8, -9, -8, -9, -9, -9, -10, -10, -10, -11, -11, -11, -11, -11, -11, -11, -11, -11, -11, -11, -11, -12, -12, -12, -12, -12, -12, -12, -12, -12, -12, -12, -12, -12, -12, -12, -12, -12, -12, -12, -12, -12, -12, -12, -12, -12, -12, -12, -12, -12, -12, -12, -12, -12, -12, -12, -12, -12, -12, -12, -12, -12, -12, -12, -12, -12, -12, -12, -12, -12, -12, -12, -12, -12, -12, -12, -12, -12, -12, -12, -12, -12, -12, -12, -12, -1
target_str: 12, 18, 30, 37, 39, 26, -1, -14, -9, -15, -22, -14, -19, -16, -20, -16, -19, -20, -21, -18, -15, -13, -19, -19, -23, -15, -31, 58, 67, -27, -7, -16, -3, -10, -6, 7, 5, 25, 37, 47, 33, 8, 0, -9, -8, -10, -10, -13, -11, -8
mse: 0.02616048381249679
----------------------
pred_str: 16, 15, 11, 10, 10, 10, 10, 11, 11, 11, 11, 11, 11, 11, 11, 12, 12, 12, 12, 12, 12, 12, 12, 12, 12, 12, 12, 12, 12, 12, 12, 12, 12, 12, 12, 12, 12, 12, 12, 12, 12, 12, 12, 12, 12, 12, 12, 12, 12, 12, 12, 12, 12, 12, 12, 12, 12, 12, 12, 12, 12, 12, 12, 12, 12, 12, 12, 12, 12, 12, 12, 12, 12, 12, 12, 12, 12, 12, 12, 12, 12, 12, 12, 12, 12, 12, 12, 12, 12, 12, 12, 12, 12, 12, 12, 12, 12, 12, 12, 12, 12, 12, 12, 12, 12, 12, 12, 12, 12, 12, 12, 12, 12, 12, 12, 12, 12, 12, 12, 12, 12, 12, 12, 12, 12, 12, 12, 12, 
target_str: 38, 46, 43, 30, 20, 20, 18, 8, -2, -7, -12, -15, -17, -21, -23, -23, -25, -27, -28, -27, -23, -28, -27, -33, -25, -44, 54, 18, -36, -25, -33, -26, -30, -24, -24, -21, -14, -9, -3, -1, -5, -11, -14, -14, -12, -13, -11, -11, -10, -6
mse: 0.046165963688462465
----------------------
pred_str: -13, 10, -3, -5, -2, 0, 0, 0, 0, 0, 0, 0, 0, 0, 0, 0, 0, 0, 0, 0, 0, 0, 0, 0, 0, 0, 0, 0, 0, 0, 0, 0, 0, 0, 0, 0, 0, 0, 0, 0, 0, 0, 0, 0, 0, 0, 0, 0, 0, 0, 0, 0, 0, 0, 0, 0, 0, 0, 0, 0, 0, 0, 0, 0, 0, 0, 0, 0, 0, 0, 0, 0, 0, 0, 0, 0, 0, 0, 0, 0, 0, 0, 0, 0, 0, 0, 0, 0, 0, 0, 0, 0, 0, 0, 0, 0, 0, 0, 0, 0, 0, 0, 0, 0, 0, 0, 0, 0, 0, 0, 0, 0, 0, 0, 0, 0, 0, 0, 0, 0, 0, 0, 0, 0, 0, 0, 0, 0, 0, 0, 0, 0, 0, 0, 0, 0, 0, 0, 0, 0, 0, 0, 0, 0, 0, 0, 0, 0, 0, 0, 0, 0, 0, 0, 0, 0, 0, 0, 0, 0, 0, 0, 0, 0, 0, 0, 0, 0, 0, 0,
target_str: 0, -1, 0, -3, -6, -6, -6, -9, -8, -3, 0, 2, -9, -14, -12, -20, -19, 81, -24, -44, -1, -6, -1, 1, 3, 10, 20, 27, 46, 59, 63, 43, 14, -5, -11, -10, -10, -11, -6, -9, -10, -6, -9, -8, -12, -11, -10, 0, -11, -12
mse: 0.024713228781987718
----------------------
pred_str: 0, -20, -27, -26, -27, -24, -17, -16, -16, -18, -25, -17, -16, -22, -15, -23, -23, -25, -25, -24, -20, -23, -23, -19, -16, -14, -12, -17, -21, -16, -14, -14, -12, -10, -12, -14, -16, -19, -21, -20, -17, -23, -26, -23, -21, -17, -21, -16, -21, -21, -18, -21, -18, -17, -16, -16, -14, -14, -11, -11, -10, -12, -12, -12, -12, -12, -11, -11, -12, -12, -13, -14, -14, -15, -14, -15, -15, -17, -18, -18, -19, -19, -19, -19, -18, -18, -18, -18, -17, -17, -18, -18, -19, -18, -18, -18, -18, -19, -19, -18, -19, -18, -18, -18, -18, -18, -18, -18, -18, -18, -18, -18, -18, -18, -18, -18, -18, -18, -18, -18, -18, -18, -18, -18, -18, -18, -18, -18, -1
target_str: 91, 94, 71, 22, -10, -12, -33, -25, -29, -17, -19, -17, -17, -16, -17, -16, -21, -19, -20, -22, -16, -17, -28, -22, -17, -3, 3, -22, -18, -32, 48, 25, -52, -7, -11, 0, 2, 20, 21, 41, 54, 76, 98, 79, 67, 24, -10, -19, -23, -17
mse: 0.09786485694779995
----------------------
pred_str: 0, -6, -7, -11, -10, -18, 18, 80, -6, -1, -4, -5, -4, -3, -2, 0, -2, 6, 13, 19, 30, 35, 28, 16, -1, -7, -4, -5, -7, -3, -6, -5, -3, -4, -6, -4, -3, -5, -4, -4, -6, -6, -7, -5, -4, -5, -4, -6, -4, -7, -6, -7, -8, -9, -10, -11, -11, -12, -12, -13, -13, -13, -13, -14, -15, -14, -13, -15, -13, -15, -15, -16, -16, -17, -17, -16, -17, -17, -17, -16, -17, -17, -17, -16, -17, -17, -17, -16, -17, -16, -16, -16, -17, -16, -17, -16, -16, -16, -16, -16, -16, -16, -16, -16, -16, -16, -16, -16, -16, -16, -16, -16, -16, -16, -16, -16, -16, -16, -16, -16, -16, -16, -16, -16, -16, -16, -16, -16, -16, -16, -16, -16, -16, -16, -16, -16, -16, -16, -16,
target_str: -7, -8, -9, -6, -14, -8, -5, -3, -2, -13, -12, -20, -15, -24, 82, 37, -24, -3, -16, -6, -7, -3, 5, 11, 24, 29, 33, 20, 3, -4, -12, -11, -10, -9, -10, -4, -4, -6, -9, -5, -10, -7, -9, -11, -6, -7, -8, -8, -4, 0
mse: 0.026286076113449443
----------------------
pred_str: 15, 22, 29, 37, 50, 50, 38, 14, -5, -1, -3, -4, -4, -5, -5, -1, 0, -5, -13, -8, -10, -15, -14, -18, -17, -13, -7, 2, 10, 13, 22, 30, 45, 47, 38, 22, 12, -2, -8, -8, -5, -1, -1, -1, 0, 0, -1, -6, -4, -5, -10, -9, -10, -15, -12, -15, -12, -15, -15, -15, -15, -14, -14, -14, -15, -14, -14, -14, -14, -14, -14, -14, -15, -15, -15, -15, -15, -15, -15, -15, -15, -15, -15, -15, -15, -15, -15, -15, -15, -15, -15, -15, -15, -15, -15, -15, -15, -15, -15, -15, -15, -15, -15, -15, -15, -15, -15, -15, -15, -15, -15, -15, -15, -15, -15, -15, -15, -15, -15, -15, -15, -15, -15, -15, -15, -15, -15, -15, -15, -15, -15, -15, -15, -15, -15,
target_str: -1, -15, -4, 6, 0, -20, -5, -10, 22, -70, -105, 0, -12, 2, 15, 16, 14, 22, 49, 63, 34, 29, 16, 0, -10, -6, -5, 0, -3, -5, 0, 0, -5, -10, 0, 0, -5, -14, 3, 15, -17, -4, -15, 29, -42, -116, -10, -3, 4, 12
mse: 0.07140412904083822
----------------------
pred_str: 0, -7, 0, 0, -1, 14, 0, -7, -9, -12, -8, -8, -16, 79, 49, -24, -12, -9, -7, -5, -7, -8, 5, 10, 28, 38, 21, 13, 1, -3, -10, -12, -8, -12, -3, -5, -12, -13, -2, 3, 4, -7, -16, -11, -15, -19, -15, 5, 100, 18, -18, -5, -17, -8, -12, -6, 0, 1, 4, 21, 32, 28, 6, -11, -10, -3, -6, -9, -16, -13, -2, -3, -7, -9, 6, 7, 5, -14, -16, -21, -4, -16, 70, 78, -23, -6, -9, -8, -12, -6, 4, -2, 0, 15, 41, 35, 7, -4, 3, 0, -14, -8, -13, 0, -2, -4, -5, -14, -2, -7, -8, -9, -8, 7, 9, -6, -20, -11, -13, -8, -17, 73, 45, nan, nan, nan, nan, nan, nan, nan, nan, nan, nan, nan, nan, nan, nan, nan, nan, nan, nan, nan, nan, nan, nan, nan, nan, nan, nan, nan, nan, nan, nan, nan, nan, nan, nan, nan, nan, nan, nan, nan, nan, nan, nan, nan, nan, nan
target_str: -25, -5, -16, -11, -10, -4, 2, -2, 5, 22, 41, 31, 1, 3, 1, -8, -20, -7, -2, -8, -6, -9, -6, -3, -11, -2, -15, 6, 11, 5, -15, -25, 2, -12, -14, -4, 105, 30, -20, -8, -22, 2, -7, -6, -3, 3, 14, 24, 32, 23
mse: 0.04327439719699791
----------------------
pred_str: 23, 31, 46, 77, 94, 102, 86, 56, 2, -4, -8, -15, -11, -14, -12, -12, -8, -11, -15, -14, -17, -17, -12, -10, -14, -12, -15, -10, -19, -19, -14, -19, -16, -13, -14, -22, -18, -16, -20, -14, -12, -15, -10, 0, -10, -15, -20, -19, -13, -11, -10, -8, -5, -14, -14, -17, -17, -17, -17, -18, -17, -18, -17, -17, -18, -19, -17, -18, -17, -18, -17, -16, -17, -16, -17, -17, -16, -17, -16, -16, -16, -15, -16, -16, -16, -16, -16, -17, -17, -16, -16, -16, -16, -16, -16, -17, -17, -17, -17, -17, -17, -17, -17, -17, -17, -17, -17, -17, -17, -17, -17, -17, -17, -17, -17, -17, -17, -17, -17, -17, -17, -17, -17, -17, -17, -17, -17, -17, -17, -17
target_str: 92, 55, 11, -11, -13, -21, -24, -10, -11, -12, -15, -19, -9, -15, -22, -15, -15, -20, -18, -17, -14, -11, -17, -6, 6, -6, 0, -26, -15, -28, 1, 33, -56, -12, -10, -7, -3, 5, 7, 15, 24, 55, 81, 98, 89, 53, 21, -6, -21, -13
mse: 0.10442901705227838
----------------------
pred_str: 0, 0, 0, 0, 0, 0, 0, 0, 0, 0, 0, 0, 0, 0, 0, 0, 0, 0, 0, 0, 0, 0, 0, 0, 0, 0, 0, 0, 0, 0, 0, 0, 0, 0, 0, 0, 0, 0, 0, 0, 0, 0, 0, 0, 0, 0, 0, 0, 0, 0, 0, 0, 0, 0, 0, 0, 0, 0, 0, 0, 0, 0, 0, 0, 0, 0, 0, 0, 0, 0, 0, 0, 0, 0, 0, 0, 0, 0, 0, 0, 0, 0, 0, 0, 0, 0, 0, 0, 0, 0, 0, 0, 0, 0, 0, 0, 0, 0, 0, 0, 0, 0, 0, 0, 0, 0, 0, 0, 0, 0, 0, 0, 0, 0, 0, 0, 0, 0, 0, 0, 0, 0, 0, 0, 0, 0, 0, 0, 0, 0, 0, 0, 0, 0, 0, 0, 0, 0, 0, 0, 0, 0, 0, 0, 0, 0, 0, 0, 0, 0, 0, 0, 0, 0, 0, 0, 0, 0, 0, 0, 0, 0, 0, 0, 0, 0, 0, 0, 0, 0, 0,
target_str: 4, 15, 23, 20, 20, 8, 0, -8, -12, -10, -6, -4, -7, -8, -9, -4, -3, -8, -5, -2, 0, -8, -10, -14, 99, 20, -23, -5, -14, -8, -1, -4, -2, 7, 14, 27, 24, 9, 0, -5, -4, -7, -8, -7, -6, -5, -3, -10, -9, -6
mse: 0.015525367015420323
----------------------
pred_str: 12, 11, 15, 26, 40, 53, 53, 31, 4, 1, 2, 3, 6, 11, 19, 27, 38, 47, 57, 53, 21, 0, -4, -8, -12, -16, -16, -14, -16, -14, -15, -16, -14, -12, -11, -12, -12, -14, -14, -16, -15, -17, -16, -17, -16, -15, -16, -14, -14, -14, -14, -14, -15, -15, -16, -16, -16, -16, -15, -16, -16, -16, -16, -16, -16, -16, -17, -17, -16, -17, -17, -16, -17, -17, -16, -16, -16, -16, -16, -16, -16, -16, -16, -16, -16, -16, -16, -16, -16, -16, -16, -16, -16, -16, -16, -16, -16, -16, -16, -16, -16, -16, -16, -16, -16, -16, -16, -16, -16, -16, -16, -16, -16, -16, -16, -16, -16, -16, -16, -16, -16, -16, -16, -16, -16, -16, -16, -16, -16, -16, -
target_str: -2, 3, 3, -1, -12, 1, -21, 30, 111, -74, -28, -10, 0, 0, 3, 9, 17, 39, 55, 64, 63, 21, -1, -17, -20, -25, -21, -17, -14, -16, -19, -20, -21, -17, -20, -20, -19, -2, -5, -17, -19, -25, -18, -26, 112, -43, -61, -6, -11, 1
mse: 0.05317264041582874
----------------------
