pred_str: 15, 1, 2, -2, -4, -1, -3, -2, -2, -2, -2, -2, -2, -2, -2, -2, -2, -2, -2, -3, -4, -3, -4, -5, -5, -5, -5, -4, -6, -6, -7, -8, -9, -8, -10, -10, -11, -12, -10, -10, -10, -10, -11, -10, -11, -12, -10, -11, -11, -11, -12, -11, -11, -13, -13, -11, -12, -13, -11, -14, -11, -12, -13, -10, -10, -13, -11, -12, -11
target_str: -3, -5, -4, -5, -5, -4, -6, -9, -9, -10, -6, -9, -9, -8, -3, -4, -7, -11, -8, -11, -10, -11, 89, 20, -37, -8, -12, -1, -3, 1, 7, 16, 25, 32, 32, 19, 5, -6, -8, -8, -9, -7, -7, -8, -7, -7, -9, -8, -11, -13
mse: 0.01764964304325228
----------------------
pred_str: 3, 6, -1, 0, 2, 0, 5, 14, 22, 32, 27, 13, 3, -3, -4, -3, -2, -2, -2, -2, -2, -2, -2, -2, -3, -2, -5, -3, -4, -6, -11, -11, -14, -20, 78, 56, -34, -4, -14, -2, -3, 0, 9, 23, 31, 36, 23, 4, -4, -6, -7, -6, -4, -3, -4, -5, -5, -5, -6, -6, -4, -6, -4, -2, 0, -5, -5, -8, -11
target_str: -5, -8, -8, -6, -7, -5, -4, -6, -6, -8, -7, -3, -2, 1, -1, -10, -7, -14, -3, -26, 47, 82, -29, -2, -12, 0, -5, 2, 6, 12, 24, 33, 34, 21, 6, -4, -9, -10, -11, -9, -7, -6, -7, -7, -8, -9, -10, -8, -6, -3
mse: 0.03820949518514177
----------------------
pred_str: 0, 0, -1, -1, -1, -1, -1, -1, -1, -1, -1, -1, -1, -1, -1, -2, -2, -2, -2, -2, -4, -4, -4, -5, -4, -6, -6, -5, -11, -11, -9, -14, -10, -14, -14, -15, -14, -15, -12, -13, -12, -12, -13, -13, -16, -15, -15, -17, -15, -16, -17, -17, -17, -18, -16, -16, -14, -15, -15, -15, -16, -18, -16, -16, -16, -15, -16, -17, -14, -12
target_str: -9, -10, -11, -13, -10, -6, -2, -13, -12, -17, -9, -33, 32, 64, -16, -7, -13, -7, -7, -2, 2, 9, 21, 27, 21, 10, -1, -2, -4, -8, -5, 2, 0, 0, 3, 0, 0, -2, -2, 0, 4, 5, -4, -4, -4, -2, -14, 78, 35, -7
mse: 0.024574881012969566
----------------------
pred_str: 1, 1, 11, 14, 24, 35, 40, 37, 19, 0, -5, -11, -10, -10, -9, -8, -9, -8, -10, -11, -10, -11, -10, -12, -13, -13, -12, -12, -1, 4, 1, -12, -9, -16, 1, 99, -26, -10, -3, -3, 1, 3, 6, 12, 23, 33, 41, 36, 15, -1, -7, -12, -12, -10, -10, -10, -9, -10, -11, -11, -13
target_str: 0, -8, -9, -8, -6, -10, -10, -9, -8, -8, -10, -11, -11, -11, -12, -11, -12, -13, -11, -4, 4, 0, -7, -20, -4, -26, 89, 27, -34, 3, -13, 1, -1, 4, 9, 18, 26, 36, 40, 26, 3, -7, -11, -11, -10, -11, -9, -9, -8, -7
mse: 0.046000142603610926
----------------------
pred_str: 0, 14, 12, 15, 19, 25, 32, 41, 55, 60, 63, 60, 31, -1, -4, -6, -12, -10, -9, -13, -14, -17, -15, -17, -18, -18, -18, -21, -19, -18, -14, -3, 1, 11, -4, -8, -14, 14, 78, -35, -12, -16, -10, -1, 1, 10, 25, 41, 55, 63, 74
target_str: -17, -1, 12, 14, -24, -2, -49, 65, 57, -71, -6, -24, -4, -11, 2, 16, 34, 54, 61, 71, 55, 29, -7, -21, -20, -26, -25, -24, -25, -27, -28, -34, -32, -33, -31, -27, -25, -28, -36, -21, -4, 8, -4, -26, -12, -20, 104, -30, -56, -2
mse: 0.11477173927369941
----------------------
pred_str: 0, 1, -1, 1, 1, 2, -1, -2, -2, -3, -3, -3, -4, -3, -3, -4, -5, -4, -4, -4, -6, -4, -5, -5, -5, -6, -5, -3, -5, -1, -6, -6, -7, -6, -7, -7, -7, -8, -10, -10, -10, -10, -11, -10, -12, -13, -14, 17, 81, -13, -11, -10, -12, -10, -11, -10, -9, -8, -6, -9, -8, -9, -7, -6, -11, -11, -11, -12, -12, -14, -12, -13, -14, -15
target_str: -5, -7, -6, -6, -12, -4, -6, -8, -7, -4, -3, -6, -11, -5, -9, -5, -7, -8, -2, 2, -3, -5, -9, -5, -16, -4, -20, 50, 72, -15, 1, -11, -5, -10, -2, -5, -3, 3, 12, 25, 36, 40, 28, 5, -5, -11, -9, -9, -9, -8
mse: 0.02662360542225969
----------------------
pred_str: 12, 19, 25, 31, 29, 26, 23, 16, 10, 4, 0, 1, -4, -1, -6, -7, -5, -5, -7, -6, -6, -8, -9, -10, -10, -8, -8, -1, 2, 2, 0, -23, -6, -24, 47, 71, -30, -4, -12, -4, -10, 0, -2, 3, 11, 23, 30, 36, 37, 26, 15, -1, -11, -8, -9, -8, -7, -5, -8, -8, -6, -5, -7, -6, -7, -9, -8, -7, -6, -2, 1, 0, -20
target_str: 6, -2, -15, -13, -17, 5, 87, -12, -11, -12, -11, -10, -5, -4, -6, 0, 7, 12, 24, 35, 34, 20, 4, -3, -9, -11, -11, -11, -10, -10, -8, -9, -9, -8, -10, -9, -8, -11, -9, -8, -9, 1, 4, -1, -14, -9, -20, 6, 99, -1
mse: 0.03820753280543939
----------------------
pred_str: 0, 1, 5, 11, 22, 43, 59, 48, 20, -6, -11, -12, -12, -11, -12, -11, -11, -12, -10, -13, -13, -14, -15, -16, -15, -15, -14, -13, -14, -11, -9, -9, -11, -11, -12, -14, -12, -11, -9, -8, -9, -10, -10, -10, -10, -11, -10, -11, -11, -10, -10, -8, -10, -8, -6, -6, -7, -8, -6
target_str: 7, -1, -1, 2, -12, -22, -23, -29, -20, -22, 75, 9, -34, -17, -28, -16, -23, -12, -10, 2, 11, 26, 38, 38, 14, -13, -20, -27, -30, -28, -29, -26, -27, -21, -20, -24, -16, -16, -7, -13, -24, -20, -27, -13, -30, 54, 60, -27, 0, -7
mse: 0.04945491206966001
----------------------
pred_str: 1, 0, -1, -1, -1, -1, 0, -1, -1, -1, -1, -1, -1, -2, -2, -2, -3, -2, -3, -3, -3, -3, -5, -4, -5, -6, -5, -6, -6, -7, -5, -7, -7, -8, -7, -8, -9, -11, -12, -11, -13, -14, -14, -12, -15, -16, -16, -16, -16, -16, -16, -15, -17, -15, -14, -14, -14, -14, -14, -14, -13
target_str: 0, -8, -1, 5, 17, 0, -12, -14, -9, -13, 40, 85, -47, -10, -10, -6, -6, -5, 2, 7, 20, 48, 70, 58, 10, -11, -24, -25, -25, -20, -20, -15, -9, -16, -9, -12, -16, -13, -14, -11, -13, -7, 0, 14, -13, -14, -18, -8, -17, 65
mse: 0.033871654853019344
----------------------
pred_str: 0, -2, -1, -4, -6, -7, -5, -4, -4, -3, -2, -1, 0, 2, 0, 4, 4, 5, 6, 10, 10, 12, 12, 11, 10, 9, 8, 5, 1, 0, -1, -2, -2, -1, -2, -2, -1, -1, -1, -1, -2, -3, -4, -5, -6, -7, -9, -12, -16, -22, 1, 34, -54, -22, -16, -18, -18, -16, -15, -13, -12, -11, -12, -13, -14
target_str: 0, 5, 10, 24, 37, 37, 26, 12, 3, 1, 1, 4, 4, 5, 4, 6, 5, 4, 5, 8, 6, -2, 0, -9, 11, 36, -56, -33, -21, -24, -28, -30, -28, -18, -4, 7, 2, -10, -13, -12, -8, -6, -3, -1, 0, 1, 2, 2, 5, 4
mse: 0.018355118546259746
----------------------
pred_str: 0, 0, 0, -1, -5, -11, -12, -17, -13, -17, -16, -18, -18, -15, -14, -13, -12, -14, -13, -13, -14, -15, -23, -13, -19, -23, -26, -28, -28, -26, -17, 56, 0, -32, -17, -13, -12, -11, -1, 10, 26, 55, 78, 85, 57, 11, -5, -8, -16, -12, -12, -11, -10
target_str: -12, -9, -14, -18, -12, 8, -14, -19, -22, -22, -18, 60, 46, -41, -15, -22, -9, -13, -1, 2, 8, 31, 46, 72, 83, 74, 30, 0, -21, -20, -23, -25, -23, -17, -24, -23, -23, -29, -34, -32, -24, -18, -6, -21, -21, -25, -21, -21, 66, 42
mse: 0.10334185869715697
----------------------
pred_str: 6, 4, 3, 3, -1, -3, -8, -10, -14, -15, -16, -18, -19, -18, -17, -16, -13, -10, -8, -7, -5, 1, -1, -7, -4, -10, -11, -12, -16, -16, -17, -18, -13, -10, -13, -9, -12, -12, -13, -11, -12, -14, -14, -16, -19, -17, -20, -20, -23, -21, -24, -25
target_str: -10, -6, -13, -6, 14, 114, -24, -51, -12, -20, -6, -7, 3, 5, 20, 38, 73, 93, 95, 71, 25, 3, -8, -13, -9, -12, -6, -10, -8, -5, -6, -8, -10, -10, -20, -27, -22, -31, -24, -22, -27, -17, -17, -15, -7, -6, -20, -21, -20, -35
mse: 0.05891358223515657
----------------------
pred_str: 1, 1, 2, 15, 36, 42, 45, 16, -2, -12, -16, -14, -13, -10, -11, -12, -11, -13, -13, -15, -15, -15, -13, -13, -16, -25, -26, -21, -24, -26, 97, 10, -28, -19, -20, -15, -10, -13, -5, 1, 16, 24, 42, 55, 54, 24
target_str: -12, -2, -8, 0, 4, 9, 16, 19, 51, 62, 65, 58, 33, -1, -11, -19, -17, -12, -11, -2, -2, 0, -3, 0, 10, 2, -15, -27, -24, -29, -29, -28, 2, 103, 17, -37, -12, -21, -14, -12, -6, -1, 1, 26, 44, 71, 62, 34, 2, -11
mse: 0.07312415484997883
----------------------
pred_str: 0, 12, 1, 0, -1, -1, -2, -4, -1, -2, -2, 0, 1, 2, 4, 11, 6, 12, 21, 14, 21, 16, 13, 1, 1, -1, -4, -1, 0, -3, -7, -7, -4, -7, -10, -11, -12, -11, -12, -18, 92, 34, -14, -11, -17, -15, -10, -10, -5, 0, 7, 16, 20, 24, 25, 19, 11, -2, -14, -13, -10, -10, -12, -14, -10
target_str: -4, -1, -4, -6, -1, 2, 14, 9, 26, 37, 38, 18, 4, 0, -7, -15, -15, -5, -8, -17, -13, -8, -14, -13, -12, -9, -5, -13, -14, -22, -11, -31, 31, 70, -9, -9, -14, -11, -15, 1, -5, 3, 10, 25, 27, 29, 16, -1, -16, -13
mse: 0.03637663254311402
----------------------
pred_str: 4, 12, 18, 24, 19, 11, -2, -6, -5, -6, -5, -5, -5, -5, -5, -4, -4, -4, -5, -4, -5, -5, -5, -5, -6, -5, -5, -6, -6, -6, -6, -6, -7, -5, -5, -5, -5, -5, -5, -4, -3, -4, -4, -5, -4, -13, -6, -18, 96, 74, -15, -4, -7, -3, -2, 1, 7, 13, 20, 22, 17, 4, -3, -4, -4, -4, -4, -4, -3, -4, -4, -3, -3, -3, -4, -3, -4, -4, -4, -4, -4, -3, -3, -4
target_str: -1, -7, -8, -8, -9, -9, -8, -8, -8, -8, -7, -8, -7, -7, -8, -8, -6, -4, -5, -5, -12, -5, -24, 56, 82, -14, -3, -10, -3, -5, 0, 3, 9, 16, 22, 15, 6, -4, -6, -7, -7, -7, -6, -7, -6, -7, -6, -6, -7, -7
mse: 0.034166992998228306
----------------------
pred_str: 10, -2, -5, -6, -7, -5, -5, -3, -11, -10, -12, -17, -18, 78, 86, -19, -9, -15, -7, -11, -8, -3, 1, 12, 27, 31, 32, 24, 6, -9, -10, -11, -13, -10, -11, -12, -11, -14, -12, -12, -12, -14, -10, -10, -11, -13, -13, -12, -14, -15, -11, -15, -15, -15, -15, -14, -13, -12, -13, -11, -15, -13
target_str: 12, 18, 30, 37, 39, 26, -1, -14, -9, -15, -22, -14, -19, -16, -20, -16, -19, -20, -21, -18, -15, -13, -19, -19, -23, -15, -31, 58, 67, -27, -7, -16, -3, -10, -6, 7, 5, 25, 37, 47, 33, 8, 0, -9, -8, -10, -10, -13, -11, -8
mse: 0.052447541115797414
----------------------
pred_str: 15, 15, 25, 32, 45, 53, 66, 75, 79, 86, 90, 95, 101, 102, 102, 101, 99, 96, 96, 90, 87, 83, 79, 74, 70, 70, 59, 48, 38, 23, 11, 0, -3, -10, -12, -18, -16, -22, -28, -34, -35, -33, -35, -37, -38, -38, -38, -37, -37, -36, -32, -28, -23, -15, -8
target_str: 38, 46, 43, 30, 20, 20, 18, 8, -2, -7, -12, -15, -17, -21, -23, -23, -25, -27, -28, -27, -23, -28, -27, -33, -25, -44, 54, 18, -36, -25, -33, -26, -30, -24, -24, -21, -14, -9, -3, -1, -5, -11, -14, -14, -12, -13, -11, -11, -10, -6
mse: 0.2529124772332527
----------------------
pred_str: 10, 19, 32, 44, 58, 63, 61, 35, 10, -5, -10, -10, -12, -11, -11, -11, -12, -12, -13, -13, -15, -11, -7, 0, -11, -18, -19, -20, -22, -16, 100, -27, -42, -10, -11, 2, 4, 10, 19, 37, 55, 62, 62, 35, 13, -2, -10, -14, -13, -10
target_str: 0, -1, 0, -3, -6, -6, -6, -9, -8, -3, 0, 2, -9, -14, -12, -20, -19, 81, -24, -44, -1, -6, -1, 1, 3, 10, 20, 27, 46, 59, 63, 43, 14, -5, -11, -10, -10, -11, -6, -9, -10, -6, -9, -8, -12, -11, -10, 0, -11, -12
mse: 0.07288768809584141
----------------------
pred_str: 0, -15, -16, -23, -25, -18, -21, -18, -13, -12, -12, -17, -13, -16, -17, -19, -20, -16, -23, -18, -19, -23, -17, -19, -15, -14, -14, -14, -10, -10, -11, -13, -18, -15, -2, 0, -21, -17, -20, 47, 29, -53, -14, -7, -1, 1, 8, 14, 29, 38
target_str: 91, 94, 71, 22, -10, -12, -33, -25, -29, -17, -19, -17, -17, -16, -17, -16, -21, -19, -20, -22, -16, -17, -28, -22, -17, -3, 3, -22, -18, -32, 48, 25, -52, -7, -11, 0, 2, 20, 21, 41, 54, 76, 98, 79, 67, 24, -10, -19, -23, -17
mse: 0.08942858660724605
----------------------
pred_str: 13, 12, 10, 5, -3, -1, -1, -1, -4, -4, -4, -2, -4, -5, -4, -5, -4, -3, -1, -6, -9, -12, -9, -18, 26, 85, -11, -4, -5, -3, -2, 2, 5, 11, 19, 30, 33, 30, 15, 3, -4, -5, -4, -5, -4, -5, 0, -2, -5, -5, -5, -4, -4, -4, -4, -3, -3, -2, -7, -6, -13, -11, -15, -19, 11, 89, -15, -6, -5, -5, -1, 2, 8, 13
target_str: -7, -8, -9, -6, -14, -8, -5, -3, -2, -13, -12, -20, -15, -24, 82, 37, -24, -3, -16, -6, -7, -3, 5, 11, 24, 29, 33, 20, 3, -4, -12, -11, -10, -9, -10, -4, -4, -6, -9, -5, -10, -7, -9, -11, -6, -7, -8, -8, -4, 0
mse: 0.025002679788089538
----------------------
pred_str: 37, 44, 59, 48, 21, 13, 0, -15, -16, -11, -10, -15, -12, -11, -2, 2, -10, -22, -10, -7, -15, 0, 1, -22, -18, -3, -9, -23, -10, -13, 8, -99, -79, -10, -16, 2, 10, 10, 13, 19, 35, 47, 58, 46, 25, 20, 5, -14, -15, -13, -12, -17, -16, -11, -14, -10, -12
target_str: -1, -15, -4, 6, 0, -20, -5, -10, 22, -70, -105, 0, -12, 2, 15, 16, 14, 22, 49, 63, 34, 29, 16, 0, -10, -6, -5, 0, -3, -5, 0, 0, -5, -10, 0, 0, -5, -14, 3, 15, -17, -4, -15, 29, -42, -116, -10, -3, 4, 12
mse: 0.09262432195258034
----------------------
pred_str: 0, 2, -3, -1, 0, -4, -2, 0, -2, -5, -4, -2, 0, 4, 6, -8, -11, -10, -9, -13, 47, 82, -23, -4, -7, -5, -6, -7, -3, 0, 3, 11, 39, 30, 12, 1, -1, -7, -9, -11, -7, -12, -13, -12, -12, -14, -17, -16, -16, -13, 1, 10, -12, -19, -20, -13, -17, 55, 79, -22, -4, -10, -8, -10, -8, -7, 1, 2, 15, 43, 33, 10, -1, -3, -3, -8, -9, -11, -10, -11, -11, -10, -13, -15, -13, -13, -12, 0, 1, -11, -12, -17, -13, -11, 57, 76, -20, -4, -10, -8, -11, -7, 0, 0, 5, 19, 36, 30, 5, -11, -13, -12, -15, -16, -15, -14, -14, -12, -10, -13, -11, -12, -9, -12, -11, -9, -11, -11, -13, -14, -15, -14, -16, -18, -17, -19, -18, -19, -21, -21, -21, -1
target_str: -25, -5, -16, -11, -10, -4, 2, -2, 5, 22, 41, 31, 1, 3, 1, -8, -20, -7, -2, -8, -6, -9, -6, -3, -11, -2, -15, 6, 11, 5, -15, -25, 2, -12, -14, -4, 105, 30, -20, -8, -22, 2, -7, -6, -3, 3, 14, 24, 32, 23
mse: 0.04144055336511896
----------------------
pred_str: 20, 26, 37, 45, 58, 74, 90, 103, 68, 31, -1, -10, -14, -11, -12, -12, -10, -7, -12, -11, -12, -14, -12, -14, -11, -15, -11, -13, -10, -11, 0, -2, -12, -31, -16, -33, 18, -2, -26, -15, -11, -11, -1, 4, 10, 22, 33, 48, 76, 93, 105, 78
target_str: 92, 55, 11, -11, -13, -21, -24, -10, -11, -12, -15, -19, -9, -15, -22, -15, -15, -20, -18, -17, -14, -11, -17, -6, 6, -6, 0, -26, -15, -28, 1, 33, -56, -12, -10, -7, -3, 5, 7, 15, 24, 55, 81, 98, 89, 53, 21, -6, -21, -13
mse: 0.11606396630772005
----------------------
pred_str: 11, 15, 23, 23, 17, 10, -2, -7, -7, -6, -5, -5, -4, -4, -3, -4, -6, -5, -3, -5, -5, -3, 0, -7, -15, -25, 51, 71, -32, -5, -14, -8, -5, -6, -5, -1, 7, 12, 16, 22, 19, 11, 1, -6, -5, -6, -5, -4, -5, -4, -4, -3, -5, -5, -3, -3, -5, -2, 0, -9, -15, -27, 53, 72, -26, -5, -14, -8, -7, -6, -4, -1, 6, 12, 17, 24, 18
target_str: 4, 15, 23, 20, 20, 8, 0, -8, -12, -10, -6, -4, -7, -8, -9, -4, -3, -8, -5, -2, 0, -8, -10, -14, 99, 20, -23, -5, -14, -8, -1, -4, -2, 7, 14, 27, 24, 9, 0, -5, -4, -7, -8, -7, -6, -5, -3, -10, -9, -6
mse: 0.03022457217613649
----------------------
pred_str: 10, 2, 17, 32, 49, 58, 68, 77, 68, 31, 3, 1, 1, 2, 7, 0, 1, 1, -1, -4, -10, -12, -16, -18, -18, -19, -22, -22, -19, -16, -14, -10, -10, -12, -14, -18, -21, -27, -27, -27, 100, -51, -19, -10, -4, 0, 0, 13, 24, 40, 52, 65
target_str: -2, 3, 3, -1, -12, 1, -21, 30, 111, -74, -28, -10, 0, 0, 3, 9, 17, 39, 55, 64, 63, 21, -1, -17, -20, -25, -21, -17, -14, -16, -19, -20, -21, -17, -20, -20, -19, -2, -5, -17, -19, -25, -18, -26, 112, -43, -61, -6, -11, 1
mse: 0.08588747243429201
----------------------
