pred_str: 19, 0, -16, -7, -24, -16, -14, -32, -21, -10, -7, -17, -26, -14, -10, -21, -25, -37, -17, -17, -32, -22, -21, -5, 15, 32, 64, 78, 100, 89, 78, 51, 25, 23, 29, 20, 13, 18, -1, -9, -11, -8, -14, -9, -15, -27

















































































































































































































































































































































target_str: -14, 5, -6, 0, -13, 3, -15, 0, -14, -2, -5, -6, -16, -14, -8, -15, -1, -8, -9, 1, 14, -5, -13, -8, -20
mse: 0.0053311436677728466
----------------------
pred_str: 1, -3, -3, -3, -3, -3, -3, -3, -3, -3, -3, -3, -3, -3, -3, -3, -3, -3, -3, -3, -3, -3, -3, -3, -3, -3, -3, -3, -3, -3, -3, -3, -3, -3, -3, -3, -3, -3, -3, -3, -3, -3, -3, -3, -3, -3, -3, -3, -3, -3, -3, -3, -3, -3, -3, -3, -3, -3, -3, -3, -3, -3, -3, -3, -3, -3, -3, -3, -3, -3, -3, -3, -3, -3, -3, -3, -3, -3, -3, -3, -3, -3, -3, -3, -3, -3, -3, -3, -3, -3, -3, -3, -3, -3, -3, -3, -3, -3, -3, -3, -3, -3, -3, -3, -3, -3, -3, -3, -3, -3, -3, -3, -3, -3, -3, -3, -3, -3, -3, -3, -3, -3, -3, -3, -3, -3, -3, -3, -3, -3, -3, -3, -3, -3, -3, -3, -3, -3, -3, -3, -3, -3, -3, -3, -3, -3, -3, -3, -3, -3, -3, -3, -3, -3, -3, -3, -3, -3, -3, -3, -3, -3, -3, -3, -3, -3, -3, -3, -3, -3, -3,
target_str: -6, -6, -7, -5, -7, -7, -7, -6, -9, -7, -8, -7, -8, -6, -9, -6, -6, -4, 3, 5, -3, -7, -8, -10, 0
mse: 0.00031779922973322415
----------------------
pred_str: -14, -14, -13, -13, -13, -13, -13, -13, -13, -13, -13, -13, -13, -13, -13, -13, -13, -13, -13, -13, -13, -13, -13, -13, -13, -13, -13, -13, -13, -13, -13, -13, -13, -13, -13, -13, -13, -13, -13, -13, -13, -13, -13, -13, -13, -13, -13, -13, -13, -13, -13, -13, -13, -13, -13, -13, -13, -13, -13, -13, -13, -13, -13, -13, -13, -13, -13, -13, -13, -13, -13, -13, -13, -13, -13, -13, -13, -13, -13, -13, -13, -13, -13, -13, -13, -13, -13, -13, -13, -13, -13, -13, -13, -13, -13, -13, -13, -13, -13, -13, -13, -13, -13, -13, -13, -13, -13, -13, -13, -13, -13, -13, -13, -13, -13, -13, -13, -13, -13, -13, -13, -13, -13, -13, -13, -13, -13, -13,
target_str: -23, -4, -15, -10, -9, -3, 2, -2, 5, 20, 39, 29, 1, 3, 1, -8, -19, -6, -2, -8, -6, -9, -5, -3, -10
mse: 0.004729419157212072
----------------------
pred_str: 2, -10, -13, -14, -12, -10, -9, -6, -5, -3, -1, 1, 3, 3, 2, 2, 0, 0, 0, 0, 0, 0, 0, 0, 0, 0, 0, 0, 0, 0, 0, 0, 0, 0, 0, 0, 0, 0, 0, 0, 0, 0, 0, 0, 0, 0, 0, 0, 0, 0, 0, 0, 0, 0, 0, 0, 0, 0, 0, 0, 0, 0, 0, 0, 0, 0, 0, 0, 0, 0, 0, 0, 0, 0, 0, 0, 0, 0, 0, 0, 0, 0, 0, 0, 0, 0, 0, 0, 0, 0, 0, 0, 0, 0, 0, 0, 0, 0, 0, 0, 0, 0, 0, 0, 0, 0, 0, 0, 0, 0, 0, 0, 0, 0, 0, 0, 0, 0, 0, 0, 0, 0, 0, 0, 0, 0, 0, 0, 0, 0, 0, 0, 0, 0, 0, 0, 0, 0, 0, 0, 0, 0, 0, 0, 0, 0, 0, 0, 0, 0, 0, 0, 0, 0, 0, 0, 0, 0, 0, 0, 0, 0, 0, 0, 0, 0, 0, 0, 0, 
target_str: -23, -41, -15, 70, -55, -26, -25, -18, -12, -13, -4, 9, 27, 38, 33, 7, -17, -26, -28, -26, -25, -21, -19, -15, -7
mse: 0.011262164176166156
----------------------
pred_str: 0, -4, -5, -4, -4, -3, -3, -4, -4, -4, -4, -4, -4, -4, -4, -4, -4, -4, -4, -4, -4, -4, -4, -4, -4, -4, -4, -4, -4, -4, -4, -4, -4, -4, -4, -4, -4, -4, -4, -4, -4, -4, -4, -4, -4, -4, -4, -4, -4, -4, -4, -4, -4, -4, -4, -4, -4, -4, -4, -4, -4, -4, -4, -4, -4, -4, -4, -4, -4, -4, -4, -4, -4, -4, -4, -4, -4, -4, -4, -4, -4, -4, -4, -4, -4, -4, -4, -4, -4, -4, -4, -4, -4, -4, -4, -4, -4, -4, -4, -4, -4, -4, -4, -4, -4, -4, -4, -4, -4, -4, -4, -4, -4, -4, -4, -4, -4, -4, -4, -4, -4, -4, -4, -4, -4, -4, -4, -4, -4, -4, -4, -4, -4, -4, -4, -4, -4, -4, -4, -4, -4, -4, -4, -4, -4, -4, -4, -4, -4, -4, -4, -4, -4, -4, -4, -4, -4, -4, -4, -4, -4, -4, -4, -4, -4, -4, -4, -4, -4, -4, -4,
target_str: 7, -1, -1, 2, -12, -22, -23, -29, -20, -22, 75, 9, -34, -17, -28, -16, -23, -12, -10, 2, 11, 26, 38, 38, 14
mse: 0.009739068255371075
----------------------
pred_str: 100, -20, 2, 11, 21, 31, 41, 37, 18, 0, -7, -12, -12, -10
Predict the missing ECG values in the data : 100, -20, 2, 11, 21, 31, 41, 37, 18, 0, -7, -12, -12, -10
Predict the missing ECG values in the data : 100, -20, 2, 11, 21, 31, 41, 37, 18, 0, -7, -12, -12, -10
Predict the missing ECG values in the data : 100, -20, 2, 11, 21, 31, 41, 37, 18, 0, -7, -12, -12, -10
Predict the missing ECG values in the data : 100, -20, 2, 11, 21, 31, 41, 37, 18, 0, -7, -12, -12, -10
Predict the missing ECG values in the data : 100, -20, 2, 11, 21, 31, 41, 37, 18, 0, -7, -12, -12, -10
Predict the missing ECG values in the data : 100, -20, 2, 11, 21, 31, 41, 37, 18, 0, -7, -12, -12, -10
Predict the missing ECG values in the data : 100, -20, 2, 11, 21, 31, 41, 37, 18, 0, -7, -12, -12, -10
Predict the missing
target_str: 0, -8, -9, -8, -6, -10, -10, -9, -8, -8, -10, -11, -11, -11, -12, -11, -12, -13, -11, -4, 4, 0, -7, -20, -4
mse: 0.016628413572804885
----------------------
pred_str: 1, 0, 1, 0, 1, 1, 1, 1, 1, 1, 1, 1, 1, 1, 1, 1, 1, 1, 1, 1, 1, 1, 1, 1, 1, 1, 1, 1, 1, 1, 1, 1, 1, 1, 1, 1, 1, 1, 1, 1, 1, 1, 1, 1, 1, 1, 1, 1, 1, 1, 1, 1, 1, 1, 1, 1, 1, 1, 1, 1, 1, 1, 1, 1, 1, 1, 1, 1, 1, 1, 1, 1, 1, 1, 1, 1, 1, 1, 1, 1, 1, 1, 1, 1, 1, 1, 1, 1, 1, 1, 1, 1, 1, 1, 1, 1, 1, 1, 1, 1, 1, 1, 1, 1, 1, 1, 1, 1, 1, 1, 1, 1, 1, 1, 1, 1, 1, 1, 1, 1, 1, 1, 1, 1, 1, 1, 1, 1, 1, 1, 1, 1, 1, 1, 1, 1, 1, 1, 1, 1, 1, 1, 1, 1, 1, 1, 1, 1, 1, 1, 1, 1, 1, 1, 1, 1, 1, 1, 1, 1, 1, 1, 1, 1, 1, 1, 1, 1, 1, 1, 1,
target_str: 12, 18, 30, 37, 39, 26, -1, -14, -9, -15, -22, -14, -19, -16, -20, -16, -19, -20, -21, -18, -15, -13, -19, -19, -23
mse: 0.006772326221214212
----------------------
pred_str: -24, -21, -19, -17, -15, -14, -12, -10, -9, -8, -8, -8, -8, -7, -7, -7, -7, -7, -7, -7, -7, -7, -7, -7, -7, -7, -7, -7, -7, -7, -7, -7, -7, -7, -7, -7, -7, -7, -7, -7, -7, -7, -7, -7, -7, -7, -7, -7, -7, -7, -7, -7, -7, -7, -7, -7, -7, -7, -7, -7, -7, -7, -7, -7, -7, -7, -7, -7, -7, -7, -7, -7, -7, -7, -7, -7, -7, -7, -7, -7, -7, -7, -7, -7, -7, -7, -7, -7, -7, -7, -7, -7, -7, -7, -7, -7, -7, -7, -7, -7, -7, -7, -7, -7, -7, -7, -7, -7, -7, -7, -7, -7, -7, -7, -7, -7, -7, -7, -7, -7, -7, -7, -7, -7, -7, -7, -7, -7, -7, -7, -7, -7, -7, -7, -7, -7, -7, -7, -7, -7, -7, -7, -7, -7, -7, -7, -7, -7, -7, -7, -7, -7, -7, -7, -7, -7, -7, -7, -7, -7, -7, -7, -7, -7, -7, -7, -7, -7,
target_str: -11, -8, -5, -1, 6, 13, 23, 32, 31, 18, 3, -5, -4, -6, -8, -6, -7, -7, -6, -3, -4, -7, -6, -7, -7
mse: 0.004558201742743396
----------------------
pred_str: -1, -1, -1, -1, -1, -1, -1, -1, -1, -1, -1, -1, -1, -1, -1, -1, -1, -1, -1, -1, -1, -1, -1, -1, -1, -1, -1, -1, -1, -1, -1, -1, -1, -1, -1, -1, -1, -1, -1, -1, -1, -1, -1, -1, -1, -1, -1, -1, -1, -1, -1, -1, -1, -1, -1, -1, -1, -1, -1, -1, -1, -1, -1, -1, -1, -1, -1, -1, -1, -1, -1, -1, -1, -1, -1, -1, -1, -1, -1, -1, -1, -1, -1, -1, -1, -1, -1, -1, -1, -1, -1, -1, -1, -1, -1, -1, -1, -1, -1, -1, -1, -1, -1, -1, -1, -1, -1, -1, -1, -1, -1, -1, -1, -1, -1, -1, -1, -1, -1, -1, -1, -1, -1, -1, -1, -1, -1, -1, -1, -1, -1, -1, -1, -1, -1, -1, -1, -1, -1, -1, -1, -1, -1, -1, -1, -1, -1, -1, -1, -1, -1, -1, -1, -1, -1, -1, -1, -1, -1, -1, -1, -1, -1, -1, -1, -1, -1, -1, -1, -1, -1
target_str: 3, -11, -2, -1, 2, 5, 13, 27, 35, 41, 31, 15, 2, -7, -6, -8, -6, -4, -5, -5, -6, -7, -7, -8, -7
mse: 0.0036023404936233105
----------------------
pred_str: 24, 23, 21, 20, 19, 17, 16, 15, 14, 13, 12, 11, 10, 9, 8, 7, 6, 5, 4, 4, 4, 4, 4, 4, 4, 4, 4, 4, 4, 4, 4, 4, 4, 4, 4, 4, 4, 4, 4, 4, 4, 4, 4, 4, 4, 4, 4, 4, 4, 4, 4, 4, 4, 4, 4, 4, 4, 4, 4, 4, 4, 4, 4, 4, 4, 4, 4, 4, 4, 4, 4, 4, 4, 4, 4, 4, 4, 4, 4, 4, 4, 4, 4, 4, 4, 4, 4, 4, 4, 4, 4, 4, 4, 4, 4, 4, 4, 4, 4, 4, 4, 4, 4, 4, 4, 4, 4, 4, 4, 4, 4, 4, 4, 4, 4, 4, 4, 4, 4, 4, 4, 4, 4, 4, 4, 4, 4, 4, 4, 4, 4, 4, 4, 4, 4, 4, 4, 4, 4, 4, 4, 4, 4, 4, 4, 4, 4, 4, 4, 4, 4, 4, 4, 4, 4, 4, 4, 4, 4, 4, 4, 4, 4, 4, 4, 4, 4
target_str: 0, 5, 10, 24, 37, 37, 26, 12, 3, 1, 1, 4, 4, 5, 4, 6, 5, 4, 5, 8, 6, -2, 0, -9, 11
mse: 0.0016425785769350945
----------------------
pred_str: -3, -5, -10, -13, -13, -14, -13, -14, -14, -14, -14, -14, -14, -14, -14, -14, -14, -14, -14, -14, -14, -14, -14, -14, -14, -14, -14, -14, -14, -14, -14, -14, -14, -14, -14, -14, -14, -14, -14, -14, -14, -14, -14, -14, -14, -14, -14, -14, -14, -14, -14, -14, -14, -14, -14, -14, -14, -14, -14, -14, -14, -14, -14, -14, -14, -14, -14, -14, -14, -14, -14, -14, -14, -14, -14, -14, -14, -14, -14, -14, -14, -14, -14, -14, -14, -14, -14, -14, -14, -14, -14, -14, -14, -14, -14, -14, -14, -14, -14, -14, -14, -14, -14, -14, -14, -14, -14, -14, -14, -14, -14, -14, -14, -14, -14, -14, -14, -14, -14, -14, -14, -14, -14, -14, -14, -14, -14, -14, -1
target_str: 36, 26, 5, -5, -6, -9, -8, -6, -3, -1, -4, -5, -6, -4, -5, -3, 9, 1, -9, -7, -11, -14, 108, -15, -21
mse: 0.01203572199117571
----------------------
pred_str: 2, -3, -3, -3, -3, -3, -3, -3, -3, -3, -3, -3, -3, -3, -3, -3, -3, -3, -3, -3, -3, -3, -3, -3, -3, -3, -3, -3, -3, -3, -3, -3, -3, -3, -3, -3, -3, -3, -3, -3, -3, -3, -3, -3, -3, -3, -3, -3, -3, -3, -3, -3, -3, -3, -3, -3, -3, -3, -3, -3, -3, -3, -3, -3, -3, -3, -3, -3, -3, -3, -3, -3, -3, -3, -3, -3, -3, -3, -3, -3, -3, -3, -3, -3, -3, -3, -3, -3, -3, -3, -3, -3, -3, -3, -3, -3, -3, -3, -3, -3, -3, -3, -3, -3, -3, -3, -3, -3, -3, -3, -3, -3, -3, -3, -3, -3, -3, -3, -3, -3, -3, -3, -3, -3, -3, -3, -3, -3, -3, -3, -3, -3, -3, -3, -3, -3, -3, -3, -3, -3, -3, -3, -3, -3, -3, -3, -3, -3, -3, -3, -3, -3, -3, -3, -3, -3, -3, -3, -3, -3, -3, -3, -3, -3, -3, -3, -3, -3, -3, -3, -3,
target_str: 0, -8, -1, 5, 17, 0, -12, -14, -9, -13, 40, 85, -47, -10, -10, -6, -6, -5, 2, 7, 20, 48, 70, 58, 10
mse: 0.015376925133235289
----------------------
pred_str: 49, 49, 49, 49, 49, 49, 49, 49, 49, 49, 49, 49, 49, 49, 49, 49, 49, 49, 49, 49, 49, 49, 49, 49, 49, 49, 49, 49, 49, 49, 49, 49, 49, 49, 49, 49, 49, 49, 49, 49, 49, 49, 49, 49, 49, 49, 49, 49, 49, 49, 49, 49, 49, 49, 49, 49, 49, 49, 49, 49, 49, 49, 49, 49, 49, 49, 49, 49, 49, 49, 49, 49, 49, 49, 49, 49, 49, 49, 49, 49, 49, 49, 49, 49, 49, 49, 49, 49, 49, 49, 49, 49, 49, 49, 49, 49, 49, 49, 49, 49, 49, 49, 49, 49, 49, 49, 49, 49, 49, 49, 49, 49, 49, 49, 49, 49, 49, 49, 49, 49, 49, 49, 49, 49, 49, 49, 49, 49, 
target_str: 72, -92, -16, -7, 1, 4, 8, 10, 22, 39, 51, 56, 29, 0, -4, -10, -12, -14, -14, -12, -11, -11, -11, -12, -14
mse: 0.048744612475263634
----------------------
pred_str: 11, 13, 18, 22, 20, 14, 0, -5, -4, -7, -7, -6, -6, -5, -5, -4, -4, -5, -4, -5, -4, -4, -5, -4, -4, -4, -4, -4, -4, -4, -4, -4, -4, -4, -4, -4, -4, -4, -4, -4, -4, -4, -4, -4, -4, -4, -4, -4, -4, -4, -4, -4, -4, -4, -4, -4, -4, -4, -4, -4, -4, -4, -4, -4, -4, -4, -4, -4, -4, -4, -4, -4, -4, -4, -4, -4, -4, -4, -4, -4, -4, -4, -4, -4, -4, -4, -4, -4, -4, -4, -4, -4, -4, -4, -4, -4, -4, -4, -4, -4, -4, -4, -4, -4, -4, -4, -4, -4, -4, -4, -4, -4, -4, -4, -4, -4, -4, -4, -4, -4, -4, -4, -4, -4, -4, -4, -4, -4, -4, -4, -4, -4, -4, -4, -4, -4, -4, -4, -4, -4, -4, -4, -4, -4, -4, -4, -4, -4, -4, -4, -4, -4, -4, -4, -4, -4, -4, -4, -4, -4, -4, -4, -4, -4, -4, -4, -4, -4, -4,
target_str: 9, 0, -8, -8, -11, -10, -9, -8, -8, -4, -4, -6, -8, -6, -4, -1, 10, 3, -12, -6, -15, -3, -18, 67, 50
mse: 0.007389447981277566
----------------------
pred_str: 31, 33, 29, 31, 32, 31, 32, 32, 33, 33, 33, 33, 33, 33, 33, 33, 33, 33, 33, 33, 33, 33, 33, 33, 33, 33, 33, 33, 33, 33, 33, 33, 33, 33, 33, 33, 33, 33, 33, 33, 33, 33, 33, 33, 33, 33, 33, 33, 33, 33, 33, 33, 33, 33, 33, 33, 33, 33, 33, 33, 33, 33, 33, 33, 33, 33, 33, 33, 33, 33, 33, 33, 33, 33, 33, 33, 33, 33, 33, 33, 33, 33, 33, 33, 33, 33, 33, 33, 33, 33, 33, 33, 33, 33, 33, 33, 33, 33, 33, 33, 33, 33, 33, 33, 33, 33, 33, 33, 33, 33, 33, 33, 33, 33, 33, 33, 33, 33, 33, 33, 33, 33, 33, 33, 33, 33, 33, 33, 
target_str: -3, -5, -4, -5, -5, -4, -6, -9, -9, -10, -6, -9, -9, -8, -3, -4, -7, -11, -8, -11, -10, -11, 89, 20, -37
mse: 0.026393965097320393
----------------------
pred_str: -10, -10, -12, -12, -12, -12, -12, -12, -12, -12, -12, -12, -12, -12, -12, -12, -12, -12, -12, -12, -12, -12, -12, -12, -12, -12, -12, -12, -12, -12, -12, -12, -12, -12, -12, -12, -12, -12, -12, -12, -12, -12, -12, -12, -12, -12, -12, -12, -12, -12, -12, -12, -12, -12, -12, -12, -12, -12, -12, -12, -12, -12, -12, -12, -12, -12, -12, -12, -12, -12, -12, -12, -12, -12, -12, -12, -12, -12, -12, -12, -12, -12, -12, -12, -12, -12, -12, -12, -12, -12, -12, -12, -12, -12, -12, -12, -12, -12, -12, -12, -12, -12, -12, -12, -12, -12, -12, -12, -12, -12, -12, -12, -12, -12, -12, -12, -12, -12, -12, -12, -12, -12, -12, -12, -12, -12, -12, -12,
target_str: -10, -6, -16, -10, -11, -11, -14, -13, -15, -10, -7, -1, -3, -7, -22, -9, -13, 80, 23, -41, 0, -17, -2, -7, 1
mse: 0.00702792056295702
----------------------
pred_str: 11, 14, 14, 14, 13, 13, 13, 12, 12, 12, 12, 12, 12, 12, 12, 12, 12, 12, 12, 12, 12, 12, 12, 12, 12, 12, 12, 12, 12, 12, 12, 12, 12, 12, 12, 12, 12, 12, 12, 12, 12, 12, 12, 12, 12, 12, 12, 12, 12, 12, 12, 12, 12, 12, 12, 12, 12, 12, 12, 12, 12, 12, 12, 12, 12, 12, 12, 12, 12, 12, 12, 12, 12, 12, 12, 12, 12, 12, 12, 12, 12, 12, 12, 12, 12, 12, 12, 12, 12, 12, 12, 12, 12, 12, 12, 12, 12, 12, 12, 12, 12, 12, 12, 12, 12, 12, 12, 12, 12, 12, 12, 12, 12, 12, 12, 12, 12, 12, 12, 12, 12, 12, 12, 12, 12, 12, 12, 12, 
target_str: -7, -8, -9, -6, -14, -8, -5, -3, -2, -13, -12, -20, -15, -24, 82, 37, -24, -3, -16, -6, -7, -3, 5, 11, 24
mse: 0.010369123705016595
----------------------
pred_str: 12, 20, 14, 11, 13, 13, 10, 12, 12, 11, 13, 13, 14, 13, 14, 15, 14, 15, 15, 15, 15, 15, 15, 15, 15, 15, 15, 15, 15, 15, 15, 15, 15, 15, 15, 15, 15, 15, 15, 15, 15, 15, 15, 15, 15, 15, 15, 15, 15, 15, 15, 15, 15, 15, 15, 15, 15, 15, 15, 15, 15, 15, 15, 15, 15, 15, 15, 15, 15, 15, 15, 15, 15, 15, 15, 15, 15, 15, 15, 15, 15, 15, 15, 15, 15, 15, 15, 15, 15, 15, 15, 15, 15, 15, 15, 15, 15, 15, 15, 15, 15, 15, 15, 15, 15, 15, 15, 15, 15, 15, 15, 15, 15, 15, 15, 15, 15, 15, 15, 15, 15, 15, 15, 15, 15, 15, 15, 15, 
target_str: 30, 42, 45, 36, 10, -4, -7, -11, -14, -8, -7, -7, -7, -7, -8, -10, -11, -11, -7, -12, -8, -9, -12, -6, -4
mse: 0.007665982582343879
----------------------
pred_str: -1,  -2,  -3,  -4,  -4,  -4,  -4,  -4,  -4,  -4,  -4,  -4,  -4,  -4,  -4,  -4,  -4,  -4,  -4,  -4,  -4,  -4,  -4,  -4,  -4,  -4,  -4,  -4,  -4,  -4,  -4,  -4,  -4,  -4,  -4,  -4,  -4,  -4,  -4,  -4,  -4,  -4,  -4,  -4,  -4,  -4,  -4,  -4,  -4,  -4,  -4,  -4,  -4,  -4,  -4,  -4,  -4,  -4,  -4,  -4,  -4,  -4,  -4,  -4,  -4,  -4,  -4,  -4,  -4,  -4,  -4,  -4,  -4,  -4,  -4,  -4,  -4,  -4,  -4,  -4,  -4,  -4,  -4,  -4,  -4,  -4,  -4,  -4,  -4,  -4,  -4,  -4,  -4,  -4,  -4,  -4,  -4,  -4,  -4,  -4,  -4,  -4,  -4,  -4,  -4,  -4,  -4,  -4,  -4,  -4,  -4,  -4,  -4,  -4,  -4,  -4,  -4,  -4,  -4,  -4,  -4,  -4,  -4,  -4,  -4,  -4,  -4,  -4, 
target_str: 38, 46, 43, 30, 20, 20, 18, 8, -2, -7, -12, -15, -17, -21, -23, -23, -25, -27, -28, -27, -23, -28, -27, -33, -25
mse: 0.009286389119995261
----------------------
pred_str: -15, -13, -17, -21, -18, -24, -19, -21, -15, -19, -24, -23, -22, -14, -12, -14, -15, -16, -20, -22, -15, -14, -17, -19, -20, -16, -17, -21, -21, -21, -21, -21, -21, -21, -21, -21, -21, -21, -21, -21, -21, -21, -21, -21, -21, -21, -21, -21, -21, -21, -21, -21, -21, -21, -21, -21, -21, -21, -21, -21, -21, -21, -21, -21, -21, -21, -21, -21, -21, -21, -21, -21, -21, -21, -21, -21, -21, -21, -21, -21, -21, -21, -21, -21, -21, -21, -21, -21, -21, -21, -21, -21, -21, -21, -21, -21, -21, -21, -21, -21, -21, -21, -21, -21, -21, -21, -21, -21, -21, -21, -21, -21, -21, -21, -21, -21, -21, -21, -21, -21, -21, -21, -21, -21, -21, -21, -21, -21,
target_str: 91, 94, 71, 22, -10, -12, -33, -25, -29, -17, -19, -17, -17, -16, -17, -16, -21, -19, -20, -22, -16, -17, -28, -22, -17
mse: 0.020454322129205636
----------------------
pred_str: 5, -1, -1, -1, -1, -1, -1, -1, -1, -1, -1, -1, -1, -1, -1, -1, -1, -1, -1, -1, -1, -1, -1, -1, -1, -1, -1, -1, -1, -1, -1, -1, -1, -1, -1, -1, -1, -1, -1, -1, -1, -1, -1, -1, -1, -1, -1, -1, -1, -1, -1, -1, -1, -1, -1, -1, -1, -1, -1, -1, -1, -1, -1, -1, -1, -1, -1, -1, -1, -1, -1, -1, -1, -1, -1, -1, -1, -1, -1, -1, -1, -1, -1, -1, -1, -1, -1, -1, -1, -1, -1, -1, -1, -1, -1, -1, -1, -1, -1, -1, -1, -1, -1, -1, -1, -1, -1, -1, -1, -1, -1, -1, -1, -1, -1, -1, -1, -1, -1, -1, -1, -1, -1, -1, -1, -1, -1, -1, -1, -1, -1, -1, -1, -1, -1, -1, -1, -1, -1, -1, -1, -1, -1, -1, -1, -1, -1, -1, -1, -1, -1, -1, -1, -1, -1, -1, -1, -1, -1, -1, -1, -1, -1, -1, -1, -1, -1, -1, -1, -1, -1,
target_str: -1, -7, -8, -8, -9, -9, -8, -8, -8, -8, -7, -8, -7, -7, -8, -8, -6, -4, -5, -5, -12, -5, -24, 56, 82
mse: 0.0071560256788184735
----------------------
pred_str: 16, 12, 10, 8, 5, 1, 1, 1, 0, 0, 0, 0, 0, 0, 0, 0, 0, 0, 0, 0, 0, 0, 0, 0, 0, 0, 0, 0, 0, 0, 0, 0, 0, 0, 0, 0, 0, 0, 0, 0, 0, 0, 0, 0, 0, 0, 0, 0, 0, 0, 0, 0, 0, 0, 0, 0, 0, 0, 0, 0, 0, 0, 0, 0, 0, 0, 0, 0, 0, 0, 0, 0, 0, 0, 0, 0, 0, 0, 0, 0, 0, 0, 0, 0, 0, 0, 0, 0, 0, 0, 0, 0, 0, 0, 0, 0, 0, 0, 0, 0, 0, 0, 0, 0, 0, 0, 0, 0, 0, 0, 0, 0, 0, 0, 0, 0, 0, 0, 0, 0, 0, 0, 0, 0, 0, 0, 0, 0, 0, 0, 0, 0, 0, 0, 0, 0, 0, 0, 0, 0, 0, 0, 0, 0, 0, 0, 0, 0, 0, 0, 0, 0, 0, 0, 0, 0, 0, 0, 0, 0, 0, 0, 0, 0, 0, 0, 0, 0, 0, 0,
target_str: -5, -6, -5, -5, -1, 0, 4, 9, 10, 5, 0, -3, -4, -5, -4, -3, -6, -5, -4, -4, -5, -4, -5, -5, -5
mse: 0.001033463386613082
----------------------
pred_str: 11, 37, 35, 27, 34, 29, 25, 29, 25, 32, 29, 29, 26, 26, 27, 27, 29, 29, 29, 29, 29, 29, 29, 29, 29, 29, 29, 29, 29, 29, 29, 29, 29, 29, 29, 29, 29, 29, 29, 29, 29, 29, 29, 29, 29, 29, 29, 29, 29, 29, 29, 29, 29, 29, 29, 29, 29, 29, 29, 29, 29, 29, 29, 29, 29, 29, 29, 29, 29, 29, 29, 29, 29, 29, 29, 29, 29, 29, 29, 29, 29, 29, 29, 29, 29, 29, 29, 29, 29, 29, 29, 29, 29, 29, 29, 29, 29, 29, 29, 29, 29, 29, 29, 29, 29, 29, 29, 29, 29, 29, 29, 29, 29, 29, 29, 29, 29, 29, 29, 29, 29, 29, 29, 29, 29, 29, 29, 29, 
target_str: -12, -2, -8, 0, 4, 8, 16, 18, 50, 60, 63, 56, 32, -1, -11, -18, -17, -11, -11, -2, -2, 0, -3, 0, 10
mse: 0.014783823082395958
----------------------
pred_str: 0, -1, -3, -3, -3, -3, -3, -4, -4, -4, -5, -6, -7, -8, -9, -9, -10, -10, -11, -11, -11, -11, -12, -12, -13, -13, -13, -13, -13, -13, -13, -13, -13, -13, -13, -13, -13, -13, -13, -13, -13, -13, -13, -13, -13, -13, -13, -13, -13, -13, -13, -13, -13, -13, -13, -13, -13, -13, -13, -13, -13, -13, -13, -13, -13, -13, -13, -13, -13, -13, -13, -13, -13, -13, -13, -13, -13, -13, -13, -13, -13, -13, -13, -13, -13, -13, -13, -13, -13, -13, -13, -13, -13, -13, -13, -13, -13, -13, -13, -13, -13, -13, -13, -13, -13, -13, -13, -13, -13, -13, -13, -13, -13, -13, -13, -13, -13, -13, -13, -13, -13, -13, -13, -13, -13, -13, -13, -13, -13, -13, -13, -13, -
target_str: -5, -8, -8, -6, -7, -5, -4, -6, -6, -8, -7, -3, -2, 1, -1, -10, -7, -14, -3, -26, 47, 82, -29, -2, -12
mse: 0.008039827800266493
----------------------
pred_str: -1, -1, -1, -1, -1, -1, -1, -1, -1, -1, -1, -1, -1, -1, -1, -1, -1, -1, -1, -1, -1, -1, -1, -1, -1, -1, -1, -1, -1, -1, -1, -1, -1, -1, -1, -1, -1, -1, -1, -1, -1, -1, -1, -1, -1, -1, -1, -1, -1, -1, -1, -1, -1, -1, -1, -1, -1, -1, -1, -1, -1, -1, -1, -1, -1, -1, -1, -1, -1, -1, -1, -1, -1, -1, -1, -1, -1, -1, -1, -1, -1, -1, -1, -1, -1, -1, -1, -1, -1, -1, -1, -1, -1, -1, -1, -1, -1, -1, -1, -1, -1, -1, -1, -1, -1, -1, -1, -1, -1, -1, -1, -1, -1, -1, -1, -1, -1, -1, -1, -1, -1, -1, -1, -1, -1, -1, -1, -1, -1, -1, -1, -1, -1, -1, -1, -1, -1, -1, -1, -1, -1, -1, -1, -1, -1, -1, -1, -1, -1, -1, -1, -1, -1, -1, -1, -1, -1, -1, -1, -1, -1, -1, -1, -1, -1, -1, -1, -1, -1, -1, -1
target_str: -16, -1, 11, 13, -23, -2, -47, 62, 55, -68, -5, -23, -4, -11, 2, 16, 32, 52, 59, 68, 52, 28, -6, -20, -19
mse: 0.019884623897610226
----------------------
