pred_str: -21, -15, -11, -4, 11, 20, 30, 38, 45, 49, 42, 32, 18, 2, -4, -10
target_str: -8, 15, 40, 62, 75, 78, 75, 64, 52, 41
mse: 561.8604196947932
----------------------
pred_str: -55, -59, -56, -54, -48, -42, -38, -30, 26, 45, 47, 47, 46, 55, 67, 80, 83, 81, 73, 65
target_str: -56, -55, -48, -41, -39, -34, -37, 1, 74, 39
mse: 0.09863151959230954
----------------------
pred_str: -60, -43, -13, -1, 2, 11, 21, 34, 46, 55, 61, 63, 66, 73, 76, 71, 62, 51, 41, 27, 11, 0, -12, -20, -28, -39, -50, -57, -65, -75, -86, -86, -79, -80, -71, -60, -43, -13, -1, 2, 11
target_str: -57, -42, -20, -2, 4, 6, 2, 3, 13, 28
mse: 0.048737028374988015
----------------------
pred_str: -53, -52, -46, -36, -26, -15, -2, 10, 32, 59, 78, 89
target_str: -52, -53, -51, -51, -51, -50, -51, -45, -29, -10
mse: 1211.0870816961617
----------------------
pred_str: 

target_str: 9, 3, 2, 4, 5, 5, 5, 6, 8, 12
mse: 0.07105922170055885
----------------------
pred_str: 2, 11, 25, 38, 49, 57, 50, 36, 17, 0, -13, -28, -39, -52, -60, -66, -61, -46, -30, -15, -11, -7, 1, 7, 14, 23, 37, 55
target_str: 13, 33, 42, 40, 28, 15, 4, -3, -10, -11
mse: 1456.5298896167678
----------------------
pred_str: -50, -54, -56, -57, -59, -58, -58, -58, -58, -58, -58, -58, -58, -58, -58, -58, -58, -58, -58, -58, -58, -58, -58, -58, -58, -58, -58, -58, -58, -58, -58, -58, -58, -58, -58, -58, -58, -58, -58, -58, -58, -58, -58, -58, -58, -58, -58, -58
target_str: -45, -38, -25, -6, 7, 55, 94, 96, 96, 90
mse: 0.4942120872021226
----------------------
pred_str: 14, 38, 49, 44, 22, 2, -11, -27, -40, -55, -67, -73, -70, -50, -27, 3, 33, 56, 68, 68, 52, 22, 0, -15, -31, -44, -61, -82, -89, -79, -54, -21
target_str: -11, 18, 43, 63, 75, 77, 57, 39, 38, 23
mse: 30720.73269815339
----------------------
pred_str: -17, -35, -59, -87, -79, -61, -46, -43, -26, -16, -9, -2, 2, 0, 0, -2, -10, -12, -18, -40, -56, -78, -94, -65, -49
target_str: -22, -42, -67, -104, -94, -65, -52, -45, -37, -23
mse: 0.03244499617845672
----------------------
pred_str: -12, -11, -12, -14, -18, -19, -14, -4, 7, 25, 51, 80, 81, 70, 55, 42, 33, 24, 19, 17, 14
target_str: 68, 55, 48, 37, 24, 13, 5, 0, -7, -14
mse: 1.4074758923736175
----------------------
pred_str: 33, 19, -1, -23, -35, -48, -61, -69, -76, -76, -68, -49, -23, -5, 14, 22, 29, 32, 23, 4, -27, -49, -66, -77, -82
target_str: 38, 29, 20, 13, 4, -3, -12, -19, -24, -25
mse: 3737.809060060486
----------------------
pred_str: 82, 94, 97, 101, 97, 91, 83, 75, 66, 57, 49, 40, 26, 7, -12, -27, -36, -42, -46
target_str: 79, 91, 93, 83, 64, 40, 15, -6, -24, -38
mse: 7734.15228510331
----------------------
pred_str: -45, -29, -8, 9, 16, 22, 24, 21, 13, 3, -3, -18, -34, -48, -64
target_str: -44, -30, -15, 0, 16, 31, 45, 56, 63, 65
mse: 5605.544520445765
----------------------
pred_str: 8, 8, 9, 9, 8, 25, 71, 109, 100, 62, 33, 18, 10, 6, 1, -3, -10, -16, -19, -18, -13, -6, 5, 41, 70, 83, 66, 42, 25, 16, 12, 10, 9, 9, 9, 10, 8, 24, 72, 102, 97, 64, 34
target_str: 5, 3, 2, 10, 31, 73, 101, 83, 46, 22
mse: 1.4468911332677155
----------------------
pred_str: 21, 16, 13, 11, 9, 9, 8, 7, 7, 7, 8, 13, 22, 38, 59, 82, 82, 63, 45, 34, 25, 19, 14, 11, 8, 7, 6, 3, 1, 0
target_str: 19, 14, 8, 3, 0, -3, -4, -3, -1, 1
mse: 0.08310703235156289
----------------------
pred_str: -51, -62, -72, -79, -79, -81, -82, -83, -86, -89
target_str: -47, -55, -61, -69, -74, -79, -87, -91, -92, -87
mse: 0.001303241429492941
----------------------
pred_str: 38, 15, -24, -47, -64, -73, -70, -59, -39, -15, -2, 11, 24, 37, 51, 64, 72, 73, 70, 61, 48, 32, 10, -4, -16, -27, -39, -49, -59, -64, -63, -55, -39, -15, 2, 29, 47, 61, 71, 78, 81, 74, 61, 45, 25, 7, -12, -28, -40, -53, -61, -64, -62, -50, -30
target_str: 34, 9, -15, -36, -53, -57, -54, -43, -29, -15
mse: 63.19532966039916
----------------------
pred_str: 12, 19, 29, 47, 67, 82, 65, 40, 23, 12, 5, 2, 2, 4, 4, 5, 10, 17, 35, 57, 74, 79, 58, 36, 20, 10, 5, 2, 3, 6, 8, 7, 10, 16, 34, 62, 84, 90, 60, 35, 21, 13, 7, 4, 5, 4, 4, 4, 5, 7, 11
target_str: 10, 13, 15, 17, 21, 29, 49, 73, 83, 70
mse: 1.3622336201181948
----------------------
pred_str: 14, 17, 19, 18, 16, 11, 3, -4, -6, -6, -5, -3, 0, 1, 2, 2, 2, 2, 1, 0, -1, -1, -2, -2, -2
target_str: 8, 6, 7, 7, 5, 1, -5, -5, -2, 0
mse: 0.0016482737342846134
----------------------
pred_str: -41, -55, -60, -57, -43, -27, -12, 2, 15, 27, 34, 38, 37, 35, 28, 16, 3, -12, -31, -47, -58, -59, -54
target_str: -42, -53, -62, -57, -39, -12, 21, 51, 73, 85
mse: 1078.948654051847
----------------------
pred_str: 47, 38, -16, -58, -57, -60, -55, -47, -41, -36, -31, -46, -72, -84, -92, -92, -73, -42, -16, -47, -24, -31, -46, -67, -85, -94, -94, -74, -45, -16, -50
target_str: 46, 38, 16, -47, -38, -8, -35, -32, -34, -37
mse: 0.03987181248657142
----------------------
pred_str: -31, -33, -35, -36, -32, -26, -18, -12, -1, 13, 64, 59, 50, 42, 36, 32, 31, 27, 23, 21, 24, 31, 42, 56, 69, 83, 85, 73, 62, 52, 44, 35, 24, 11, 2, -2, -7, -13, -18, -23, -28, -32, -35, -37, -38, -35
target_str: -31, -34, -34, -30, -25, -22, -21, -13, 20, 67
mse: 0.057370276072666634
----------------------
pred_str: 58, 51, 39, 13, -11, -32, -53, -65, -71, -65, -58, -46, -32, -7, 28
target_str: 55, 60, 51, 28, 10, -12, -31, -46, -56, -60
mse: 0.042175514929627914
----------------------
pred_str: 17, 12, 3, -10, -28, -37, -39, -37, -33, -26, -23, -23, -25, -28, -31, -34, -35, -35, -30, -17, 0
target_str: 19, 17, 17, 20, 23, 31, 36, 42, 46, 51
mse: 3679.888703173265
----------------------
pred_str: 41, 46, 53, 60, 66, 73, 76, 76, 75, 74, 75, 77, 82, 90, 99, 103, 102, 95, 77, 55, 32, 19, 13, 11, 14, 18, 24, 31, 37, 41, 45, 50, 56, 57, 54, 47, 42, 38, 37, 37, 37, 36, 37, 38, 41, 45, 53, 62, 72, 81, 91, 94, 87, 70
target_str: 41, 42, 46, 50, 58, 70, 73, 74, 75, 72
mse: 0.0011575266425617888
----------------------
pred_str: -56, -43, -30, -21, -12, -7, -1, 2, 14, 20, 25, 28, 29, 27, 20, 12, 4, -5, -22, -41, -62, -81, -91
target_str: -72, -57, -30, -27, -13, -1, 6, 11, 17, 24
mse: 0.01568940904580808
----------------------
pred_str: 32, 24, 0, -17, -33, -45, -55, -63, -72, -67, -52, -42, -33, 17, 73, 62, 58
target_str: 22, 3, -16, -30, -38, -43, -51, -62, -73, -65
mse: 0.03142648646174701
----------------------
pred_str: -56, -65, -69, -59, -42, -19, 1, 17, 21, 16, 1, -13, -22, -25, -24, -23, -23, -19, -17
target_str: -54, -67, -77, -79, -73, -67, -53, -30, 3, 41
mse: 759.0957208342204
----------------------
pred_str: -2, 1, 6, 10, 10, 11, 12, 12, 11, 10, 10, 10, 10, 9, 8, 7, 5, 2, -1, -5, -10, -17, -23, -24, -27
target_str: -24, -39, -61, -79, -86, -85, -75, -59, -41, -27
mse: 0.0832044580162184
----------------------
pred_str: -48, -45, -41, -39, -34, -25, -17, -12, -10, -10, -14, -22, -30, -37, -41, -43, -44, -43, -38
target_str: -44, -39, -28, -6, 24, 58, 85, 99, 100, 88
mse: 4821.748935909275
----------------------
pred_str: -26, -19, -11, -2, 14, 39, 51, 53, 43, 31, 16, 6, -11, -21, -27, -31, -33, -36
target_str: -31, -30, -29, -20, -4, 17, 36, 47, 52, 51
mse: 485.22061017763036
----------------------
pred_str: 19, 26, 44, 72, 91, 91, 80, 62, 42, 22, 0, -26, -43, -57, -65, -75
target_str: 14, 15, 25, 45, 64, 80, 78, 79, 83, 80
mse: 0.1519001835768211
----------------------
pred_str: 7, 1, -4, -9, -12, -11, -8, -4, 3, 18, 37, 59, 79, 77, 59, 46, 35, 25, 18, 14, 11, 8, 6, 3, 1, 1, 4, 12, 23, 41
target_str: 6, 0, -5, -8, -8, -6, -2, 3, 11, 24
mse: 0.029095512463094525
----------------------
pred_str: -69, -61, -63, -68, -78, -81, -89, -92, -89, -69, -58, -17, -30, -46, -65, -75, -77, -66
target_str: -67, -69, -86, -45, 4, 13, 18, 8, 0, 6
mse: 0.8627261474528654
----------------------
pred_str: 21, 12, 4, -3, -14, -22, -25, -21, -14, -7, 5, 23, 61, 94, 87, 61, 42, 32, 24, 16, 8, 1, -5, -16, -25, -27, -21, -12, -4, 4, 24, 62, 96, 92, 66, 43, 30
target_str: 19, 17, 17, 15, 12, 9, 6, 6, 5, 5
mse: 0.7079304222843225
----------------------
pred_str: 17, 12, 10, 8, 6, 4, 2, 0, -2, -5, -6, -4, -1, 1, 16, 30, 56, 76, 70, 50, 34, 23, 17, 13, 10, 9, 9, 10, 11, 12, 13, 16, 27, 48
target_str: 15, 10, 7, 5, 2, 0, -3, -4, -3, 0
mse: 0.014704025281029936
----------------------
pred_str: -29, -36, -42, -52, -59, -58, -54, -47, -35, -22, -15, -13, -11, -10, -10, -11, -13, -14, -14, -12, -12, -12, -12, -11, -10, -10, -9, -9, -9, -9, -9, -8, -8, -8, -8, -7, -7, -7, -7, -7, -7, -6, -6, -6, -6, -6, -6, -6, -6, -6, -6, -6, -5, -5, -5, -5, -5, -5, -5, -5, -5, -5, -5, -5, -5, -5, -5
target_str: -26, -44, -64, -80, -85, -68, -60, -54, -43, -40
mse: 0.041625340040419796
----------------------
pred_str: -46, -57, -77, -93, -106, -100, -87, -86, -71, -69, -64, -55, -42, -29, -18, -13, -11, -16, -27, -38, -46, -57, -67, -70, -69, -63, -54, -42, -32, -21, -11, 0, 13
target_str: -70, -92, -51, 20, 42, 46, 48, 32, 12, 3
mse: 0.8216016284065262
----------------------
pred_str: -24, -38, -48, -53, -52, -44, -35, -25, -17, -13
target_str: -24, -36, -40, -39, -32, -23, -15, -12, -12, -13
mse: 26.37558504144634
----------------------
pred_str: -22, -18, -11, -4, 3, 5, 7, 8, 6, 1, -10, -18, -19, -15, -13, -8, -2, -1, 0, 0, 1, 4, 5, 4, -12, -27, -40
target_str: -20, -21, -28, -41, -50, -59, -70, -77, -78, -75
mse: 0.06458480203864411
----------------------
pred_str: -37, -31, -14, -5, 35, 38, 26, 20, 15, 22, 29, 39, 36, 33, 43, 47, 44, 52, 66, 81, 79, 42, 33, 33, 15, -10, -16, -22, -31, -41, -48
target_str: -51, -57, -57, -60, -74, -69, 6, 76, 15, -2
mse: 0.3484082108353551
----------------------
pred_str: 22, 42, 61, 75, 82, 75, 59, 34, 12, -7, -17, -26, -31, -31, -24, -15, -1, 14, 29, 45, 57, 62, 60, 48, 28, 4, -9, -16, -22, -25, -25, -24, -23, -22, -21, -20, -19, -18, -15, -3, 12, 25, 40, 50, 57, 54, 42, 23, 4, -8, -17, -24
target_str: 26, 37, 44, 41, 35, 21, 7, -8, -20, -31
mse: 904.904539282111
----------------------
pred_str: -33, -38, -42, -45, -47, -48, -47, -45, -41, -33, -18, -6, 10, 21, 31, 40, 44, 42, 38, 29, 16, 4, -2, 1, 10, 17, 21, 21, 18, 11, 0, -9, -17, -23, -28, -31, -31, -30, -27, -22, -13, -1, 6, 23, 38, 47, 49, 45, 36, 25, 13, 3, -4, -9, -14, -18, -21, -23, -23, -21
target_str: -29, -29, -29, -26, -24, -21, -16, -7, 2, 12
mse: 4082.8226869270284
----------------------
pred_str: -12, -6, 1, 25, 57, 76, 71, 51, 38, 26, 17, 13, 10, 8, 6, 5, 7, 12, 27, 56, 87, 107, 87, 47, 25, 15
target_str: -17, -15, -10, -4, 1, 9, 23, 46, 68, 73
mse: 2.339012461369475
----------------------
pred_str: 72, 71, 72, 71, 71, 72, 72, 72, 72, 73, 73, 73, 74, 76, 79, 83
target_str: 74, 74, 80, 89, 93, 88, 82, 78, 76, 80
mse: 0.015244154072278526
----------------------
pred_str: 34, 55, 59, 46, 31, 30, 29, 43, 48, 43, 31, 21, 12, 13, 23, 41, 50, 47, 37, 26, 11, -11, -32, -57, -76, -76, -71, -61, -50, -48, -48, -65, -78, -84, -93, -101, -89, -73, -49, -51, -76, -12, 19, 29, 12, 12, -2
target_str: 23, 36, 65, 76, 68, 45, 27, 13, -47, -57
mse: 0.10852457850762691
----------------------
pred_str: -8, -5, -4, -4, -5, -5, -6, -8, -10, -12, -14, -16, -17, -18, -20, -21, -23, -23, -22, -21, -22, -21, -20, -19, -17
target_str: -6, -3, 0, 1, 1, -1, -5, -10, -15, -21
mse: 17.714289307032736
----------------------
pred_str: 39, 44, 43, 41, 42, 40, 35, 30, 21, 12, 6, -2, -11, -19, -23, -22, -17
target_str: 49, 52, 42, 39, 48, 56, 54, 46, 39, 34
mse: 0.04693081838128593
----------------------
pred_str: 11, 25, 41, 53, 64, 73, 75, 73, 67, 56, 44, 32, 19, 1, -16
target_str: 5, 24, 41, 54, 61, 67, 64, 45, 19, -9
mse: 1177.0341697602005
----------------------
pred_str: 4, -15, -32, -45, -54, -59, -58, -52, -44, -37, -28, -19, -6, 17, 41, 64, 74, 77
target_str: -3, -20, -32, -42, -48, -49, -44, -34, -23, -10
mse: 260.6171577448871
----------------------
