pred_str: -24, -21, -16, -7, 15
target_str: -11, 18, 43, 63, 75
mse: 27092.19047325861
----------------------
pred_str: 65, 53, 48, 46, 47
target_str: 55, 60, 51, 28, 10
mse: 0.06519154750291548
----------------------
pred_str: 70, 69, 72, 75, 76
target_str: 74, 74, 80, 89, 93
mse: 0.013403950674581708
----------------------
pred_str: -36, -59, -73, -80, -84
target_str: -24, -36, -40, -39, -32
mse: 190.85429223045398
----------------------
pred_str: -34, -26, -17, -10, 13
target_str: -44, -39, -28, -6, 24
mse: 90.76516963938377
----------------------
pred_str: 26, 16, 0, -6, -14
target_str: 19, 17, 17, 15, 12
mse: 0.4734711505953024
----------------------
pred_str: -20, -14, -14, -18, -22
target_str: -20, -21, -28, -41, -50
mse: 0.005822760348140009
----------------------
pred_str: 9, 20, 55, 89, 76
target_str: 5, 3, 2, 10, 31
mse: 3.655371538813764
----------------------
pred_str: 20, 11, 6, 1, 0
target_str: 19, 14, 8, 3, 0
mse: 0.0044922720190034
----------------------
pred_str: 0, -11, -25, -56, -71
target_str: -22, -42, -67, -104, -94
mse: 0.4465436603877806
----------------------
pred_str: -39, -57, -66, -70, -65
target_str: -42, -53, -62, -57, -39
mse: 182.64205339891788
----------------------
pred_str: -31, -30, -29, -27, -26
target_str: -31, -34, -34, -30, -25
mse: 0.0016863885185625337
----------------------
pred_str: -49, -60, -71, -79, -87
target_str: -47, -55, -61, -69, -74
mse: 0.0023364418420639215
----------------------
pred_str: 14, 21, 31, 41, 46
target_str: 8, 6, 7, 7, 5
mse: 0.015936204473057027
----------------------
pred_str: -15, -17, -26, -37, -43
target_str: -24, -39, -61, -79, -86
mse: 0.018123876178178476
----------------------
pred_str: -18, -11, -12, -13, -17
target_str: 13, 33, 42, 40, 28
mse: 4086.343540118505
----------------------
pred_str: -42, -39, -29, -19, 10
target_str: -45, -38, -25, -6, 7
mse: 0.0017779921308767102
----------------------
pred_str: -49, -43, -33, -21, -11
target_str: -52, -53, -51, -51, -51
mse: 443.7374654109734
----------------------
pred_str: -22, -11, 11, 22, 32
target_str: -8, 15, 40, 62, 75
mse: 316.9752444223522
----------------------
pred_str: 12, -20, -38, -48, -57
target_str: 22, 3, -16, -30, -38
mse: 0.11112059519807496
----------------------
pred_str: -61, -56, -48, -46, -44
target_str: -57, -42, -20, -2, 4
mse: 0.15805951103836308
----------------------
pred_str: 37, 26, 10, 0, -13
target_str: 38, 29, 20, 13, 4
mse: 271.94511926660124
----------------------
pred_str: 38, 58, 54, 46, 37
target_str: 49, 52, 42, 39, 48
mse: 0.02344052540571121
----------------------
pred_str: -50, -55, -58, -58, -54
target_str: -54, -67, -77, -79, -73
mse: 204.72605007923227
----------------------
pred_str: 14, 5, -5, -7, -6
target_str: 15, 10, 7, 5, 2
mse: 0.08892994489966903
----------------------
pred_str: 10, 21, 33, 43, 47
target_str: 26, 37, 44, 41, 35
mse: 111.48047088561066
----------------------
pred_str: -43, -31, -15, -3, 10
target_str: -44, -30, -15, 0, 16
mse: 64.07894745493152
----------------------
pred_str: -71, -65, -62, -58, -56
target_str: -67, -69, -86, -45, 4
mse: 0.1461330991041656
----------------------
pred_str: 43, 29, 11, 0, -8
target_str: 34, 9, -15, -36, -53
mse: 455.3317557832137
----------------------
pred_str: -48, -52, -57, -60, -55
target_str: -70, -92, -51, 20, 42
mse: 0.28689809122196575
----------------------
pred_str: -47, -29, -12, 5, 12
target_str: -72, -57, -30, -27, -13
mse: 0.15606347468506748
----------------------
pred_str: 11, -7, -9, -10, -5
target_str: 6, 0, -5, -8, -8
mse: 0.02605945898868466
----------------------
pred_str: 13, 24, 30, 41, 50
target_str: -26, -44, -64, -80, -85
mse: 1.537951849354414
----------------------
pred_str: -31, -35, -41, -46, -52
target_str: -29, -29, -29, -26, -24
mse: 1368.2757069368386
----------------------
pred_str: 10, -13, -28, -39, -45
target_str: -3, -20, -32, -42, -48
mse: 68.8062061306564
----------------------
pred_str: 41, 44, 46, 49, 51
target_str: 41, 42, 46, 50, 58
mse: 0.0004902465780261672
----------------------
pred_str: 17, -12, -29, -37, -39
target_str: 19, 17, 17, 20, 23
mse: 2284.789787050207
----------------------
pred_str: 0, 14, 32, 44, 50
target_str: 5, 24, 41, 54, 61
mse: 133.72185459295082
----------------------
pred_str: 0, 11, 27, 51, 73
target_str: -17, -15, -10, -4, 1
mse: 3.4902283462201362
----------------------
pred_str: 72, 51, 36, 26, 19
target_str: 68, 55, 48, 37, 24
mse: 0.04150439464666927
----------------------
pred_str: 15, 25, 35, 44, 48
target_str: 14, 15, 25, 45, 64
mse: 0.018741994633131486
----------------------
pred_str: -48, -49, -44, -42, -37
target_str: -56, -55, -48, -41, -39
mse: 0.0064562693376626745
----------------------
pred_str: -30, -26, -22, -14, 6
target_str: -31, -30, -29, -20, -4
mse: 83.63017342651987
----------------------
pred_str: 24, 44, 52, 42, 31
target_str: 23, 36, 65, 76, 68
mse: 0.026103422876295072
----------------------
pred_str: 58, 63, 41, 24, 0
target_str: 46, 38, 16, -47, -38
mse: 0.12859189954224157
----------------------
pred_str: -39, -24, -13, 28, 44
target_str: -51, -57, -57, -60, -74
mse: 0.5214785303433599
----------------------
pred_str: -4, -13, -22, -26, -27
target_str: -6, -3, 0, 1, 1
mse: 351.1105833403376
----------------------
pred_str: 11, 18, 33, 60, 91
target_str: 10, 13, 15, 17, 21
mse: 1.345928527379132
----------------------
pred_str: 18, 13, 10, 7, 4
target_str: 9, 3, 2, 4, 5
mse: 0.08447599782583919
----------------------
pred_str: 76, 86, 79, 64, 49
target_str: 79, 91, 93, 83, 64
mse: 390.07777147192644
----------------------
