pred_str: -21, -14, -8, -3, 1, 12, 26, 40, 51, 54, 44
target_str: -8, 15, 40, 62, 75, 78, 75, 64, 52, 41
mse: 629.9591306720092
----------------------
pred_str: -53, -48, -40, -28, -12, 29, 32, 35, 36, 36
target_str: -56, -55, -48, -41, -39, -34, -37, 1, 74, 39
mse: 0.3297232758023677
----------------------
pred_str: -63, -57, -48, -40, -27, -18, -14, -11, -8, -5
target_str: -57, -42, -20, -2, 4, 6, 2, 3, 13, 28
mse: 0.09068196546204024
----------------------
pred_str: -47, -37, -27, -17, -6, 17, 35, 50, 60, 64, 56, 40, 24
target_str: -52, -53, -51, -51, -51, -50, -51, -45, -29, -10
mse: 2900.632988609576
----------------------
pred_str: 11, 1, 0, -4, -9, -15, -19, -19, -14, -7
target_str: 9, 3, 2, 4, 5, 5, 5, 6, 8, 12
mse: 0.4502073766482958
----------------------
pred_str: -4, 1, 14, 23, 35, 46, 56, 61, 56, 42, 25
target_str: 13, 33, 42, 40, 28, 15, 4, -3, -10, -11
mse: 3331.5962336807256
----------------------
pred_str: -45, -36, -14, 17, 66, 81, 81, 72, 64, 58, 53
target_str: -45, -38, -25, -6, 7, 55, 94, 96, 96, 90
mse: 0.03313689255682968
----------------------
pred_str: -27, -19, -12, -5, -12, -20, -29, -37, -41, -35
target_str: -11, 18, 43, 63, 75, 77, 57, 39, 38, 23
mse: 48581.04771828676
----------------------
pred_str: -23, -47, -71, -97, -79, -52, -35, -26, -20, -12
target_str: -22, -42, -67, -104, -94, -65, -52, -45, -37, -23
mse: 0.057092846350473445
----------------------
pred_str: 66, 48, 36, 25, 17, 10, 7, 6, 5, 4
target_str: 68, 55, 48, 37, 24, 13, 5, 0, -7, -14
mse: 0.05845417072131833
----------------------
pred_str: 33, 23, 11, 0, -1, -11, -15, -17, -18, -18, -16
target_str: 38, 29, 20, 13, 4, -3, -12, -19, -24, -25
mse: 119.21537798835159
----------------------
pred_str: 88, 127, 166, 183, 161, 120, 81, 51, 26, 5, -9, -26
target_str: 79, 91, 93, 83, 64, 40, 15, -6, -24, -38
mse: 10628.902217883031
----------------------
pred_str: -42, -27, -10, 1, 20, 35, 49, 60, 66, 65, 54, 34
target_str: -44, -30, -15, 0, 16, 31, 45, 56, 63, 65
mse: 76.34938420162047
----------------------
pred_str: 9, 10, 10, 10, 10, 10, 10, 10, 10, 10
target_str: 5, 3, 2, 10, 31, 73, 101, 83, 46, 22
mse: 3.1460928415563627
----------------------
pred_str: 16, 11, 10, 9, 8, 7, 6, 6, 5, 4
target_str: 19, 14, 8, 3, 0, -3, -4, -3, -1, 1
mse: 0.05590382956982008
----------------------
pred_str: -45, -54, -59, -55, -52, -50, -44, -33, -20, -6
target_str: -47, -55, -61, -69, -74, -79, -87, -91, -92, -87
mse: 0.05426650348753488
----------------------
pred_str: 29, 11, -10, -24, -37, -52, -65, -76, -76, -69, -55
target_str: 34, 9, -15, -36, -53, -57, -54, -43, -29, -15
mse: 346.4303912356876
----------------------
pred_str: 7, 11, 18, 31, 50, 70, 71, 56, 35, 19
target_str: 10, 13, 15, 17, 21, 29, 49, 73, 83, 70
mse: 0.7980015737059822
----------------------
pred_str: 2, 1, 2, 3, 4, 5, 5, 6, 7, 6, 2
target_str: 8, 6, 7, 7, 5, 1, -5, -5, -2, 0
mse: 0.00099113302180009
----------------------
pred_str: -39, -56, -58, -52, -38, -21, -6, 19, 36, 46, 49
target_str: -42, -53, -62, -57, -39, -12, 21, 51, 73, 85
mse: 493.0923157225865
----------------------
pred_str: 45, 32, 14, -22, -57, -67, -68, -54, -39, -29
target_str: 46, 38, 16, -47, -38, -8, -35, -32, -34, -37
mse: 0.05034979186290332
----------------------
pred_str: -29, -35, -38, -37, -34, -27, -20, -14, -6, 22
target_str: -31, -34, -34, -30, -25, -22, -21, -13, 20, 67
mse: 0.04759914259746605
----------------------
pred_str: 57, 45, 36, 26, 14, -10, -35, -50, -63, -74, -76
target_str: 55, 60, 51, 28, 10, -12, -31, -46, -56, -60
mse: 0.013295412848379567
----------------------
pred_str: 15, 4, -16, -34, -40, -45, -45, -44, -38, -31
target_str: 19, 17, 17, 20, 23, 31, 36, 42, 46, 51
mse: 4735.018898247276
----------------------
pred_str: 39, 36, 33, 30, 26, 23, 20, 22, 30, 38, 44, 53
target_str: 41, 42, 46, 50, 58, 70, 73, 74, 75, 72
mse: 0.05690491761237089
----------------------
pred_str: -55, -39, -28, -13, 0, 6, 14, 18, 22, 22, 21, 17
target_str: -72, -57, -30, -27, -13, -1, 6, 11, 17, 24
mse: 0.02706423060401894
----------------------
pred_str: 31, 30, 23, 12, 10, 9, 11, 22, 42, 62
target_str: 22, 3, -16, -30, -38, -43, -51, -62, -73, -65
mse: 1.5251888813101742
----------------------
pred_str: -51, -61, -73, -75, -66, -42, -14, 4, 19, 23, 16
target_str: -54, -67, -77, -79, -73, -67, -53, -30, 3, 41
mse: 310.10657925833823
----------------------
pred_str: -2, -5, -9, -18, -27, -33, -35, -32, -29, -23, -14
target_str: -24, -39, -61, -79, -86, -85, -75, -59, -41, -27
mse: 0.028074732865679207
----------------------
pred_str: -46, -31, -9, 34, 74, 99, 111, 103, 87, 62, 34
target_str: -44, -39, -28, -6, 24, 58, 85, 99, 100, 88
mse: 667.1326083456414
----------------------
pred_str: -27, -23, -23, -19, -13, -7, 16, 38, 49, 48, 39
target_str: -31, -30, -29, -20, -4, 17, 36, 47, 52, 51
mse: 260.4127677489158
----------------------
pred_str: 12, 11, 12, 20, 36, 62, 89, 82, 82, 77
target_str: 14, 15, 25, 45, 64, 80, 78, 79, 83, 80
mse: 0.04218994861737676
----------------------
pred_str: 1, -4, -9, -14, -16, -15, -10, -1, 10, 22
target_str: 6, 0, -5, -8, -8, -6, -2, 3, 11, 24
mse: 0.04086021967643273
----------------------
pred_str: -56, -14, 12, 23, 24, 29, 36, 43, 48, 51, 51
target_str: -67, -69, -86, -45, 4, 13, 18, 8, 0, 6
mse: 0.39910328231464376
----------------------
pred_str: 21, 12, 5, 4, 3, 2, 2, 2, 2, 1, 1
target_str: 19, 17, 17, 15, 12, 9, 6, 6, 5, 5
mse: 0.07820728826797406
----------------------
pred_str: 16, 15, 16, 17, 17, 16, 14, 11, 8, 6
target_str: 15, 10, 7, 5, 2, 0, -3, -4, -3, 0
mse: 0.16503797975427992
----------------------
pred_str: -32, -29, -24, -18, -15, -12, -11, -11, -12, -15
target_str: -26, -44, -64, -80, -85, -68, -60, -54, -43, -40
mse: 0.31463292740204574
----------------------
pred_str: 36, 32, 28, 30, 28, 27, 31, 39, 47, 55, 53
target_str: -70, -92, -51, 20, 42, 46, 48, 32, 12, 3
mse: 0.3022519156699258
----------------------
pred_str: -17, -22, -28, -29, -27, -22, -16, -10, -9, -10
target_str: -24, -36, -40, -39, -32, -23, -15, -12, -12, -13
mse: 8.352009860093075
----------------------
pred_str: -22, -14, -8, -12, -19, -26, -34, -40, -48, -54, -59
target_str: -20, -21, -28, -41, -50, -59, -70, -77, -78, -75
mse: 0.013734688240959267
----------------------
pred_str: -42, -38, -33, -28, -23, -19, -20, -19, -22, -32
target_str: -51, -57, -57, -60, -74, -69, 6, 76, 15, -2
mse: 0.20064861195902556
----------------------
pred_str: 23, 37, 54, 72, 87, 94, 91, 80, 63, 42
target_str: 26, 37, 44, 41, 35, 21, 7, -8, -20, -31
mse: 2577.968046644777
----------------------
pred_str: -31, -38, -44, -50, -55, -59, -62, -63, -62, -59
target_str: -29, -29, -29, -26, -24, -21, -16, -7, 2, 12
mse: 8841.781615001208
----------------------
pred_str: -15, -13, -12, -8, -4, 0, 10, 32, 59, 75, 71
target_str: -17, -15, -10, -4, 1, 9, 23, 46, 68, 73
mse: 0.09666571915927913
----------------------
pred_str: 71, 71, 70, 70, 71, 72, 73, 75, 76, 76
target_str: 74, 74, 80, 89, 93, 88, 82, 78, 76, 80
mse: 0.015051046308322685
----------------------
pred_str: 18, 10, -16, -38, -59, -71, -85, -97, -102, -93
target_str: 23, 36, 65, 76, 68, 45, 27, 13, -47, -57
mse: 0.37280872599403087
----------------------
pred_str: -7, -6, -7, -11, -15, -19, -22, -25, -26, -23
target_str: -6, -3, 0, 1, 1, -1, -5, -10, -15, -21
mse: 118.81943110660639
----------------------
pred_str: 17, 19, 37, 68, 84, 87, 75, 57, 39, 21
target_str: 49, 52, 42, 39, 48, 56, 54, 46, 39, 34
mse: 0.14848154468776947
----------------------
pred_str: -2, 1, 7, 13, 16, 20, 25, 30, 36, 40
target_str: 5, 24, 41, 54, 61, 67, 64, 45, 19, -9
mse: 1892.3051671613707
----------------------
pred_str: 0, -20, -34, -43, -47, -48, -45, -37, -28, -15
target_str: -3, -20, -32, -42, -48, -49, -44, -34, -23, -10
mse: 10.375539019702158
----------------------
