pred_str:                                                                                                                                                                                                                                                                                                                                                                                                                                                                                                                                
target_str: -8, 15, 40, 62, 75, 78, 75, 64, 52, 41
mse: 968.6105202476141
----------------------
pred_str: 10, -4, -18, -27, -35, -44, -51
target_str: -56, -55, -48, -41, -39, -34, -37, 1, 74, 39
mse: 0.409866387745916
----------------------
pred_str: 1, 1, 1, 1, 1, 1, 1, 1, 1, 1, 1, 1, 1, 1, 1, 1, 1, 1, 1, 1, 1, 1, 1, 1, 1, 1, 1, 1, 1, 1, 1, 1, 1, 1, 1, 1, 1, 1, 1, 1, 1, 1, 1, 1, 1, 1, 1, 1, 1, 1, 1, 1, 1, 1, 1, 1, 1, 1, 1, 1, 1, 1, 1, 1, 1, 1, 1, 1, 1, 1, 1, 1, 1, 1, 1, 1, 1, 1, 1, 1, 1, 1, 1, 1, 1, 1, 1, 1, 1, 1, 1, 1, 1, 1, 1, 1, 1, 1, 1, 1, 1, 1, 1, 1, 1, 1, 1, 1, 1, 1, 1, 1, 1, 1, 1, 1, 1, 1, 1, 1, 1, 1, 1, 1, 1, 1, 1, 1, 1, 1, 1, 1, 1, 1, 1, 1, 1, 1, 1, 1, 1, 1, 1, 1, 1, 1, 1, 1, 1, 1, 1, 1, 1, 1, 1, 1, 1, 1, 1, 1, 1, 1, 1, 1, 1, 1, 1, 1, 1, 1, 1
target_str: -57, -42, -20, -2, 4, 6, 2, 3, 13, 28
mse: 0.09924000048483933
----------------------
pred_str: 45, -39, -32, -19, -10, -2, -10, -10, -10, -10, -10, -10, -10, -10, -10, -10, -10
target_str: -52, -53, -51, -51, -51, -50, -51, -45, -29, -10
mse: 1379.928203891404
----------------------
pred_str: 77, 98, 110, 113, 123, 123, 123, 123, 123, 123, 123, 123, 123, 123, 123, 123, 123, 123
target_str: 9, 3, 2, 4, 5, 5, 5, 6, 8, 12
mse: 19.57872042943533
----------------------
pred_str: -1, -2, -3, -4, -5, -6, -7, -8, -9, -10, -11, -12, -13, -14, -15, -16, -17, -18, -19, -20, -21, -22, -23, -24, -25, -26, -27, -28, -29, -30, -31, -32, -33, -34, -35, -36, -37, -38, -39, -40, -41, -42, -43, -44, -45, -46, -47, -48, -49, -50, -51, -52, -53, -54, -55, -56, -57, -58, -59, -60, -61, -62, -63, -64, -65, -66, -67, -68, -69, -70, -71, -72, -73, -74, -75, -76, -77, -78, -79, -80, -81, -82, -83, -84, -85, -86, -87, -88, -89, -90, -91, -92, -93, -94, -95, -96, -97, -98, -99, -100, -101, -102, -103, -104, -105, -106, -107, -108, -109, -110, -111, -112, -113, -114, -115, -116, -117, -118, -119, -120, -121, -122, -123, -124,
target_str: 13, 33, 42, 40, 28, 15, 4, -3, -10, -11
mse: 1354.82226886619
----------------------
pred_str: 0, -1, -2, -2, -3, -2, -3, -2, -1, -1, -2, -2, -2, -2, -3, -2, -2, -3, -2, -2, -2, -2, -2, -3, -2, -2, -3, -2, -2, -2, -3, -2, -2, -2, -2, -3, -2, -2, -2, -2, -3, -2, -2, -2, -2, -2, -2, -2, -2, -3, -2, -2, -2, -2, -3, -2, -2, -2, -2, -2, -2, -2, -2, -2, -2, -2, -2, -2, -2, -2, -2, -2, -2, -2, -2, -2, -2, -2, -2, -2, -2, -2, -2, -2, -2, -2, -2, -2, -2, -2, -2, -2, -2, -2, -2, -2, -2, -2, -2, -2, -2, -2, -2, -2, -2, -2, -2, -2, -2, -2, -2, -2, -2, -2, -2, -2, -2, -2, -2, -2, -2, -2, -2, -2, -2, -2, -2, -2, -2, -2, -2, -2, -2, -2, -2, -2, -2, -2, -2, -2, -2, -2, -2, -2, -2, -2, -2, -2, -2, -2, -2, -2, -2, -2, -2, -2, -2, -2, -2, -2, -2, -2, -2, -2, -2, -2, -2, -2, -2, -2, -2
target_str: -45, -38, -25, -6, 7, 55, 94, 96, 96, 90
mse: 0.19170502899362105
----------------------
pred_str:                                                                                                                                                                                                                                                                                                                                                                                                                                                                                 -4133, -1, -23, -44, -68, -88, -102, -105, -99, -79, -42, 
target_str: -11, 18, 43, 63, 75, 77, 57, 39, 38, 23
mse: 16973406.951888643
----------------------
pred_str: 1, 1, 1, 1, 1, 1, 1, 1, 1, 1, 1, 1, 1, 1, 1, 1, 1, 1, 1, 1, 1, 1, 1, 1, 1, 1, 1, 1, 1, 1, 1, 1, 1, 1, 1, 1, 1, 1, 1, 1, 1, 1, 1, 1, 1, 1, 1, 1, 1, 1, 1, 1, 1, 1, 1, 1, 1, 1, 1, 1, 1, 1, 1, 1, 1, 1, 1, 1, 1, 1, 1, 1, 1, 1, 1, 1, 1, 1, 1, 1, 1, 1, 1, 1, 1, 1, 1, 1, 1, 1, 1, 1, 1, 1, 1, 1, 1, 1, 1, 1, 1, 1, 1, 1, 1, 1, 1, 1, 1, 1, 1, 1, 1, 1, 1, 1, 1, 1, 1, 1, 1, 1, 1, 1, 1, 1, 1, 1, 1, 1, 1, 1, 1, 1, 1, 1, 1, 1, 1, 1, 1, 1, 1, 1, 1, 1, 1, 1, 1, 1, 1, 1, 1, 1, 1, 1, 1, 1, 1, 1, 1, 1, 1, 1, 1, 1, 1, 1, 1, 1, 1,
target_str: -22, -42, -67, -104, -94, -65, -52, -45, -37, -23
mse: 1.4172698615402641
----------------------
pred_str:  33, 40, 61, 89, 99, 106, 103, 97, 85, 76, 67
target_str: 68, 55, 48, 37, 24, 13, 5, 0, -7, -14
mse: 3.4913960801066146
----------------------
pred_str: 37, 39, 41, 42, 43, 44, 45, 46, 46, 47, 47, 47
target_str: 38, 29, 20, 13, 4, -3, -12, -19, -24, -25
mse: 5427.172358180561
----------------------
pred_str: 1. -5, -19, -43, -55, -67, -75, -75, -67, -53, -36, -20, -11, -4, 3, 15, 36, 56, 68, 76, 76, 70, 56, 38, 16, -1, 11, 28, 48, 66, 76, 75, 67, 54, 37, 15, -1, -11, -20, -26, -30, -31, -31, -29, -24, -16, -11, -4, 0, 3, 12, 31, 51, 62, 71, 70, 58, 39, 15, -1, 2, 11, 25, 43, 59, 68, 77, 75, 67, 54, 37, 16, -1, -11, -20, -26, -30, -31, -31, -29, -24, -16, -11, -4, 0, 3, 12, 31, 51, 62, 71, 70, 58, 39, 15, -1, -11, -20, -26, -30, -31, -31, -29, -24, -16, -11, -4, 0, 3, 12, 31, 51, 62, 71, 70, 58, 39, 15, -1, -11, -20, -26, -30, -31, -31, -29, -24, -16, -11, -4, 0, 3, 12, 31
target_str: 79, 91, 93, 83, 64, 40, 15, -6, -24, -38
mse: 27226.80700131044
----------------------
pred_str: 71, 56, 46, 23, 1, 13, 26, 36, 46, 54, 62, 67, 68, 65, 55, 43, 29, 7, 1, -1, -19, -39, -54, -65, -74, -77, -71, -58, -45, -27, -13, -2, 0, 6, 10, 12, 18, 26, 35, 45, 54, 61, 65, 66, 62, 54, 43, 27, 7, -1, -16, -35, -53, -64, -72, -75, -70, -57, -44, -26, -12, -1, 0, 5, 9, 13, 17, 25, 33, 42, 50, 57, 63, 65, 62, 53, 43, 26, 6, -1, -15, -32, -49, -60, -66, -71, -67, -57, -44, -27, -13, -1, 0, 5, 10, 13, 19, 27, 34, 43, 51, 58, 63, 66, 62, 54, 43, 27, 6, -1, -15, -33, -50, -61, -67, -71, -67, -58, -45, -28, -12, -1, 0, 5, 9, 12, 17, 25, 33, 42, 50, 57, 63, 65,
target_str: -44, -30, -15, 0, 16, 31, 45, 56, 63, 65
mse: 18126.84352951153
----------------------
pred_str: 1, 3, 10, 18, 27, 35, 43, 50, 58, 65, 73, 80
target_str: 5, 3, 2, 10, 31, 73, 101, 83, 46, 22
mse: 1.2928708650022318
----------------------
pred_str:  71, 74, 71, 58, 46, 38, 31, 25
target_str: 19, 14, 8, 3, 0, -3, -4, -3, -1, 1
mse: 2.3841485887521934
----------------------
pred_str: 20, 24, 33, 38, 47, 58, 70, 80, 89, 94, 97, 97, 94
target_str: -47, -55, -61, -69, -74, -79, -87, -91, -92, -87
mse: 0.5396035916074183
----------------------
pred_str: 63, 67, 65, 59, 47, 31, 15, 5, 0, -1, -1, -2, -3, -4, -5, -6, -7, -8, -9, -10, -11, -12, -13, -14, -15, -16, -17, -18, -19, -20, -21, -22, -23, -24, -25, -26, -27, -28, -29, -30, -31, -32, -33, -34, -35, -36, -37, -38, -39, -40, -41, -42, -43, -44, -45, -46, -47, -48, -49, -50, -51, -52, -53, -54, -55, -56, -57, -58, -59, -60, -61, -62, -63
target_str: 34, 9, -15, -36, -53, -57, -54, -43, -29, -15
mse: 2312.044096248038
----------------------
pred_str: 1, 3, 0, 0, 0, 0, 0, 0, 0, 0, 0, 0, 0, 0, 0, 0, 0, 0, 0, 0, 0, 0, 0, 0, 0, 0, 0, 0, 0, 0, 0, 0, 0, 0, 0, 0, 0, 0, 0, 0, 0, 0, 0, 0, 0, 0, 0, 0, 0, 0, 0, 0, 0, 0, 0, 0, 0, 0, 0, 0, 0, 0, 0, 0, 0, 0, 0, 0, 0, 0, 0, 0, 0, 0, 0, 0, 0, 0, 0, 0, 0, 0, 0, 0, 0, 0, 0, 0, 0, 0, 0, 0, 0, 0, 0, 0, 0, 0, 0, 0, 0, 0, 0, 0, 0, 0, 0, 0, 0, 0, 0, 0, 0, 0, 0, 0, 0, 0, 0, 0, 0, 0, 0, 0, 0, 0, 0, 0, 0, 0, 0, 0, 0, 0, 0, 0, 0, 0, 0, 0, 0, 0, 0, 0, 0, 0, 0, 0, 0, 0, 0, 0, 0, 0, 0, 0, 0, 0, 0, 0, 0, 0, 0, 0, 0, 0, 0, 0, 0, 0, 0
target_str: 10, 13, 15, 17, 21, 29, 49, 73, 83, 70
mse: 2.0377574041795903
----------------------
pred_str: 13, 27, 35, 47, 52, 53, 56, 58, 59, 60
target_str: 8, 6, 7, 7, 5, 1, -5, -5, -2, 0
mse: 0.049391823716576036
----------------------
pred_str: 74, 69, 64, 59, 53, 46, 39, 32, 25, 18, 7, 2, -1, -11, -21, -30, -37
target_str: -42, -53, -62, -57, -39, -12, 21, 51, 73, 85
mse: 7934.209924685047
----------------------
pred_str: 23, 26, 21, 24, 22, 16, 15, 23, 25, 32
target_str: 46, 38, 16, -47, -38, -8, -35, -32, -34, -37
mse: 0.19325506821673852
----------------------
pred_str: 31, 24, 18, 11, 6, 1, 11, 19, 25, 30, 36, 43, 52, 61, 69, 78, 87, 96, 105, 113, 122, 131, 140
target_str: -31, -34, -34, -30, -25, -22, -21, -13, 20, 67
mse: 0.2732114732279009
----------------------
pred_str: 79, 69, 58, 44, 32, 18, 5, 23, 48, 46, 43, 44, 49, 56, 65, 76, 86, 93, 95
target_str: 55, 60, 51, 28, 10, -12, -31, -46, -56, -60
mse: 0.5363070176124503
----------------------
pred_str:  56, 43, 29, 13, 1, 12, 21, 33, 40, 48, 55, 63, 71, 78, 86, 92, 97, 102, 99, 92, 85, 77, 69, 61, 54, 46, 38, 32, 25, 20, 15, 11, 7, 4, 1, 2, 3, 4, 5, 7, 9, 11, 13, 15, 17, 19, 21, 23, 25, 27, 29, 31, 33, 35, 37, 39, 41, 43, 45, 47, 49, 51, 53, 55, 57, 59, 61, 63, 65, 67, 69, 71, 73, 75, 77, 79, 81, 83, 85, 87, 89, 91, 93, 95, 97, 99, 101, 103, 105, 107, 109, 1111, 113, 115, 117, 119, 121, 123, 125, 127, 129, 131, 133, 135, 137, 139, 141, 143, 145, 147, 149, 151, 153, 155, 157, 159, 161, 163, 165, 167, 169,
target_str: 19, 17, 17, 20, 23, 31, 36, 42, 46, 51
mse: 390.1913730222007
----------------------
pred_str: 39, 43, 44, 45, 44, 43, 43, 43, 44, 43
target_str: 41, 42, 46, 50, 58, 70, 73, 74, 75, 72
mse: 0.020980737811453282
----------------------
pred_str:  -54, -65, -84, -96, -95, -84, -61, -35, -19, -8, 3, 11, 16, 22, 26
target_str: -72, -57, -30, -27, -13, -1, 6, 11, 17, 24
mse: 0.7060926250424482
----------------------
pred_str:                                                                                                                                                                                                                                                                                                                                                                                                                                                                                                                                
target_str: 22, 3, -16, -30, -38, -43, -51, -62, -73, -65
mse: 0.647101330379001
----------------------
pred_str:   -4, -37, -61, -75, -84, -85, -73, -55, -29
target_str: -54, -67, -77, -79, -73, -67, -53, -30, 3, 41
mse: 607.1373072455538
----------------------
pred_str: 0, 6, 9, 11, 13, 15, 18, 21, 24, 27, 31, 34, 37, 40, 43, 45, 48, 50, 53, 56, 59, 62, 65, 68, 71, 73, 77, 80, 83, 85, 87, 90, 93, 96, 99, 102, 105, 108, 1112, 116, 120, 124, 128, 132, 136, 140, 144, 148, 152, 156, 161, 165, 169, 173, 177, 181, 186, 190, 194, 198, 202, 206, 210, 214, 218, 222, 226, 230, 234, 238, 242, 246, 250, 254, 258, 262, 266, 270, 274, 278, 282, 286, 290, 294, 298, 302, 306, 310, 314, 318, 322, 326, 330, 334, 338, 342, 346, 350, 354, 358, 362, 366, 370, 374, 378, 382, 386, 390, 394, 398
target_str: -24, -39, -61, -79, -86, -85, -75, -59, -41, -27
mse: 0.0965935847541787
----------------------
pred_str: -6, -47, -78, -97, -107, -118, -126, -135, -145
target_str: -44, -39, -28, -6, 24, 58, 85, 99, 100, 88
mse: 19588.742569459115
----------------------
pred_str: 7, 1, -1, -1, -2, -2, -2, -2, -2, -2, -2, -2, -2, -2, -2, -2, -2, -2, -2, -2, -2, -2, -2, -2, -2, -2, -2, -2, -2, -2, -2, -2, -2, -2, -2, -2, -2, -2, -2, -2, -2, -2, -2, -2, -2, -2, -2, -2, -2, -2, -2, -2, -2, -2, -2, -2, -2, -2, -2, -2, -2, -2, -2, -2, -2, -2, -2, -2, -2, -2, -2, -2, -2, -2, -2, -2, -2, -2, -2, -2, -2, -2, -2, -2, -2, -2, -2, -2, -2, -2, -2, -2, -2, -2, -2, -2, -2, -2, -2, -2, -2, -2, -2, -2, -2, -2, -2, -2, -2, -2, -2, -2, -2, -2, -2, -2, -2, -2, -2, -2, -2, -2, -2, -2, -2, -2, -2, -2, -2, -2, -2, -2, -2, -2, -2, -2, -2, -2, -2, -2, -2, -2, -2, -2, -2, -2, -2, -2, -2, -2, -2, -2, -2, -2, -2, -2, -2, -2, -2, -2, -2, -2, -2, -2, -2, -2, -2, -2, -2, -2, -2
target_str: -31, -30, -29, -20, -4, 17, 36, 47, 52, 51
mse: 2791.4675461797547
----------------------
pred_str: 26, 20, 23, 20, 18, 17, 15, 13, 11, 10, 10, 9, 9, 9, 8, 8, 7, 7, 7, 7, 6, 6, 6, 6, 6, 6, 6, 6, 6, 6, 6, 6, 6, 6, 6, 6, 6, 6, 6, 6, 6, 6, 6, 6, 6, 6, 6, 6, 6, 6, 6, 6, 6, 6, 6, 6, 6, 6, 6, 6, 6, 6, 6, 6, 6, 6, 6, 6, 6, 6, 6, 6, 6, 6, 6, 6, 6, 6, 6, 6, 6, 6, 6, 6, 6, 6, 6, 6, 6, 6, 6, 6, 6, 6, 6, 6, 6, 6, 6, 6, 6, 6, 6, 6, 6, 6, 6, 6, 6, 6, 6, 6, 6, 6, 6, 6, 6, 6, 6, 6, 6, 6, 6, 6, 6, 6, 6, 6, 6, 6, 6, 6, 6, 6, 6, 6, 6, 6, 6, 6, 6, 6, 6, 6, 6, 6, 6, 6, 6, 6, 6, 6, 6, 6, 6, 6, 6, 6, 6, 6, 6, 6, 6, 6, 6, 6, 6,
target_str: 14, 15, 25, 45, 64, 80, 78, 79, 83, 80
mse: 0.5174918430798706
----------------------
pred_str:  2, 2, 2, 2, 2, 2, 2, 2, 2, 2, 2, 2, 2, 2, 2, 2, 2, 2, 2, 2, 2, 2, 2, 2, 2, 2, 2, 2, 2, 2, 2, 2, 2, 2, 2, 2, 2, 2, 2, 2, 2, 2, 2, 2, 2, 2, 2, 2, 2, 2, 2, 2, 2, 2, 2, 2, 2, 2, 2, 2, 2, 2, 2, 2, 2, 2, 2, 2, 2, 2, 2, 2, 2, 2, 2, 2, 2, 2, 2, 2, 2, 2, 2, 2, 2, 2, 2, 2, 2, 2, 2, 2, 2, 2, 2, 2, 2, 2, 2, 2, 2, 2, 2, 2, 2, 2, 2, 2, 2, 2, 2, 2, 2, 2, 2, 2, 2, 2, 2, 2, 2, 2, 2, 2, 2, 2, 2, 2, 2, 2, 2, 2, 2, 2, 2, 2, 2, 2, 2, 2, 2, 2, 2, 2, 2, 2, 2, 2, 2, 2, 2, 2, 2, 2, 2, 2, 2, 2, 2, 2, 2, 2, 2, 2, 2, 2, 2, 2, 2, 2, 
target_str: 6, 0, -5, -8, -8, -6, -2, 3, 11, 24
mse: 0.11574953871187602
----------------------
pred_str: -76, -63, -54, -53, -56, -64, -69, -78, -85
target_str: -67, -69, -86, -45, 4, 13, 18, 8, 0, 6
mse: 0.5502109831475095
----------------------
pred_str: 14, 14, 12, 10, 9, 7, 5, 3, 2, 2, 2, 2, 2, 2, 2, 2, 2, 2, 2, 2, 2, 2, 2, 2, 2, 2, 2, 2, 2, 2, 2, 2, 2, 2, 2, 2, 2, 2, 2, 2, 2, 2, 2, 2, 2, 2, 2, 2, 2, 2, 2, 2, 2, 2, 2, 2, 2, 2, 2, 2, 2, 2, 2, 2, 2, 2, 2, 2, 2, 2, 2, 2, 2, 2, 2, 2, 2, 2, 2, 2, 2, 2, 2, 2, 2, 2, 2, 2, 2, 2, 2, 2, 2, 2, 2, 2, 2, 2, 2, 2, 2, 2, 2, 2, 2, 2, 2, 2, 2, 2, 2, 2, 2, 2, 2, 2, 2, 2, 2, 2, 2, 2, 2, 2, 2, 2, 2, 2, 2, 2, 2, 2, 2, 2, 2, 2, 2, 2, 2, 2, 2, 2, 2, 2, 2, 2, 2, 2, 2, 2, 2, 2, 2, 2, 2, 2, 2, 2, 2, 2, 2, 2, 2, 2, 2, 2, 2, 2, 2, 
target_str: 19, 17, 17, 15, 12, 9, 6, 6, 5, 5
mse: 0.020324139362779124
----------------------
pred_str:  19, 21, 16, 20, 22, 21, 21, 22, 21, 22, 21, 22, 21, 22, 21, 22, 21, 22, 21, 22, 21, 22, 21, 22, 21, 22, 21, 22, 21, 22, 21, 22, 21, 22, 21, 22, 21, 22, 21, 22, 21, 22, 21, 22, 21, 22, 21, 22, 21, 22, 21, 22, 21, 22, 21, 22, 21, 22, 21, 22, 21, 22, 21, 22, 21, 22, 21, 22, 21, 22, 21, 22, 21, 22, 21, 22, 21, 22, 21, 22, 21, 22, 21, 22, 21, 22, 21, 22, 21, 22, 21, 22, 21, 22, 21, 22, 21, 22, 21, 22, 21, 22, 21, 22, 21, 22, 21, 22, 21, 22, 21, 22, 21, 22, 21, 22, 21, 22, 21, 22, 21, 22, 21, 22, 21, 22, 21, 22
target_str: 15, 10, 7, 5, 2, 0, -3, -4, -3, 0
mse: 0.42300539928466907
----------------------
pred_str: 13, 24, 36, 44, 52, 59, 68, 75, 83, 91, 96, 99, 101, 99, 94, 85, 73, 61, 50, 40, 31, 23, 15, 6, 1, 1, 0, 0, 0, 0, 0, 0, 0, 0, 0, 0, 0, 0, 0, 0, 0, 0, 0, 0, 0, 0, 0, 0, 0, 0, 0, 0, 0, 0, 0, 0, 0, 0, 0, 0, 0, 0, 0, 0, 0, 0, 0, 0, 0, 0, 0, 0, 0, 0, 0, 0, 0, 0, 0, 0, 0, 0, 0, 0, 0, 0, 0, 0, 0, 0, 0, 0, 0, 0, 0, 0, 0, 0, 0, 0, 0, 0, 0, 0, 0, 0, 0, 0, 0, 0, 0, 0, 0, 0, 0, 0, 0, 0, 0, 0, 0, 0, 0, 0, 0, 0, 0, 0, 0, 0, 0, 0, 0, 0, 0, 0, 0, 0, 0, 0, 0, 0, 0, 0, 0, 0, 0, 0, 0, 0, 0, 0, 0, 0, 0, 0, 0, 0, 0, 0, 0, 0, 0
target_str: -26, -44, -64, -80, -85, -68, -60, -54, -43, -40
mse: 2.129176321967126
----------------------
pred_str: -47, -45, -47, -52, -60, -66
target_str: -70, -92, -51, 20, 42, 46, 48, 32, 12, 3
mse: 0.27496867368579664
----------------------
pred_str: 1, 12, 19, 23, 28, 32, 36, 40, 43, 46, 49, 52, 55, 58, 61, 64, 67, 70, 73, 76, 79, 82, 85, 88, 91, 94, 97, 100, 103
target_str: -24, -36, -40, -39, -32, -23, -15, -12, -12, -13
mse: 445.3887785986436
----------------------
pred_str: 0, 1, 1, 2, 2, 3, 4, 5, 6, 7, 8, 9, 10, 11, 12, 13, 14, 15, 16, 17, 18, 19, 20, 21, 22, 23, 24, 25, 26, 27, 28, 29, 30, 31, 32, 33, 34, 35, 36, 37, 38, 39, 40, 41, 42, 43, 44, 45, 46, 47, 48, 49, 50, 51, 52, 53, 54, 55, 56, 57, 58, 59, 60, 61, 62, 63, 64, 65, 66, 67, 68, 69, 70, 71, 72, 73, 74, 75, 76, 77, 78, 79, 80, 81, 82, 83, 84, 85, 86, 87, 88, 89, 90, 91, 92, 93, 94, 95, 96, 97, 98, 99, 100, 101, 102, 103, 104, 105, 106, 107, 108, 109, 110, 111, 112, 113, 114, 115, 116, 117, 118, 119, 120, 121, 122, 1
target_str: -20, -21, -28, -41, -50, -59, -70, -77, -78, -75
mse: 0.06746254624151175
----------------------
pred_str:  -34, -43, -53, -60, -53, -47
target_str: -51, -57, -57, -60, -74, -69, 6, 76, 15, -2
mse: 0.07838869803265026
----------------------
pred_str: 5, -2, -2, -2, -2, -2, -2, -2, -2, -2, -2, -2, -2, -2, -2, -2, -2, -2, -2, -2, -2, -2, -2, -2, -2, -2, -2, -2, -2, -2, -2, -2, -2, -2, -2, -2, -2, -2, -2, -2, -2, -2, -2, -2, -2, -2, -2, -2, -2, -2, -2, -2, -2, -2, -2, -2, -2, -2, -2, -2, -2, -2, -2, -2, -2, -2, -2, -2, -2, -2, -2, -2, -2, -2, -2, -2, -2, -2, -2, -2, -2, -2, -2, -2, -2, -2, -2, -2, -2, -2, -2, -2, -2, -2, -2, -2, -2, -2, -2, -2, -2, -2, -2, -2, -2, -2, -2, -2, -2, -2, -2, -2, -2, -2, -2, -2, -2, -2, -2, -2, -2, -2, -2, -2, -2, -2, -2, -2, -2, -2, -2, -2, -2, -2, -2, -2, -2, -2, -2, -2, -2, -2, -2, -2, -2, -2, -2, -2, -2, -2, -2, -2, -2, -2, -2, -2, -2, -2, -2, -2, -2, -2, -2, -2, -2, -2, -2, -2, -2, -2, -2
target_str: 26, 37, 44, 41, 35, 21, 7, -8, -20, -31
mse: 649.9696852466429
----------------------
pred_str: 44, -32, -43, -48, -53, -58, -63, -65, -66, -65, -64, -62, -59, -55
target_str: -29, -29, -29, -26, -24, -21, -16, -7, 2, 12
mse: 12179.454154510147
----------------------
pred_str:  0, 0, -2, -6, -9, -10, -13, -15, -17
target_str: -17, -15, -10, -4, 1, 9, 23, 46, 68, 73
mse: 3.0810542747103105
----------------------
pred_str: 72, 72, 71, 73, 72, 72, 72, 71, 71, 70, 71, 70, 69, 69, 69, 68, 69, 68, 69, 68, 68, 69, 69, 68, 69, 69, 68, 69, 68, 69, 68, 69, 68, 69, 68, 69, 68, 69, 69, 68, 69, 68, 69, 68, 69, 68, 69, 68, 69, 68, 69, 68, 69, 68, 69, 68, 69, 68, 69, 68, 69, 68, 69, 68, 69, 68, 69, 68, 69, 68, 69, 68, 69, 68, 69, 68, 69, 68, 69, 68, 69, 68, 69, 68, 69, 68, 69, 68, 69, 68, 69, 68, 69, 68, 69, 68, 69, 68, 69, 68, 69, 68, 69, 68, 69, 68, 69, 68, 69, 68, 69, 68, 69, 68, 69, 68, 69, 68, 69, 68, 69, 68, 69, 68, 69, 68, 69, 68,
target_str: 74, 74, 80, 89, 93, 88, 82, 78, 76, 80
mse: 0.014948812786228421
----------------------
pred_str: 48, 33, 28, 14, -10, -23, -40, -62, -73, -83, -95, -101, -91, -74, -53, -45, -52, -58, -66, -74, -87, -100, -102, -98, -86, -68, -49, -55, -52, -53, -45, -39, -43, -56, -66, -76, -86, -97, -101, -98, -86, -68, -50, -53, -55, -52, -56, -45, -39, -43, -56, -66, -76, -86, -97, -101, -98, -86, -68, -50, -53, -55, -52, -56, -45, -39, -43, -56, -66, -76, -86, -97, -101, -98, -86, -68, -50, -53, -55, -52, -56, -45, -39, -43, -56, -66, -76, -86, -97, -101, -98, -86, -68, -50, -53, -55, -52, -56, -45, -39, -43, -56, -66, -76, -86, -97, -101, -98, -86, -68, -50, -53, -55, -52, -56, -45, -39, -43, -56, -66, -76, -86, -97, -101, -98, -86
target_str: 23, 36, 65, 76, 68, 45, 27, 13, -47, -57
mse: 0.13255600080041036
----------------------
pred_str: 14, 11, 16, 17, 15, 12, 8, 4, 0, -4, -11, -19, -23, -23, -21, -20, -19, -16, -14, -11, -7, -2, 4, 10, 17, 23, 25, 24, 18, 13, 11, 13, 19, 24, 27, 24, 18, 10, 1, -6, -9, -9, -8
target_str: -6, -3, 0, 1, 1, -1, -5, -10, -15, -21
mse: 196.52834174594813
----------------------
pred_str: 0, -14, -22, -28, -31, -27, -21, -14, -9, -3, 15, 37, 56, 76, 94, 112, 127, 145, 165
target_str: 49, 52, 42, 39, 48, 56, 54, 46, 39, 34
mse: 1.0294421826266167
----------------------
pred_str:  -35, -29, -20, -10, -14, -21, -25, -30, -34, -38, -43, -47, -54
target_str: 5, 24, 41, 54, 61, 67, 64, 45, 19, -9
mse: 6700.341779727118
----------------------
pred_str: 89, 85, 84, 80, 78, 73, 70, 65, 58
target_str: -3, -20, -32, -42, -48, -49, -44, -34, -23, -10
mse: 14750.603479759986
----------------------
