pred_str: 3, 3, 3, 1, 0, 0, 0, 0, 0, 0, 0, 0, 0, 0, 0, 0, 0, 0, 0, 0, 0, 0, 0, 0, 0, 0, 0, 0, 0, 0, 0, 0, 0, 0, 0, 0, 0, 0, 0, 0, 0, 0, 0, 0, 0, 0, 0, 0, 0, 0, 0, 0, 0, 0, 0, 0, 0, 0, 0, 0, 0, 0, 0, 0, 0, 0, 0, 0, 0, 0, 0, 0, 0, 0, 0, 0, 0, 0, 0, 0, 0, 0, 0, 0, 0, 0, 0, 0, 0, 0, 0, 0, 0, 0, 0, 0, 0, 0, 0, 0, 0, 0, 0, 0, 0, 0, 0, 0, 0, 0, 0, 0, 0, 0, 0, 0, 0, 0, 0, 0, 0, 0, 0, 0, 0
target_str: 8, 6, 7, 7, 5, 1, -5, -5, -2, 0, 5, 13, 20, 23, 30, 37, 43, 49, 56, 66, 69, 72, 73, 75, 73, 73, 75, 75, 74, 76, 74, 70, 69, 68, 67, 69, 71, 73, 74, 74, 71, 69, 70, 69, 71, 74, 72, 70, 71, 70
mse: 0.07360713365444634
----------------------
pred_str: -13, -15, -12, -9, -8, -8, -7, -7, -7, -8, -11, -13, -16, -18, -17, -16, -11, -5, 4, 13, 19, 21, 18, 14, 12, 10, 9, 12, 17, 22, 24, 22, 18, 11, 2, -8, -15, -18, -19, -17, -14, -14, -13, -13, -14, -17, -20, -23, -26, -24, -16, -6, 4, 12, 16, 18, 17, 14, 11, 10, 10, 12, 16, 20, 22, 20, 16, 9, 1, -9, -15, -17, -17, -14, -12, -12, -13, -15, -19, -24, -29, -26, -16, -3, 6, 13, 17, 17, 14, 10, 7, 8, 10, 13, 16, 19, 18, 13, 4, -6, -14, -19
target_str: -6, -3, 0, 1, 1, -1, -5, -10, -15, -21, -28, -34, -40, -41, -40, -35, -29, -24, -18, -16, -14, -10, -2, 9, 22, 29, 31, 29, 20, 13, 4, -1, -5, -6, -3, 0, 6, 10, 14, 15, 13, 8, 2, -1, -7, -13, -18, -22, -24, -24
mse: 270.3434510564798
----------------------
pred_str: -37, -34, -35, -39, -46, -64, -87, -88, 29, 77, -5, 26, 26, 26, 26, 26, 25, 23, 25, 33, 44, 66, 79, 77, 57, 46, 47, 27, 10, -19, -27, -33, -42, -49, -56, -51, -44, -36, -33, -34, -41, -56, -76, -80, 41, 59, 14, 20, 32, 29, 25, 25, 27, 28, 31, 36, 51, 67, 78, 75, 57, 45, 48, 31, 16, -21, -28, -35, -44, -54, -52
target_str: -51, -57, -57, -60, -74, -69, 6, 76, 15, -2, 23, 30, 18, 13, 23, 40, 47, 45, 43, 55, 85, 104, 87, 52, 45, 56, 24, -12, -15, -23, -34, -49, -58, -61, -54, -49, -47, -47, -46, -53, -79, -91, -52, 71, 74, 12, 35, 46, 34, 16
mse: 0.18100892047925027
----------------------
pred_str: 40, 32, 21, 9, 0, -7, -14, -18, -18, -15, -10, -5, -1, 2, 7, 13, 17, 18, 13, 4, -13, -30, -49, -66, -75, -77, -70, -51, -24, -4, 11, 16, 11, 4, 0, -1, 0, 0, -1, 0, 1, 2, 4, 4, 1, 0, -1, -5, -7, -6, -1, 6, 14, 17, 17, 11, 1, -8, -21, -37, -52, -61, -66, -62, -51, -27, -1, 10, 16, 12, 3, 0, -1, 0, 0, 0, 0, 0, 0, 0, 0, 0, 0, 0, 0, 0, 0, 0, 0, 0, 0, 0, 0, 0, 0, 0, 0, 0, 0, 0, 0, 0, 0, 0, 0, 0, 0, 0, 0, 0, 0, 0, 0, 0, 0, 0, 0
target_str: 38, 29, 20, 13, 4, -3, -12, -19, -24, -25, -19, -7, 7, 23, 34, 42, 45, 45, 43, 39, 32, 23, 9, -7, -29, -50, -69, -82, -86, -83, -73, -59, -42, -22, -2, 13, 25, 36, 45, 52, 58, 60, 60, 55, 45, 33, 18, 4, -6, -15
mse: 3379.109617534891
----------------------
pred_str: -55, -59, -58, -52, -40, -25, -10, 1, 23, 48, 69, 83, 89, 85, 74, 59, 39, 17, -1, -18, -33, -43, -49, -52, -52, -48, -40, -29, -18, -8, 1, 16, 31, 41, 41, 33, 16, 0, -16, -27, -36, -41, -43, -44, -46, -47, -47, -46, -44, -41, -37, -29, -20, -13, -1, 6, 22, 41, 60, 77, 90, 94, 91, 80, 65, 49, 30, 9, -13, -26, -34, -39, -42, -43, -44, -45, -47, -50, -51, -51, -51, -51, -50
target_str: -52, -53, -51, -51, -51, -50, -51, -45, -29, -10, 7, 21, 23, 17, 4, -13, -30, -47, -57, -63, -64, -62, -53, -43, -33, -22, -15, -8, 2, 14, 29, 41, 48, 51, 53, 49, 44, 39, 32, 25, 21, 17, 12, 7, 0, -7, -14, -17, -9, 8
mse: 1314.7821579977917
----------------------
pred_str: 24, 26, 25, 27, 28, 30, 32, 34, 35, 35, 33, 30, 30, 31, 32, 33, 33, 33, 32, 31, 27, 26, 28, 34, 41, 41, 40, 36, 29, 23, 18, 13, 8, 2, -1, -4, -6, -6, -3, 1, 11, 19, 22, 20, 17, 14, 12, 13, 15, 16, 15, 12, 10, 8, 8, 11, 18, 26, 28, 26, 24, 23, 23, 22, 20, 16, 12, 8, 5, 1, -1, -3, -2, -1, 1, 12, 22, 23, 20, 13, 6, -1, -9, -11, -10, -6, -5, -1, 0, 7, 11, 14, 16, 17, 16, 15, 15, 14, 13, 11, 9, 7, 4, 2
target_str: -26, -44, -64, -80, -85, -68, -60, -54, -43, -40, -19, 15, 30, 17, 11, 10, 4, 1, -13, -37, -48, -59, -73, -70, -57, -48, -35, -28, -15, 28, 46, 25, 8, 8, 18, 14, -1, -17, -29, -32, -30, -20, -8, -8, -8, -7, -8, 13, 19, 5
mse: 0.5232642745837854
----------------------
pred_str: 7, 8, 8, 9, 10, 10, 10, 10, 11, 13, 23, 48, 83, 99, 79, 45, 26, 15, 8, 5, 3, 2, 3, 4, 3, 2, 3, 6, 19, 42, 67, 78, 59, 32, 17, 10, 6, 2, 0, -3, -7, -10, -12, -12, -7, 0, 19, 42, 64, 77, 62, 38, 25, 18, 13, 10, 9, 9, 9, 9, 8, 7, 9, 22, 51, 85, 100, 77, 41, 21, 12, 6, 3, 0, -4, -11, -16, -19, -17, -9, 0, 20, 47, 71, 77, 61, 38, 26
target_str: 5, 3, 2, 10, 31, 73, 101, 83, 46, 22, 10, 2, -1, -4, -7, -11, -14, -15, -11, -3, 17, 54, 81, 78, 50, 29, 15, 8, 3, 1, 0, 1, 1, 1, 2, 9, 30, 68, 99, 88, 50, 25, 12, 5, 1, -2, -6, -10, -14, -16
mse: 4.295671857396484
----------------------
pred_str: 11, 21, 32, 43, 47, 49, 50, 51, 52, 52, 52, 51, 48, 45, 43, 41, 41, 41, 40, 38, 34, 29, 24, 19, 15, 11, 8, 7, 10, 13, 16, 18, 19, 18, 15, 10, 0, -11, -27, -42, -57, -69, -76, -74, -68, -58, -46, -33, -23, -18, -12, -5, 2, 11, 17, 19, 17, 12, 0, -13, -27, -39, -48, -53, -51, -49, -46, -41, -32, -22, -12, -4, 6, 15, 22, 27, 28, 27, 23, 19, 14, 9, 4, -4, -17, -32, -47
target_str: 5, 24, 41, 54, 61, 67, 64, 45, 19, -9, -33, -48, -51, -48, -44, -44, -48, -50, -40, -19, 8, 34, 44, 35, 8, -20, -31, -19, 3, 25, 36, 32, 17, -2, -20, -29, -30, -23, -8, 11, 33, 52, 65, 73, 77, 71, 53, 33, 11, -6
mse: 6639.149155868891
----------------------
pred_str: -43, -54, -58, -55, -43, -26, -15, -11, -11, -13, -15, -17, -18, -19, -20, -20, -21, -22, -23, -24, -25, -26, -26, -27, -27, -26, -22, -14, -8, -4, 5, 15, 26, 34, 40, 43, 45, 46, 45, 43, 40, 36, 31, 25, 19, 13, 6, 0, -3, -5, -6, -7, -8, -8, -7, -6, -5, -4, -3, -2, -1, 0, 3, 12, 23, 35, 46, 54, 57, 58, 58, 55, 50, 41, 32, 24, 16, 10, 7, 9, 13, 17, 18, 18, 17, 14, 11, 9, 8, 8, 9, 10, 12, 13, 13, 13, 12, 12, 11, 10, 9, 8, 7
target_str: -42, -53, -62, -57, -39, -12, 21, 51, 73, 85, 90, 89, 88, 83, 66, 39, 6, -28, -62, -92, -109, -104, -80, -39, 7, 61, 106, 130, 129, 109, 75, 39, 5, -24, -45, -56, -59, -60, -57, -43, -19, 6, 30, 49, 62, 74, 86, 97, 102, 98
mse: 6007.70731741689
----------------------
pred_str: 4, 2, 0, -2, -6, -12, -19, -21, -19, -14, -6, 1, 8, 12, 12, 12, 12, 11, 10, 10, 10, 10, 11, 13, 13, 13, 14, 15, 15, 16, 16, 16, 16, 16, 16, 15, 13, 11, 10, 9, 8, 8, 9, 11, 13, 14, 15, 16, 16, 16, 16, 15, 14, 13, 13, 13, 13, 13, 13, 13, 12, 12, 11, 11, 11, 12, 12, 13, 14, 14, 14, 14, 14, 14, 14, 15, 16, 16, 16, 16, 16, 16, 15, 13, 11, 11, 12, 13, 14, 14, 14, 14, 14, 14, 15, 16, 16
target_str: 8, 6, 7, 7, 5, 1, -5, -5, -2, 0, 5, 13, 20, 23, 30, 37, 43, 49, 56, 66, 69, 72, 73, 75, 73, 73, 75, 75, 74, 76, 74, 70, 69, 68, 67, 69, 71, 73, 74, 74, 71, 69, 70, 69, 71, 74, 72, 70, 71, 70
mse: 0.04937187092926629
----------------------
pred_str:  -6, -5, -4, -4, -2, 0, 1, 2, 2, 2, 1, 0, -1, -2, -2, -2, -2, -2, -2, -2, -2, -1, -1, -1, -1, -1, -1, -1, -1, -1, -1, -1, -1, -1, -1, -1, -1, -1, -1, -1, -1, -1, -1, -1, -1, -1, -1, -1, -1, -1, -1, -1, -1, -1, -1, -1, -1, -1, -1, -1, -1, -1, -1, -1, -1, -1, -1, -1, -1, -1, -1, -1, -1, -1, -1, -1, -1, -1, -1, -1, -1, -1, -1, -1, -1, -1, -1, -1, -1, -1, -1, -1, -1, -1, -1, -1, -1, -1, -1, -1, -1, -1, -1, -1, -1, -1, -1, -1, -1, -1, -1, -1, -1, -1, -1, -1, -1, -1, -1, -1, -1, -1, -1, -1, -1, -1, -1, -1
target_str: -6, -3, 0, 1, 1, -1, -5, -10, -15, -21, -28, -34, -40, -41, -40, -35, -29, -24, -18, -16, -14, -10, -2, 9, 22, 29, 31, 29, 20, 13, 4, -1, -5, -6, -3, 0, 6, 10, 14, 15, 13, 8, 2, -1, -7, -13, -18, -22, -24, -24
mse: 293.8232401851412
----------------------
pred_str: -44, -43, -50, -44, -43, -46, -45, -42, -46, -47, -46, -51, -63, -75, -82, -38, 36, 10, -3, 13, 13, 10, 9, 15, 22, 28, 29, 30, 38, 51, 66, 68, 50, 37, 40, 0, -14, -18, -21, -27, -36, -45, -49, -49, -45, -42, -41, -45, -47, -51, -68, -87, -73, 17, 52, 17, 15, 14, 14, 14, 18, 22, 26, 26, 31, 40, 52, 61, 56, 44, 39
target_str: -51, -57, -57, -60, -74, -69, 6, 76, 15, -2, 23, 30, 18, 13, 23, 40, 47, 45, 43, 55, 85, 104, 87, 52, 45, 56, 24, -12, -15, -23, -34, -49, -58, -61, -54, -49, -47, -47, -46, -53, -79, -91, -52, 71, 74, 12, 35, 46, 34, 16
mse: 0.47265434970719405
----------------------
pred_str: 37, 24, 0, -29, -54, -71, -80, -80, -75, -63, -45, -20, -2, 17, 30, 34, 33, 28, 17, 3, -20, -45, -63, -72, -74, -70, -54, -31, -11, 0, 21, 35, 37, 34, 26, 15, 4, -16, -33, -45, -52, -56, -56, -49, -33, -10, -1, 15, 33, 43, 42, 36, 23, 7, -24, -53, -71, -80, -82, -77, -63, -40, -12, 4, 24, 39, 44, 44, 39, 31, 22, 10, -6, -24, -43, -53, -58, -57, -49, -33, -10, -1, 14, 27, 33, 32, 25, 14, 3, -21, -49, -68, -75, -73, -67, -55, -37, -16, 0, 23, 40
target_str: 38, 29, 20, 13, 4, -3, -12, -19, -24, -25, -19, -7, 7, 23, 34, 42, 45, 45, 43, 39, 32, 23, 9, -7, -29, -50, -69, -82, -86, -83, -73, -59, -42, -22, -2, 13, 25, 36, 45, 52, 58, 60, 60, 55, 45, 33, 18, 4, -6, -15
mse: 8144.947832682078
----------------------
pred_str: -53, -47, -38, -25, -12, 0, 18, 33, 47, 55, 58, 55, 48, 40, 30, 18, 5, -11, -24, -34, -40, -45, -50, -50, -46, -38, -29, -20, -10, -1, 16, 40, 58, 68, 72, 69, 58, 43, 27, 11, -3, -16, -26, -34, -40, -45, -48, -45, -39, -32, -23, -13, 1, 27, 51, 67, 76, 80, 72, 57, 40, 22, 5, -10, -21, -30, -36, -40, -44, -47, -51, -53, -54, -54, -51, -46, -36, -23, -10, 0, 21, 47, 68
target_str: -52, -53, -51, -51, -51, -50, -51, -45, -29, -10, 7, 21, 23, 17, 4, -13, -30, -47, -57, -63, -64, -62, -53, -43, -33, -22, -15, -8, 2, 14, 29, 41, 48, 51, 53, 49, 44, 39, 32, 25, 21, 17, 12, 7, 0, -7, -14, -17, -9, 8
mse: 799.3023447866533
----------------------
pred_str: -27, -20, -16, -14, -12, -12, -12, -11, -11, -11, -11, -11, -10, -10, -10, -10, -10, -10, -10, -9, -9, -9, -8, -8, -8, -8, -8, -8, -8, -8, -8, -8, -7, -7, -7, -6, -6, -6, -6, -6, -6, -6, -6, -6, -6, -6, -6, -5, -5, -5, -5, -5, -5, -5, -5, -4, -4, -4, -4, -4, -4, -4, -4, -4, -4, -4, -3, -3, -3, -3, -3, -3, -3, -3, -3, -2, -2, -2, -2, -2, -2, -1, -1, -1, -1, -1, -1, -1, -1, -1, -1, -1, -1, -1, -1, -1, -1, -1, -1, -1, -1, -1, -1, -1, -1, -1, -1, -1, -1, -1, -1, -1, -1, -1, -1, -1, -1, -1, -1, -1, -1, -1
target_str: -26, -44, -64, -80, -85, -68, -60, -54, -43, -40, -19, 15, 30, 17, 11, 10, 4, 1, -13, -37, -48, -59, -73, -70, -57, -48, -35, -28, -15, 28, 46, 25, 8, 8, 18, 14, -1, -17, -29, -32, -30, -20, -8, -8, -8, -7, -8, 13, 19, 5
mse: 0.17333177310267472
----------------------
pred_str: 6, 3, 0, -2, -6, -11, -13, -13, -12, -7, 2, 35, 71, 93, 78, 47, 27, 14, 9, 7, 7, 8, 7, 6, 5, 7, 15, 43, 83, 101, 77, 40, 22, 12, 6, 1, -2, -6, -9, -12, -14, -16, -16, -10, 3, 38, 73, 94, 76, 44, 25, 14, 9, 6, 7, 7, 6, 5, 6, 10, 36, 81, 100, 75, 37, 22, 14, 7, 1, -3, -7, -9, -10, -10, -8, -3, 4, 36, 73, 93, 75, 44, 24, 15, 9, 5, 4, 5, 6, 6
target_str: 5, 3, 2, 10, 31, 73, 101, 83, 46, 22, 10, 2, -1, -4, -7, -11, -14, -15, -11, -3, 17, 54, 81, 78, 50, 29, 15, 8, 3, 1, 0, 1, 1, 1, 2, 9, 30, 68, 99, 88, 50, 25, 12, 5, 1, -2, -6, -10, -14, -16
mse: 5.485016690152699
----------------------
pred_str: 3, -22, -53, -84, -104, -107, -99, -89, -78, -68, -59, -50, -44, -37, -27, -14, -1, 10, 18, 18, 10, -8, -22, -35, -36, -26, -10, 0, 16, 29, 41, 51, 59, 65, 65, 60, 54, 48, 41, 33, 25, 14, -2, -23, -47, -68, -77, -75, -66, -50, -35, -21, -11, -2, 7, 17, 23, 21, 12, -5, -21, -33, -35, -24, -9, 0, 16, 29, 42, 52, 61, 67, 67, 61, 52, 42, 33, 26, 17, 5, -12, -36, -59, -78, -87, -84, -74
target_str: 5, 24, 41, 54, 61, 67, 64, 45, 19, -9, -33, -48, -51, -48, -44, -44, -48, -50, -40, -19, 8, 34, 44, 35, 8, -20, -31, -19, 3, 25, 36, 32, 17, -2, -20, -29, -30, -23, -8, 11, 33, 52, 65, 73, 77, 71, 53, 33, 11, -6
mse: 9225.43003679602
----------------------
pred_str: -45, -60, -58, -47, -29, -7, 13, 22, 30, 33, 33, 30, 27, 21, 11, -5, -21, -37, -48, -54, -49, -35, -15, 2, 24, 52, 81, 103, 105, 97, 81, 66, 51, 34, 17, 3, -13, -29, -42, -50, -48, -37, -19, 0, 16, 33, 48, 54, 55, 50, 43, 33, 21, 8, -9, -29, -47, -57, -61, -58, -46, -28, -6, 16, 34, 48, 58, 62, 62, 59, 54, 44, 30, 14, 1, -8, -20, -30, -37, -37, -28, -16, 1, 24, 52, 82, 102, 106, 97, 85, 70, 55, 40, 26, 16, 10, 5, -5
target_str: -42, -53, -62, -57, -39, -12, 21, 51, 73, 85, 90, 89, 88, 83, 66, 39, 6, -28, -62, -92, -109, -104, -80, -39, 7, 61, 106, 130, 129, 109, 75, 39, 5, -24, -45, -56, -59, -60, -57, -43, -19, 6, 30, 49, 62, 74, 86, 97, 102, 98
mse: 1653.0548828509282
----------------------
pred_str: -10, -24, -24, -25, -24, -23, -22, -19, -16, -12, -8, -3, 1, 8, 18, 33, 54, 76, 96, 107, 107, 100, 86, 69, 47, 25, 1, -17, -31, -37, -36, -34, -30, -25, -19, -11, -3, 4, 11, 23, 40, 58, 74, 87, 95, 96, 89, 79, 64, 46, 25, 4, -18, -33, -41, -46, -46, -43, -37, -31, -24, -15, -4, 4, 10, 18, 31, 47, 66, 85, 102, 106, 97, 83, 68, 51, 33, 14, 0, -17, -30, -37, -38, -33, -27, -20, -12, -5, 0, 6, 16
target_str: 79, 91, 93, 83, 64, 40, 15, -6, -24, -38, -49, -56, -58, -54, -49, -41, -33, -25, -16, -7, 6, 29, 61, 94, 118, 130, 127, 109, 80, 45, 12, -15, -38, -55, -66, -71, -70, -62, -52, -43, -34, -28, -22, -17, -9, 8, 40, 76, 108, 127
mse: 14241.376128711714
----------------------
pred_str: 32, 45, 46, 41, 33, 35, 44, 57, 63, 57, 41, -15, -63, -35, -27, -23, -16, -9, -6, -10, -14, -19, -24, -31, -37, -38, -32, -19, -3, 12, 17, 11, -1, -17, -25, -23, -25, -26, -30, -35, -44, -53, -57, -56, -39, -44, -36, -27, -15, -13, -11, -11, -12, -15, -16, -14, -15, -19, -21, -22, -20, -19, -18, -18, -23, -32, -43, -49, -52, -46, -32, -27, -19, -17, -20, -18, -14, -11, -10, -12, -12, -14, -15, -15, -16, -17, -16, -16
target_str: 23, 36, 65, 76, 68, 45, 27, 13, -47, -57, -43, -75, -76, -78, -66, -61, -64, -72, -85, -94, -100, -94, -74, -51, -36, -71, -72, -7, 18, 42, 11, 5, 17, 36, 51, 45, 42, 53, 67, 79, 76, 65, 37, 0, -49, -92, -51, -56, -92, -97
mse: 0.17899625132172037
----------------------
pred_str: -19, -12, -2, 5, 11, 14, 15, 12, 7, 2, -3, -8, -11, -8, -4, 0, 3, 8, 10, 10, 8, 3, -4, -13, -26, -43, -60, -75, -79, -77, -66, -51, -38, -29, -20, -15, -10, -4, 0, 2, 5, 6, 7, 5, 2, 0, -1, -2, -3, -4, -4, -4, -5, -3, -1, 1, 4, 7, 9, 9, 8, 6, 2, -2, -12, -26, -44, -64, -71, -69, -53, -37, -29, -22, -18, -14, -11, -12, -15, -22, -31, -42, -54, -62, -64, -65, -66, -69, -72, -74, -75, -73, -73, -75, -74, -72, -70, -65, -56, -47, -39, -33
target_str: -20, -21, -28, -41, -50, -59, -70, -77, -78, -75, -73, -66, -64, -71, -79, -84, -75, -50, -28, -24, -19, -13, -15, -26, -33, -38, -50, -52, -53, -58, -60, -56, -51, -40, -24, -8, 10, 10, 0, -2, -19, -50, -99, -144, -198, -233, -234, -216, -190, -155
mse: 0.13952611961049155
----------------------
pred_str: 18, 56, 83, 90, 92, 88, 76, 53, 21, -5, 28, 53, 75, 81, 73, 54, 33, 10, -6, -22, -35, -43, -48, -50, -48, -41, -24, 13, 48, 79, 93, 97, 89, 71, 46, 17, -1, -21, -32, -39, -41, -41, -38, -26, 13, 42, 64, 77, 83, 78, 64, 42, 17, -5, -22, -35, -42, -46, -49, -47, -39, -26, 12, 42, 65, 78, 84, 80, 67, 48, 25, 0, -15, -28, -38, -45, -49, -50, -48, -41, -25, 15, 54, 79, 89, 88, 77, 59, 36, 13, -10, -28, -38
target_str: -44, -39, -28, -6, 24, 58, 85, 99, 100, 88, 69, 44, 17, -7, -30, -47, -59, -66, -67, -67, -61, -54, -36, -6, 28, 60, 77, 82, 74, 59, 38, 12, -11, -32, -47, -60, -68, -71, -71, -69, -62, -50, -30, 2, 43, 81, 109, 123, 121, 107
mse: 3627.8338838083796
----------------------
pred_str: -30, -27, -21, -12, 3, 20, 36, 50, 60, 62, 60, 54, 46, 36, 26, 16, 6, -3, -15, -24, -29, -32, -33, -32, -30, -25, -17, -7, 0, 15, 31, 44, 49, 47, 40, 30, 21, 12, 0, -9, -18, -24, -28, -30, -31, -32, -33, -34, -35, -36, -37, -37, -36, -34, -26, -13, 1, 22, 40, 55, 61, 61, 58, 50, 41, 31, 21, 11, 1, -7, -14, -17, -19, -21, -23, -25, -26, -26, -26, -26, -26, -27, -28, -31, -36, -40, -44, -46, -46, -44, -38, -31, -21, -5, 11, 27, 42, 55, 60, 61
target_str: -29, -29, -29, -26, -24, -21, -16, -7, 2, 12, 18, 20, 19, 14, 7, 0, -8, -16, -22, -27, -32, -37, -40, -40, -38, -33, -25, -17, -8, -1, 2, 4, 5, 6, 8, 11, 15, 18, 19, 19, 16, 11, 5, 0, -7, -13, -18, -21, -22, -22
mse: 3515.7084136571543
----------------------
pred_str: -16, -34, -44, -48, -48, -46, -41, -34, -27, -21, -13, -7, -5, -5, -10, -17, -23, -28, -32, -31, -25, -12, 2, 27, 57, 81, 88, 83, 66, 47, 27, 11, -4, -12, -17, -20, -25, -30, -32, -33, -30, -26, -22, -16, -11, -10, -11, -17, -22, -27, -32, -32
target_str: -24, -36, -40, -39, -32, -23, -15, -12, -12, -13, -16, -28, -33, -47, -59, -70, -74, -77, -74, -64, -43, -14, 21, 59, 88, 99, 99, 82, 57, 25, -7, -35, -60, -69, -74, -75, -69, -66, -64, -65, -70, -83, -95, -115, -134, -153, -167, -174, -170, -164
mse: 585.4883105380413
----------------------
pred_str: -32, -28, -20, -10, 0, 10, 17, 16, 10, 0, -12, -22, -26, -27, -24, -17, -11, -2, 10, 26, 37, 36, 30, 22, 15, 11, 11, 16, 26, 37, 47, 48, 45, 37, 27, 14, 0, -14, -24, -31, -35, -38, -40, -42, -43, -41, -39, -33, -22, -2, 13, 25, 31, 30, 24, 18, 14, 11, 13, 19, 28, 37, 43, 44, 42, 37, 31, 22, 10, 0, -9, -20, -27, -30, -32, -34, -36, -38, -39, -41, -43, -43, -40, -32, -20, -5, 9, 17, 25, 27, 24, 20, 17, 14
target_str: -31, -30, -29, -20, -4, 17, 36, 47, 52, 51, 47, 38, 25, 7, -11, -24, -33, -36, -34, -31, -29, -28, -29, -29, -28, -19, 0, 27, 55, 76, 83, 81, 74, 63, 47, 25, 0, -23, -42, -52, -56, -53, -46, -37, -31, -27, -25, -16, 1, 24
mse: 2141.7604612379837
----------------------
pred_str: -45, -26, -14, -6, -2, 0, 1, -2, -11, -24, -41, -60, -77, -87, -87, -80, -64, -48, -31, -19, -11, -7, -3, 1, 10, 16, 18, 18, 16, 11, 5, -1, -14, -33, -54, -71, -84, -86, -74, -60, -44, -29, -16, -10, -10, -10, -10, -13, -19, -28, -36, -44, -47, -47, -45, -41, -38, -36, -37, -37, -43, -39, -34, -29
target_str: -72, -57, -30, -27, -13, -1, 6, 11, 17, 24, 28, 28, 23, 21, 10, -9, -35, -82, -101, -104, -101, -91, -72, -47, -28, -15, -9, -6, -3, -5, -18, -32, -38, -51, -65, -65, -61, -59, -44, -38, -26, -3, 10, 15, 23, 32, 33, 28, 24, 19
mse: 0.5214928840222993
----------------------
pred_str: -41, -25, -13, -2, 11, 25, 41, 52, 56, 54, 47, 35, 21, 5, -11, -25, -38, -49, -57, -62, -61, -54, -42, -25, -10, -3, 3, 11, 19, 23, 24, 24, 21, 15, 7, -1, -15, -27, -38, -45, -49, -46, -34, -18, -6, 5, 12, 19, 24, 26, 26, 23, 16, 7, -1, -12, -23, -35, -45, -52, -56, -55, -48, -35, -18, -4, 14, 27, 40, 50, 56, 57, 53, 44, 30, 14, 0, -14, -29, -41, -47, -44, -30, -14, -4, 2, 10
target_str: -44, -30, -15, 0, 16, 31, 45, 56, 63, 65, 60, 50, 35, 17, -5, -35, -67, -89, -97, -91, -77, -60, -41, -23, -8, 2, 8, 11, 11, 11, 9, 4, 0, -2, -7, -24, -48, -68, -75, -67, -45, -14, 14, 35, 47, 49, 45, 36, 26, 16
mse: 3503.7550439240104
----------------------
pred_str: -58, -40, -11, 1, 5, 4, 10, 17, 22, 29, 39, 45, 48, 50, 54, 59, 66, 72, 67, 56, 47, 39, 29, 18, -3, -17, -28, -38, -52, -64, -68, -72, -73, -74, -75, -72, -69, -61, -42, -12, -1, 3, 1, 2, 15, 21, 28, 39, 49, 54, 53, 56, 63, 68, 69, 64, 56, 45, 31, 15, -4, -20, -32, -43, -62, -76, -86, -95, -97, -100, -99, -90, -81, -70, -52, -26, -12, -10, -11, -14, -15, -16
target_str: -57, -42, -20, -2, 4, 6, 2, 3, 13, 28, 38, 46, 52, 53, 49, 50, 55, 58, 56, 57, 61, 53, 43, 26, 8, -5, -19, -30, -39, -43, -52, -66, -78, -79, -70, -69, -68, -55, -48, -44, -24, -10, -6, 0, 5, 7, 10, 13, 24, 37
mse: 0.021493195542267866
----------------------
pred_str: 0, -12, -20, -26, -30, -32, -34, -39, -45, -51, -54, -54, -48, -32, -15, 1, 13, 21, 26, 26, 21, 11, -1, -9, -18, -27, -34, -36, -35, -32, -28, -22, -12, -1, 5, 20, 35, 46, 52, 53, 49, 41, 28, 14, 0, -4, -9, -15, -20, -22, -22, -23, -26, -33, -39, -44, -46, -42, -28, -12, 0, 19, 37, 57, 71, 79, 81, 75, 64, 52, 39, 26, 14, 4, -1, -7, -10, -11, -12, -11, -12, -14, -21, -27, -33, -37, -36, -27, -14, 0, 24, 54, 84
target_str: 26, 37, 44, 41, 35, 21, 7, -8, -20, -31, -40, -45, -44, -40, -29, -15, 0, 12, 20, 27, 36, 44, 50, 51, 45, 35, 25, 14, 4, -4, -12, -19, -25, -28, -25, -19, -15, -10, -7, -7, -7, -7, -2, 6, 17, 27, 34, 39, 44, 50
mse: 1214.3377848465498
----------------------
pred_str: 44, 51, 53, 49, 43, 28, 0, -15, -31, -43, -52, -57, -57, -53, -49, -43, -36, -28, -19, -3, 16, 44, 57, 58, 53, 46, 40, 38, 35, 32, 31, 32, 33, 33, 34, 34, 35, 35, 36, 39, 43, 48, 53, 57, 58, 57, 55, 50, 46, 37, 26, 10, -6, -25, -41, -52
target_str: 55, 60, 51, 28, 10, -12, -31, -46, -56, -60, -62, -64, -65, -58, -45, -32, -15, 17, 45, 63, 60, 54, 53, 50, 50, 49, 47, 42, 43, 51, 57, 67, 69, 66, 56, 37, 29, 17, 1, -16, -31, -39, -43, -45, -43, -41, -45, -53, -57, -51
mse: 0.4258406271516752
----------------------
pred_str: 18, 12, 10, 11, 12, 13, 13, 14, 13, 12, 10, 8, 12, 26, 57, 96, 91, 63, 43, 34, 31, 27, 21, 12, 0, -11, -16, -18, -18, -15, -11, -7, -3, 4, 21, 54, 93, 87, 64, 46, 32, 26, 22, 19, 16, 13, 11, 10, 9, 8, 7, 6, 5, 5, 8, 24, 52, 98, 103, 77, 50, 37, 33, 30, 25, 17, 9, 0, -10, -16, -20, -21, -20, -17, -13, -8, -2, 4, 24, 63, 98, 88, 65, 46, 35, 30, 25, 22, 17
target_str: 19, 17, 17, 15, 12, 9, 6, 6, 5, 5, 7, 14, 29, 56, 91, 87, 60, 44, 35, 28, 21, 14, 6, -2, -11, -18, -20, -19, -14, -9, 0, 15, 51, 93, 97, 72, 45, 30, 20, 17, 17, 17, 16, 13, 9, 6, 5, 7, 11, 19
mse: 1.029962345659685
----------------------
pred_str: -19, -34, -36, -31, -33, -35, -28, -24, -18, -21, -26, -26, -21, -17, -12, -2, 16, 31, 25, 23, 24, 27, 29, 34, 42, 42, 25, -14, -60, -43, -36, -38, -42, -34, -26, -20, -23, -27, -33, -38, -38, -29, -26, -21, -12, -6, -13, -16, -14, -17, -14, -14, -14, -15, -15, -15, -15, -18, -20, -18, -18, -18, -20, -20, -15, -15, -17, -21, -21, -18, -18, -16, -16, -14, -11, -10, -14, -18, -24, -29, -24, -24, -24, -23, -23, -23
target_str: 46, 38, 16, -47, -38, -8, -35, -32, -34, -37, -37, -40, -51, -61, -68, -70, -63, -50, -41, -24, -46, -32, 18, 28, 24, -7, -7, 0, 14, 28, 28, 23, 22, 27, 37, 44, 45, 31, 16, -21, -46, -13, -28, -39, -29, -25, -22, -17, -23, -39
mse: 0.1686758829507637
----------------------
pred_str: 25, 36, 54, 65, 61, 49, 36, 26, 20, 18, 16, 14, 12, 12, 17, 42, 69, 91, 101, 95, 76, 56, 32, -1, -19, -30, -33, -27, -18, -9, -5, -5, -10, 4, 29, 42, 41, 36, 48, 56, 47, 38, 30, 25, 21, 18, 16, 14, 16, 37, 73, 98, 107, 102, 82, 59, 37, 7, -17, -32, -36, -31, -19, -8, -7, -9, 1, 29, 45, 42, 36, 47, 54, 45, 35, 27, 22, 19, 16, 14, 14, 16, 31, 57, 80, 95, 96, 86
target_str: 49, 52, 42, 39, 48, 56, 54, 46, 39, 34, 28, 23, 20, 16, 12, 10, 17, 44, 78, 92, 98, 87, 76, 57, 37, 17, 0, -13, -22, -23, -19, -13, -9, -6, -4, 15, 46, 55, 47, 37, 39, 41, 34, 28, 24, 21, 17, 14, 12, 12
mse: 0.13580574464353448
----------------------
pred_str: -29, -31, -32, -30, -26, -20, -12, -1, 21, 83, 68, 52, 47, 42, 37, 34, 32, 30, 26, 23, 22, 25, 30, 37, 48, 64, 77, 83, 74, 64, 56, 47, 37, 27, 16, 4, -4, -10, -15, -20, -26, -31, -35, -36, -33, -27, -21, -14, -6, 11, 82, 70, 51, 45, 39, 35, 32, 30, 26, 21, 17, 16, 19, 24, 31, 40, 54, 72, 89, 98, 85, 73, 64, 56, 47, 38, 29, 20, 10, -2, -9, -16, -24, -31, -36, -40, -42
target_str: -31, -34, -34, -30, -25, -22, -21, -13, 20, 67, 46, 40, 42, 28, 24, 23, 25, 28, 30, 29, 28, 29, 32, 36, 45, 61, 80, 102, 108, 100, 89, 71, 59, 44, 30, 15, 3, -8, -18, -25, -31, -34, -36, -37, -34, -31, -31, -29, -14, 14
mse: 0.026248141294802754
----------------------
pred_str: -47, -59, -66, -58, 4, 78, 58, 34, 28, 15, 13, 29, 30, 28, 28, 30, 30, 29, 35, 58, 77, 78, 74, 63, 61, -1, -14, -14, -18, -21, -26, -32, -34, -34, -30, -28, -29, -31, -39, -53, -76, -60, 69, 71, 13, 44, 32, 19, 14, 24, 26, 27, 29, 31, 31, 35, 59, 81, 84, 76, 65, 59, 14, -15, -22, -21, -22, -26, -36, -45, -48, -44, -43, -46
target_str: -70, -92, -51, 20, 42, 46, 48, 32, 12, 3, 16, 21, 18, 19, 22, 31, 58, 90, 88, 67, 52, 32, 11, 8, -12, -26, -24, -23, -25, -36, -46, -49, -44, -40, -39, -34, -26, -43, -72, -92, -12, 54, -4, -7, 9, 9, 1, 9, 24, 31
mse: 0.11110760257630638
----------------------
pred_str: -74, -72, -69, -63, -64, -61, -56, -50, -44, -35, -28, -15, 10, 15, 23, 36, 45, 54, 63, 64, 64, 64, 65, 66, 64, 62, 67, 72, 72, 62, 51, 34, 12, -10, -27, -37, -38, -44, -53, -58, -62, -66, -69, -73, -77, -83, -77, -71, -70, -74, -64, -41, -13, -3, 10, 22, 31, 38, 41, 40, 41, 43, 44, 47, 50, 56, 61, 66, 71, 71, 65, 57, 42, 26, 11, -1, -26, -44, -47, -53, -55, -56, -58, -61, -66, -70, -74, -72
target_str: -67, -69, -86, -45, 4, 13, 18, 8, 0, 6, 23, 30, 33, 41, 48, 50, 56, 63, 70, 64, 62, 68, 44, 31, 4, -14, -29, -47, -55, -56, -60, -74, -91, -98, -94, -85, -81, -90, -80, -14, 12, 23, 19, 1, 0, 13, 21, 27, 32, 36
mse: 0.7807720879666885
----------------------
pred_str: 65, 44, 31, 21, 12, 2, -4, -10, -15, -17, -18, -17, -12, -3, 15, 36, 64, 89, 91, 75, 57, 42, 30, 20, 14, 10, 8, 11, 13, 13, 15, 17, 22, 33, 53, 74, 76, 64, 51, 40, 30, 22, 15, 8, 1, -5, -10, -13, -14, -16, -15, -13, -11, -5, 13, 36, 69, 89, 87, 70, 50, 36
target_str: 68, 55, 48, 37, 24, 13, 5, 0, -7, -14, -18, -19, -16, -7, 3, 16, 39, 71, 92, 84, 69, 58, 46, 34, 23, 15, 9, 5, 4, 6, 5, 2, 0, 6, 15, 33, 57, 84, 85, 64, 56, 53, 41, 25, 12, 0, -10, -16, -21, -22
mse: 0.1795258411921768
----------------------
pred_str: 23, 2, -12, -29, -35, -24, 0, 13, 26, 43, 62, 74, 75, 67, 53, 36, 15, -1, -14, -27, -36, -34, -25, -14, 0, 17, 38, 63, 90, 113, 119, 110, 98, 75, 53, 26, -4, -21, -30, -33, -26, -17, -4, 15, 45, 74, 102, 121, 126, 115, 97, 74, 47, 16, -4, -23, -36, -44, -47, -47, -40, -23, -1, 25, 71, 123, 174, 203, 198, 179, 148, 107, 68, 30, 0, -8, -19, -28, -29, -22, -12, 0, 18, 46, 74, 99, 113, 112, 99, 79, 56, 28
target_str: 34, 9, -15, -36, -53, -57, -54, -43, -29, -15, -1, 13, 29, 42, 57, 65, 67, 65, 54, 40, 19, -5, -31, -58, -78, -89, -87, -76, -56, -33, -10, 8, 22, 33, 39, 48, 59, 70, 79, 85, 84, 75, 55, 33, 7, -13, -28, -35, -36, -31
mse: 3434.5822794369487
----------------------
pred_str: 19, 11, 4, 1, 0, 0, 0, 0, 1, 4, 6, 9, 12, 14, 17, 18, 15, 10, 4, 0, -1, -2, -3, -4, -2, 0, 4, 11, 19, 32, 47, 61, 66, 56, 42, 29, 20, 13, 9, 6, 4, 3, 1, 0, 0, 0, 0, 1, 5, 10, 14, 15, 14, 12, 11, 12, 11, 8, 4, 1, -1, -2, -3, -4, -4, -2, 0, 3, 9, 16, 24, 35, 49, 65, 75, 72, 58
target_str: 19, 14, 8, 3, 0, -3, -4, -3, -1, 1, 13, 34, 55, 69, 75, 73, 58, 37, 20, 9, 3, 1, 0, 1, 2, 3, 4, 6, 12, 24, 43, 67, 84, 81, 66, 53, 41, 29, 19, 11, 5, 1, -1, -2, 0, 2, 5, 7, 12, 25
mse: 0.461131722750699
----------------------
pred_str: 41, 40, 41, 41, 40, 37, 30, 20, 9, 0, -10, -23, -34, -41, -45, -44, -39, -34, -25, -16, -4, 10, 22, 34, 41, 43, 43, 43, 42, 42, 43, 43, 44, 44, 44, 43, 43, 43, 43, 43, 43, 42, 43, 42, 42, 43, 42, 42, 41, 41, 41, 41, 41, 41, 42, 42, 42, 42, 42, 42, 42, 41, 41, 40, 39, 38, 37, 36, 36, 36, 36, 36, 36, 36, 36, 36, 36, 36, 35, 35, 35, 34, 34, 34, 34, 33, 32, 31, 30, 31, 31, 32, 32, 33, 32
target_str: 41, 42, 46, 50, 58, 70, 73, 74, 75, 72, 67, 57, 42, 28, 20, 15, 12, 12, 13, 17, 23, 34, 46, 57, 65, 65, 62, 57, 53, 54, 58, 57, 59, 59, 60, 65, 74, 89, 102, 110, 119, 130, 125, 108, 85, 71, 62, 58, 58, 57
mse: 0.08990940668193266
----------------------
pred_str: 7, 0, -4, -9, -11, -9, -6, 0, 10, 26, 49, 71, 84, 72, 54, 39, 27, 18, 12, 8, 5, 3, 2, 0, 1, 5, 13, 28, 51, 84, 105, 90, 67, 50, 36, 26, 18, 11, 5, -1, -7, -10, -9, -6, 1, 19, 41, 64, 80, 71, 54, 39, 30, 24, 18, 14, 10, 7, 5, 3, 2, 2, 6, 16, 35, 66, 98, 107, 90, 67, 49, 36, 27
target_str: 6, 0, -5, -8, -8, -6, -2, 3, 11, 24, 45, 63, 73, 67, 56, 44, 32, 23, 17, 13, 9, 6, 3, 1, 0, 0, 2, 7, 14, 27, 47, 73, 91, 81, 63, 48, 37, 29, 24, 20, 16, 11, 4, -1, -6, -9, -9, -5, 0, 6
mse: 0.8453384890581863
----------------------
pred_str: -25, -43, -60, -74, -63, -41, -26, -17, -10, -5, -1, 2, 1, 0, -1, -3, -5, -5, -17, -33, -50, -81, -94, -64, -46, -42, -37, -26, -19, -14, -8, -2, 1, 1, 1, 0, -2, -5, -11, -23, -42, -63, -84, -77, -54, -44, -39, -33, -26, -16, -9, -2, 3, 9, 16, 26, 36, 42, 47, 53, 54, 54, 53, 51, 46, 37, 25, 12, -3, -14, -29, -46, -56, -64, -59, -45, -37, -33, -29, -23, -17, -13, -9, -4, -1, 0, 0, -1, -3, -6, -13, -24, -38, -53, -67, -57
target_str: -22, -42, -67, -104, -94, -65, -52, -45, -37, -23, -13, -4, 3, 5, 1, 1, -2, -6, -7, -24, -51, -69, -98, -82, -51, -48, -36, -31, -23, -15, -5, 3, 12, 15, 12, 8, 2, -2, -8, -23, -43, -70, -96, -82, -67, -55, -46, -37, -24, -12
mse: 0.05307971812156638
----------------------
pred_str: 11, 15, 24, 36, 48, 61, 67, 65, 57, 46, 34, 18, 3, -14, -30, -42, -49, -52, -52, -48, -40, -26, -8, 17, 40, 56, 65, 64, 57, 43, 26, 10, -4, -19, -33, -41, -46, -48, -46, -40, -28, -12, 5, 29, 52, 68, 81, 85, 82, 70, 53, 35, 18, 5, -12, -29, -43, -52, -56, -56, -50, -39, -25, -5, 17, 39, 56, 66, 69, 67, 59, 48, 34, 18, 3, -11, -24, -34, -42, -48, -48, -43, -32, -18, 2, 28, 50, 65, 74
target_str: -3, -20, -32, -42, -48, -49, -44, -34, -23, -10, 2, 17, 33, 47, 56, 58, 51, 39, 24, 6, -8, -22, -31, -34, -34, -34, -33, -28, -20, -11, 0, 14, 32, 53, 70, 80, 81, 72, 57, 36, 13, -7, -25, -37, -45, -47, -46, -39, -29, -19
mse: 8709.118236937782
----------------------
pred_str: -22, -35, -38, -38, -35, -29, -16, -5, 11, 21, 28, 33, 37, 40, 42, 43, 43, 42, 36, 28, 22, 17, 11, 1, -13, -21, -25, -27, -27, -26, -22, -15, -5, 0, -10, -21, -33, -36, -32, -27, -23, -21, -21, -22, -24, -25, -25, -21, -13, -1, 8, 14, 21, 32, 44, 58, 71, 80, 87, 90, 89, 75
target_str: 19, 17, 17, 20, 23, 31, 36, 42, 46, 51, 58, 61, 51, 30, 3, -17, -24, -21, -11, -1, 7, 11, 7, 1, -6, -14, -21, -24, -27, -39, -45, -38, -27, -14, -3, 2, 3, 2, 4, 8, 13, 21, 30, 43, 59, 73, 84, 89, 93, 102
mse: 2811.9231061313353
----------------------
pred_str: 14, 8, 4, 0, -3, -6, -7, -6, -3, 1, 14, 31, 50, 71, 82, 67, 48, 33, 23, 17, 13, 10, 9, 9, 11, 12, 13, 14, 17, 27, 47, 75, 94, 86, 56, 32, 18, 12, 8, 5, 1, -1, -3, -4, -4, -3, 1, 13, 29, 52, 75, 84, 67, 46, 30, 21, 16, 13, 10, 9, 10, 12, 13, 15, 21, 34, 62, 88, 98, 77, 51, 33, 22, 16, 12, 8
target_str: 15, 10, 7, 5, 2, 0, -3, -4, -3, 0, 9, 25, 45, 68, 83, 74, 56, 39, 27, 19, 14, 11, 9, 9, 11, 11, 11, 11, 18, 32, 55, 78, 91, 76, 48, 29, 18, 13, 10, 7, 4, 0, -2, -5, -5, -2, 3, 13, 30, 55
mse: 0.016939037123746482
----------------------
pred_str: -10, 0, 13, 28, 49, 64, 58, 47, 35, 27, 21, 18, 15, 12, 10, 8, 6, 7, 9, 16, 32, 64, 87, 84, 51, 25, 14, 7, 3, -2, -7, -11, -12, -8, -4, 3, 18, 38, 53, 56, 45, 32, 23, 17, 14, 11, 9, 7, 5, 4, 7, 15, 32, 66, 90, 84, 53, 27, 17, 10, 7, 3, -2, -7, -10, -11, -8, -3, 3, 15, 31
target_str: -17, -15, -10, -4, 1, 9, 23, 46, 68, 73, 63, 48, 35, 26, 18, 14, 10, 7, 7, 4, 1, 0, 7, 23, 52, 89, 100, 81, 40, 18, 10, 7, 5, 1, -2, -6, -11, -14, -12, -10, -4, 5, 31, 61, 77, 72, 53, 36, 25, 18
mse: 2.59587181580675
----------------------
pred_str: -49, -45, -42, -36, -32, -29, -27, -24, -27, -29, -35, -42, -48, -52, -52, -49, -44, -36, -29, -24, -19, -11, -1, 36, 56, 72, 97, 105, 103, 97, 86, 66, 54, 55, 48, 36, 24, 12, -4, -20, -27, -34, -41, -46, -46, -40, -36, -34, -30, -27, -21, -19, -13, -7, -2, 29, 61, 88, 111, 114
target_str: -56, -55, -48, -41, -39, -34, -37, 1, 74, 39, 21, 19, 2, 6, 17, 23, 30, 36, 38, 46, 58, 69, 81, 84, 74, 43, 54, 46, 25, 7, -18, -31, -36, -40, -48, -56, -63, -60, -56, -51, -49, -45, -48, 25, 78, 30, 33, 18, 5, 12
mse: 1.1109852232573827
----------------------
pred_str: 9, 11, 11, 12, 13, 14, 15, 14, 13, 14, 14, 15, 17, 20, 25, 33, 52, 81, 106, 102, 74, 44, 25, 16, 11, 8, 4, 0, -1, -6, -10, -10, -6, 0, 10, 24, 46, 73, 93, 73, 44, 24, 13, 7, 5, 5, 5, 5, 5, 4, 5, 8, 15, 26, 38, 57, 75, 75, 65, 47, 32, 22, 15, 9, 4, -1, -6, -8, -6, -1, 4, 12, 28, 53, 83, 98, 82, 54, 30, 17, 11, 9, 9, 9, 8, 8, 8, 7, 8, 10, 15, 25, 40, 58
target_str: 10, 13, 15, 17, 21, 29, 49, 73, 83, 70, 49, 35, 25, 16, 9, 4, 0, -2, -5, -7, -7, 0, 11, 28, 49, 77, 90, 72, 46, 29, 19, 13, 10, 8, 9, 9, 10, 13, 19, 28, 47, 77, 95, 83, 53, 35, 24, 15, 8, 0
mse: 2.161031489050968
----------------------
pred_str: -37, -45, -46, -43, -40, -39, -38, -39, -44, -51, -59, -61, -56, -42, -27, -13, 0, 10, 11, 17, 18, 16, 15, 15, 16, 16, 15, 18, 24, 30, 35, 41, 45, 49, 51, 54, 58, 62, 64, 66, 71, 71, 69, 65, 60, 56, 49, 36, 17, -6, -27, -41, -46, -43, -36, -32, -31, -32, -33, -35, -38, -39, -38, -36, -32, -25, -20, -14, -12, -12, -15, -16, -19, -21, -20, -21, -18, -18, -20, -22
target_str: -47, -55, -61, -69, -74, -79, -87, -91, -92, -87, -60, -37, -13, 5, 3, 4, 6, 17, 31, 38, 42, 43, 45, 48, 51, 55, 65, 76, 83, 92, 103, 105, 84, 55, 37, 20, 0, -19, -38, -48, -63, -77, -82, -91, -99, -101, -96, -107, -89, -56
mse: 0.16180857733963883
----------------------
pred_str: -30, -41, -44, -35, -25, -16, -4, -1, -1, -2, -1, -1, -3, -3, -1, -4, -1, -0, 0, 0, 0, 1, 1, 2, 1, 0, -1, -4, -7, -8, -12, -12, -14, -18, -20, -21, -23, -22, -20, -19, -18, -13, -10, -10, -12, -15, -18, -18, -18, -16, -12, -11, -15, -17, -15, -10, -10, -9, -6, -3, -1, -1, -2, -1, -1, -0, 0, 0, 1, 1, 0, -1, -1, -2, -3, -4, -5, -6, -8, -8, -9, -10, -11, -11, -11, -10, -9, -10, -11, -13, -15, -15, -14, -14, -14, -14, -13, -14, -16, -17, -18, -18, -19, -19, -22, -24, -25, -27
target_str: -24, -39, -61, -79, -86, -85, -75, -59, -41, -27, -14, -7, -3, -2, -7, -14, -32, -51, -69, -67, -51, -50, -48, -30, -25, -23, -26, -33, -40, -49, -46, -36, -19, -2, 3, 9, 15, 15, 16, 13, 6, 1, -7, -13, -21, -15, -25, -36, -22, -20
mse: 0.01960652531213274
----------------------
pred_str: 0, -12, -17, -18, -10, -3, 2, 7, 13, 18, 24, 27, 25, 19, 12, 3, -4, -11, -16, -18, -13, -4, 1, 4, 6, 8, 12, 20, 27, 35, 41, 36, 23, 7, -5, -15, -24, -31, -37, -42, -43, -37, -28, -17, -4, 2, 11, 20, 27, 32, 30, 24, 18, 12, 8, 5, 2, 0, -1, 1, 5, 9, 12, 18, 27, 40, 53, 64, 65, 57, 43, 26, 9, -3, -16, -28, -38, -44, -48, -49, -46, -38, -29, -21, -16, -10, -10, -10, -12, -13, -13, -10, -4, 0, 6, 13, 21, 30, 36, 37, 33, 26, 18, 9
target_str: 13, 33, 42, 40, 28, 15, 4, -3, -10, -11, -9, -7, -5, -3, -1, 2, 6, 15, 30, 49, 63, 69, 65, 56, 43, 26, 10, -6, -22, -36, -43, -43, -39, -31, -25, -24, -22, -15, 0, 25, 49, 66, 67, 58, 42, 24, 8, -1, -4, -4
mse: 4428.887130759604
----------------------
pred_str: 0, 13, 19, 18, 8, 0, -7, -14, -16, -19, -30, -50, -69, -75, -72, -58, -34, -11, 11, 26, 37, 41, 33, 18, 1, -14, -28, -41, -51, -61, -69, -71, -62, -42, -18, 5, 28, 52, 71, 71, 55, 26, 2, -16, -34, -49, -60, -71, -77, -70, -48, -19, 14, 42, 64, 68, 59, 37, 12, -8, -27, -39, -44, -37, -18, 1, 21, 45, 66, 72, 65, 40, 15, -10
target_str: -11, 18, 43, 63, 75, 77, 57, 39, 38, 23, -8, -40, -69, -92, -102, -98, -82, -55, -23, 6, 30, 42, 45, 39, 26, 15, 9, 11, 9, -3, -39, -78, -100, -100, -82, -52, -20, 8, 27, 36, 35, 36, 57, 73, 62, 33, 0, -35, -63, -77
mse: 19834.51150535465
----------------------
pred_str: 17, 1, 15, 25, 32, 36, 34, 33, 33, 32, 33, 33, 32, 31, 28, 20, 4, -12, -25, -32, -35, -32, -27, -21, -15, -10, -10, -17, -25, -31, -37, -39, -37, -33, -24, -15, -10, -10, -8, -8, -11, -18, -26, -32, -37, -37, -32, -22, -13, -4, 1, 10, 23, 41, 56, 65
target_str: -8, 15, 40, 62, 75, 78, 75, 64, 52, 41, 29, 20, 13, 5, -1, -9, -20, -31, -38, -44, -46, -46, -47, -44, -38, -38, -34, -32, -20, -9, 8, 30, 49, 60, 62, 55, 41, 24, 7, -9, -22, -30, -34, -36, -32, -29, -24, -21, -19, -20
mse: 352.6886892414224
----------------------
pred_str: -67, -76, -71, -53, -30, -6, 22, 52, 72, 84, 86, 79, 64, 50, 31, 9, -25, -52, -70, -76, -66, -43, -13, 12, 29, 45, 52, 54, 53, 45, 33, 16, 0, -24, -46, -60, -58, -40, -15, 5, 23, 34, 44, 47, 39, 24, 10, -11, -40, -59, -65, -57, -37, -13, 14, 28, 36, 38, 31
target_str: -54, -67, -77, -79, -73, -67, -53, -30, 3, 41, 79, 111, 129, 133, 125, 108, 92, 76, 58, 33, 0, -32, -66, -93, -104, -97, -75, -49, -23, -2, 11, 17, 11, 1, -11, -25, -36, -45, -53, -57, -54, -51, -48, -40, -22, 0, 22, 42, 55, 62
mse: 4257.326955695272
----------------------
pred_str: -39, -30, -22, -26, -30, -32, -35, -39, -44, -45, -36, -19, 4, 33, 96, 103, 96, 90, 87, 83, 80, 77, 70, 60, 58, 62, 68, 75, 79, 78, 73, 64, 58, 56, 47, 28, 2, -17, -31, -41, -46, -46, -43, -35, -25, -21, -26, -31, -38, -43, -47, -41, -18, 1, 38, 98, 108, 98, 92, 91, 88, 83, 80, 77, 72, 68, 64, 62, 67, 71, 73, 72, 68, 62, 58, 53, 47, 41, 30, 15, -5, -24, -37, -45, -48, -45, -38, -28
target_str: -45, -38, -25, -6, 7, 55, 94, 96, 96, 90, 91, 87, 80, 74, 70, 69, 66, 61, 58, 59, 66, 76, 81, 90, 92, 76, 61, 50, 47, 44, 37, 19, -6, -25, -36, -40, -42, -42, -33, -20, -10, 24, 85, 81, 68, 61, 66, 71, 69, 63
mse: 0.21687407642276696
----------------------
pred_str: 16, 17, 19, 25, 41, 67, 89, 94, 89, 71, 53, 22, -1, -28, -48, -60, -66, -72, -76, -73, -63, -51, -40, -26, 34, 91, 74, 72, 55, 36, 23, 20, 16, 13, 13, 18, 30, 47, 65, 75, 81, 84, 80, 64, 49, 23, -1, -26, -40, -49, -56, -64, -73, -79, -72, -60, -45, -30, -16, 32, 89, 69, 64, 51, 42, 36, 34, 34, 35, 35, 35, 37, 42, 52, 63, 70, 81, 82, 83, 77, 62, 44, 18, -14, -37, -53, -59, -62, -64, -66
target_str: 14, 15, 25, 45, 64, 80, 78, 79, 83, 80, 66, 54, 35, 12, -10, -33, -52, -62, -65, -73, -81, -78, -65, -51, -42, -30, 31, 70, 54, 50, 38, 24, 23, 18, 12, 9, 16, 30, 48, 74, 88, 85, 84, 81, 79, 59, 46, 30, 6, -22
mse: 0.1840111949056819
----------------------
pred_str: 19, 11, 0, -17, -36, -51, -59, -67, -72, -65, -51, -39, -27, 13, 101, 86, 73, 56, 29, 17, 15, 14, 11, 15, 26, 46, 67, 75, 73, 68, 60, 54, 37, 23, -1, -23, -41, -57, -66, -73, -76, -71, -57, -45, -32, -14, 47, 110, 87, 72, 50, 29, 21, 20, 18, 14, 17
target_str: 22, 3, -16, -30, -38, -43, -51, -62, -73, -65, -48, -37, -18, 19, 60, 56, 42, 34, 17, 13, 15, 14, 11, 12, 25, 44, 66, 73, 68, 65, 75, 61, 42, 37, 16, -1, -20, -37, -49, -50, -50, -61, -73, -68, -51, -45, -31, 19, 77, 59
mse: 0.1574043625750707
----------------------
pred_str: 19, 11, 6, 2, 0, -4, -10, -15, -18, -17, -13, -6, 0, 16, 36, 69, 88, 74, 47, 26, 14, 8, 5, 4, 2, 0, 1, 4, 10, 23, 47, 85, 100, 80, 44, 22, 10, 5, 1, -4, -9, -13, -15, -14, -10, -3, 2, 14, 31, 58, 84, 79, 54, 30, 16, 10, 7, 6, 5, 2, 1, 3, 11, 22, 44, 84, 103, 86, 50, 26, 14, 7, 3, -2
target_str: 9, 3, 2, 4, 5, 5, 5, 6, 8, 12, 20, 42, 83, 99, 82, 52, 27, 12, 3, -3, -10, -15, -17, -15, -10, -3, 4, 17, 40, 73, 84, 62, 37, 20, 14, 13, 12, 11, 7, 2, 0, 1, 6, 13, 22, 38, 72, 92, 76, 47
mse: 2.1835885963499466
----------------------
pred_str: 71, 73, 75, 76, 76, 76, 76, 76, 76, 77, 78, 78, 77, 76, 76, 76, 76, 76, 77, 77, 78, 77, 77, 77, 78, 79, 80, 82, 84, 86, 86, 84, 80, 75, 72, 70, 68, 69, 69, 71, 73, 75, 75, 76, 76, 78, 78, 79, 79, 80, 79, 79, 79, 79, 80, 81
target_str: 74, 74, 80, 89, 93, 88, 82, 78, 76, 80, 80, 76, 73, 74, 75, 77, 77, 77, 77, 73, 71, 72, 75, 75, 76, 78, 77, 74, 71, 67, 66, 68, 68, 68, 69, 69, 67, 67, 67, 67, 70, 74, 80, 80, 76, 73, 69, 67, 64, 62
mse: 0.007174521394971023
----------------------
