pred_str: -14, -5, 12, 32, 46
target_str: -11, 18, 43, 63, 75
mse: 6541.680985460221
----------------------
pred_str: 61, 54, 50, 51, 59
target_str: 55, 60, 51, 28, 10
mse: 0.10576456896340095
----------------------
pred_str: 72, 71, 71, 71, 72
target_str: 74, 74, 80, 89, 93
mse: 0.019515243439772356
----------------------
pred_str: -28, -37, -49, -56, -67
target_str: -24, -36, -40, -39, -32
mse: 50.0499624329741
----------------------
pred_str: -41, -21, 12, 0, -19
target_str: -44, -39, -28, -6, 24
mse: 657.5738475961427
----------------------
pred_str: 22, 20, 20, 18, 15
target_str: 19, 17, 17, 15, 12
mse: 0.014633380341200972
----------------------
pred_str: -17, -15, -16, -16, -15
target_str: -20, -21, -28, -41, -50
mse: 0.007620416142398894
----------------------
pred_str: 7, 8, 9, 10, 9
target_str: 5, 3, 2, 10, 31
mse: 0.18052010587111914
----------------------
pred_str: 17, 10, 5, 2, 0
target_str: 19, 14, 8, 3, 0
mse: 0.00748712003167233
----------------------
pred_str: -16, -24, -40, -54, -72
target_str: -22, -42, -67, -104, -94
mse: 0.3010215704666386
----------------------
pred_str: -36, -48, -55, -51, -37
target_str: -42, -53, -62, -57, -39
mse: 30.921340868891274
----------------------
pred_str: -30, -32, -30, -25, -18
target_str: -31, -34, -34, -30, -25
mse: 0.003141311946341978
----------------------
pred_str: -50, -61, -67, -65, -58
target_str: -47, -55, -61, -69, -74
mse: 0.0020722712820315666
----------------------
pred_str: 10, 10, 11, 9, 7
target_str: 8, 6, 7, 7, 5
mse: 0.00019085274818032377
----------------------
pred_str: -20, -19, -14, -7, 2
target_str: -24, -39, -61, -79, -86
mse: 0.05217113570224132
----------------------
pred_str: 12, 12, 16, 24, 33
target_str: 13, 33, 42, 40, 28
mse: 536.9394770945609
----------------------
pred_str: -51, -50, -51, -51, -52
target_str: -45, -38, -25, -6, 7
mse: 0.055448950669792316
----------------------
pred_str: -55, -64, -71, -71, -65
target_str: -52, -53, -51, -51, -51
mse: 170.35403547656188
----------------------
pred_str: -27, -25, -18, -9, 5
target_str: -8, 15, 40, 62, 75
mse: 937.4165209902419
----------------------
pred_str: 16, 16, 0, -16, -32
target_str: 22, 3, -16, -30, -38
mse: 0.0428290169478676
----------------------
pred_str: -63, -52, -24, 11, 32
target_str: -57, -42, -20, -2, 4
mse: 0.03335671499186234
----------------------
pred_str: 44, 40, 37, 30, 0
target_str: 38, 29, 20, 13, 4
mse: 359.56124043876343
----------------------
pred_str: 37, 63, 84, 96, 92
target_str: 49, 52, 42, 39, 48
mse: 0.35902324899533056
----------------------
pred_str: -59, -67, -62, -48, -29
target_str: -54, -67, -77, -79, -73
mse: 486.9787449730491
----------------------
pred_str: 16, 12, 9, 7, 10
target_str: 15, 10, 7, 5, 2
mse: 0.01811535914622888
----------------------
pred_str: 21, 36, 47, 48, 44
target_str: 26, 37, 44, 41, 35
mse: 23.552212158931844
----------------------
pred_str: -45, -37, -24, -9, 4
target_str: -44, -30, -15, 0, 16
mse: 485.36394242458755
----------------------
pred_str: -69, -65, -60, -62, -65
target_str: -67, -69, -86, -45, 4
mse: 0.1918393391483974
----------------------
pred_str: 38, 20, 2, 10, 30
target_str: 34, 9, -15, -36, -53
mse: 958.9624360856382
----------------------
pred_str: -50, -69, -89, -75, 73
target_str: -70, -92, -51, 20, 42
mse: 0.19776750010665817
----------------------
pred_str: -56, -43, -28, -15, -13
target_str: -72, -57, -30, -27, -13
mse: 0.027687192433778974
----------------------
pred_str: 9, 6, 4, 3, 2
target_str: 6, 0, -5, -8, -8
mse: 0.08779254630168519
----------------------
pred_str: -26, -33, -37, -31, -26
target_str: -26, -44, -64, -80, -85
mse: 0.21638748197073826
----------------------
pred_str: -32, -38, -43, -45, -45
target_str: -29, -29, -29, -26, -24
mse: 1088.2192756924567
----------------------
pred_str: -11, -14, -26, -33, -40
target_str: -3, -20, -32, -42, -48
mse: 76.72438064569225
----------------------
pred_str: 42, 41, 42, 42, 42
target_str: 41, 42, 46, 50, 58
mse: 0.0030685804328304655
----------------------
pred_str: 16, 1, 21, 35, 49
target_str: 19, 17, 17, 20, 23
mse: 268.6116499197678
----------------------
pred_str: 12, 22, 38, 55, 68
target_str: 5, 24, 41, 54, 61
mse: 35.074584811265744
----------------------
pred_str: -9, -4, 11, 34, 60
target_str: -17, -15, -10, -4, 1
mse: 1.8376418049765697
----------------------
pred_str: 72, 51, 40, 32, 24
target_str: 68, 55, 48, 37, 24
mse: 0.015596371901388139
----------------------
pred_str: 13, 12, 12, 16, 40
target_str: 14, 15, 25, 45, 64
mse: 0.06531053151632717
----------------------
pred_str: -52, -49, -44, -42, -38
target_str: -56, -55, -48, -41, -39
mse: 0.0037350318482346073
----------------------
pred_str: -30, -26, -22, -14, 1 17, 35, 49, 47, 41
target_str: -31, -30, -29, -20, -4
mse: 671.9394627289197
----------------------
pred_str: 1, -13, -26, -63, -59
target_str: 23, 36, 65, 76, 68
mse: 0.4410428274017294
----------------------
pred_str: 50, 44, 31, 20, 0
target_str: 46, 38, 16, -47, -38
mse: 0.10135241733180866
----------------------
pred_str: -45, -44, -45, -52, -79
target_str: -51, -57, -57, -60, -74
mse: 0.00919626348956764
----------------------
pred_str: -10, -12, -14, -14, -11
target_str: -6, -3, 0, 1, 1
mse: 110.63075020052523
----------------------
pred_str: 8, 6, 7, 7, 13
target_str: 10, 13, 15, 17, 21
mse: 0.05327594255437892
----------------------
pred_str: 12, 7, 5, 6, 6
target_str: 9, 3, 2, 4, 5
mse: 0.012919858491010702
----------------------
pred_str: 84, 112, 137, 123, 98
target_str: 79, 91, 93, 83, 64
mse: 2465.7121878090657
----------------------
