pred_str: -1, -20, -32, -44, -56, -70, -82, -88, -88, -84, -74, -56, -32, -8, 13, 32, 45, 46, 36, 18, -1, -15, -22, -24, -28, -42, -72, -95, -100, -84, -53, -20, 8, 28, 37, 32, 19, 8, 1, -15, -38, -59, -73, -78, -71, -54, -27, 2, 29, 50, 64, 63, 49, 28, 5, -10, -17, -18, -21, -34, -57, -73, -76, -64, -41
target_str: -11, 18, 43, 63, 75
mse: 70904.21205052445
----------------------
pred_str: 77, 85, 91, 97, 103
target_str: 55, 60, 51, 28, 10
mse: 0.5677053237166365
----------------------
pred_str: 74, 72, 72, 71, 71, 71, 71, 72, 73, 73, 73, 74, 75, 75, 76, 76, 76, 77, 77, 77, 77, 77, 78, 78, 78, 78, 78, 79, 79, 80, 80, 81, 81, 81, 82, 82, 82, 82, 83, 83, 83, 83, 83, 84, 84, 84, 84, 85, 85, 85, 85, 86, 86, 86, 86, 86, 87, 87, 87, 87, 88, 88, 88, 88, 88, 89, 89, 89, 90, 90, 90, 90, 91, 91, 91, 91, 92, 92, 92, 92, 93, 93, 93, 93, 94, 94, 94, 94, 95, 95, 95, 95, 96, 96, 96, 96, 96, 97, 97, 97, 97, 98, 98, 98, 98, 99, 99, 99, 99, 100, 100, 100, 101, 101, 101, 102, 102, 102, 102, 103, 103, 103, 103, 104, 1
target_str: 74, 74, 80, 89, 93
mse: 0.019901458967684034
----------------------
pred_str: 45, 44, 40, 24
target_str: -24, -36, -40, -39, -32
mse: 700.2647969685471
----------------------
pred_str: -48, -42, -42, -34, -22
target_str: -44, -39, -28, -6, 24
mse: 537.5295909763126
----------------------
pred_str: 71, 56, 31, 12, 1
target_str: 19, 17, 17, 15, 12
mse: 1.4799225318401246
----------------------
pred_str: -1, -1, -1, -1, -1, -2, -3, -4, -5, -6, -7, -8, -9, -10, -11, -12, -13, -14, -15, -16, -17, -18, -19, -20, -21, -22, -23, -24, -25, -26, -27, -28, -29, -30, -31, -32, -33, -34, -35, -36, -37, -38, -39, -40, -41, -42, -43, -44, -45, -46, -47, -48, -49, -50, -51, -52, -53, -54, -55, -56, -57, -58, -59, -60, -61, -62, -63, -64, -65, -66, -67, -68, -69, -70, -71, -72, -73, -74, -75, -76, -77, -78, -79, -80, -81, -82, -83, -84, -85, -86, -87, -88, -89, -90, -91, -92, -93, -94, -95, -96, -97, -98, -99, -100, -101, -102, -103, -104, -105, -106, -107, -108, -109, -110, -111, -112, -113, -114, -115, -116, -117, -118, -119, -120, -121, -12
target_str: -20, -21, -28, -41, -50
mse: 0.02052167976356662
----------------------
pred_str: 3, 5, 7, 9, 11, 13, 15, 17, 19, 21, 23, 25, 27, 29, 31, 33, 35, 37, 39, 41, 43, 45, 47, 49, 51, 53, 55, 57, 59, 61, 63, 65, 67, 69, 71, 73, 75, 77, 79, 81, 83, 85, 87, 89, 91, 93, 95, 97, 99
target_str: 5, 3, 2, 10, 31
mse: 0.13940520631328418
----------------------
pred_str: 2, 2, 2, 2, 2, 2, 2, 2, 2, 2, 2, 2, 2, 2, 2, 2, 2, 2, 2, 2, 2, 2, 2, 2, 2, 2, 2, 2, 2, 2, 2, 2, 2, 2, 2, 2, 2, 2, 2, 2, 2, 2, 2, 2, 2, 2, 2, 2, 2, 2, 2, 2, 2, 2, 2, 2, 2, 2, 2, 2, 2, 2, 2, 2, 2, 2, 2, 2, 2, 2, 2, 2, 2, 2, 2, 2, 2, 2, 2, 2, 2, 2, 2, 2, 2, 2, 2, 2, 2, 2, 2, 2, 2, 2, 2, 2, 2, 2, 2, 2, 2, 2, 2, 2, 2, 2, 2, 2, 2, 2, 2, 2, 2, 2, 2, 2, 2, 2, 2, 2, 2, 2, 2, 2, 2, 2, 2, 2, 2, 2, 2, 2, 2, 2, 2, 2, 2, 2, 2, 2, 2, 2, 2, 2, 2, 2, 2, 2, 2, 2, 2, 2, 2, 2, 2, 2, 2, 2, 2, 2, 2, 2, 2, 2, 2, 2, 2, 2, 2, 2, 2,
target_str: 19, 14, 8, 3, 0
mse: 0.11829649650042287
----------------------
pred_str: 10, 14, 18, 24, 30
target_str: -22, -42, -67, -104, -94
mse: 3.188700136946507
----------------------
pred_str: -48, -17, -44, -67, -74
target_str: -42, -53, -62, -57, -39
mse: 614.5101142010997
----------------------
pred_str: 1, -3, -13, -25, -37
target_str: -31, -34, -34, -30, -25
mse: 0.08580741579744663
----------------------
pred_str: -2, -1, -1, -2, -3, -4, -5, -6, -7, -8, -9, -10, -11, -12, -13, -14, -15, -16, -17, -18, -19, -20, -21, -22, -23, -24, -25, -26, -27, -28, -29, -30, -31, -32, -33, -34, -35, -36, -37, -38, -39, -40, -41, -42, -43, -44, -45, -46, -47, -48, -49, -50, -51, -52, -53, -54, -55, -56, -57, -58, -59, -60, -61, -62, -63, -64, -65, -66, -67, -68, -69, -70, -71, -72, -73, -74, -75, -76, -77, -78, -79, -80, -81, -82, -83, -84, -85, -86, -87, -88, -89, -90, -91, -92, -93, -94, -95, -96, -97, -98, -99, -100, -101, -102, -103, -104, -105, -106, -107, -108, -109, -110, -111, -112, -113, -114, -115, -116, -117, -118, -119, -120, -121, -122, -123
target_str: -47, -55, -61, -69, -74
mse: 0.1060850264521033
----------------------
pred_str: 10, 20, 34, 46, 49, 60, 70, 78, 85, 92, 99, 104, 111, 117, 123, 129, 134, 140, 146, 152, 158, 164, 170, 175, 180, 185, 189, 193, 197, 199, 201, 203, 205, 207, 209, 211, 213, 215, 217, 219, 221, 223, 225, 227, 229, 231, 233, 235, 237, 239, 241, 243, 245, 247, 249, 251, 253, 255, 257, 259, 261, 263, 265, 267, 269, 271, 273, 275, 277, 279, 281, 283, 285, 287, 289, 291, 293, 295, 297, 299, 301, 303, 305, 307, 309, 311, 313, 315, 317, 319, 321, 323, 325, 327, 329, 331, 333, 335, 337, 339, 341, 343, 345, 347, 349
target_str: 8, 6, 7, 7, 5
mse: 0.019024548943611358
----------------------
pred_str: -5, -15, -21, -31, -41
target_str: -24, -39, -61, -79, -86
mse: 0.023031377723370983
----------------------
pred_str: 0, 0, 0, 0, 0, 0, 0, 0, 0, 0, 0, 0, 0, 0, 0, 0, 0, 0, 0, 0, 0, 0, 0, 0, 0, 0, 0, 0, 0, 0, 0, 0, 0, 0, 0, 0, 0, 0, 0, 0, 0, 0, 0, 0, 0, 0, 0, 0, 0, 0, 0, 0, 0, 0, 0, 0, 0, 0, 0, 0, 0, 0, 0, 0, 0, 0, 0, 0, 0, 0, 0, 0, 0, 0, 0, 0, 0, 0, 0, 0, 0, 0, 0, 0, 0, 0, 0, 0, 0, 0, 0, 0, 0, 0, 0, 0, 0, 0, 0, 0, 0, 0, 0, 0, 0, 0, 0, 0, 0, 0, 0, 0, 0, 0, 0, 0, 0, 0, 0, 0, 0, 0, 0, 0, 0, 0, 0, 0, 0, 0, 0, 0, 0, 0, 0, 0, 0, 0, 0, 0, 0, 0, 0, 0, 0, 0, 0, 0, 0, 0, 0, 0, 0, 0, 0, 0, 0, 0, 0, 0, 0, 0, 0, 0, 0, 0, 0, 0, 0, 0, 0,
target_str: 13, 33, 42, 40, 28
mse: 2074.8354633117915
----------------------
pred_str: -1, -1, -4, -11, -19
target_str: -45, -38, -25, -6, 7
mse: 0.03875848532357222
----------------------
pred_str: -39, -47, -54, -60, -64
target_str: -52, -53, -51, -51, -51
mse: 70.19917625321911
----------------------
pred_str: 11 16 22 27 32
target_str: -8, 15, 40, 62, 75
mse: 697.4437865457336
----------------------
pred_str: 76, 82, 73, 62, 50
target_str: 22, 3, -16, -30, -38
mse: 2.057152464829323
----------------------
pred_str: -8, -20, -28, -39, -50, -57
target_str: -57, -42, -20, -2, 4
mse: 0.21837328167523276
----------------------
pred_str: 4, -3, -14, -29, -39, -48, -57, -66, -75, -84, -93, -102, -111, -120, -129, -138, -147, -156, -165, -174, -183, -192, -201, -210, -219, -228, -237, -246, -255, -264, -273, -282, -291, -300, -309, -318, -327, -336, -345, -354, -363, -372, -381, -390, -399, -408, -417, -426, -435, -444, -453, -462, -471, -480, -489, -498, -507, -516, -525, -534, -543, -552, -561, -570, -579, -588, -597, -606, -615, -624, -633, -642, -651, -660, -669, -678, -687, -696, -705, -714, -723, -732, -741, -750, -759, -768, -777, -786, -795, -804, -813, -8222, -831, -840, -849, -858, -867, -876, -885, -894, -903, -912, -921, -930, -939
target_str: 38, 29, 20, 13, 4
mse: 3327.0187214500206
----------------------
pred_str: 13, 17, 19, 23, 27, 30, 32, 35, 37, 41, 43, 45, 47, 49, 51, 53, 55, 57, 59, 61, 63, 65, 67, 69, 71, 73, 75, 77, 79, 81, 83, 85, 87, 89, 91, 93, 95, 97, 99, 101, 103, 105, 107, 109, 111, 113, 115, 117, 119, 121, 123, 125, 127, 129, 131, 133, 135, 137, 139, 141, 143, 145, 147, 149, 151, 153, 155, 157, 159, 161, 163, 165, 167, 169, 171, 173, 175, 177, 179, 181, 183, 185, 187, 189, 191, 193, 195, 197, 199, 201, 203, 205, 207, 209, 211, 213, 215, 217, 219, 221, 223, 225, 227, 229, 231, 233, 235, 237, 239, 241, 2
target_str: 49, 52, 42, 39, 48
mse: 0.1864790842785561
----------------------
pred_str: -11, -23, -34, -36, -26, -7
target_str: -54, -67, -77, -79, -73
mse: 1499.7769292274518
----------------------
pred_str: 12, 17, 22, 30, 39
target_str: 15, 10, 7, 5, 2
mse: 0.5356970490384824
----------------------
pred_str: -24, -24, -24, -24, -24, -24, -24, -24, -24, -24, -24, -24, -24, -24, -24, -24, -24, -24, -24, -24, -24, -24, -24, -24, -24, -24, -24, -24, -24, -24, -24, -24, -24, -24, -24, -24, -24, -24, -24, -24, -24, -24, -24, -24, -24, -24, -24, -24, -24, -24, -24, -24, -24, -24, -24, -24, -24, -24, -24, -24, -24, -24, -24, -24, -24, -24, -24, -24, -24, -24, -24, -24, -24, -24, -24, -24, -24, -24, -24, -24, -24, -24, -24, -24, -24, -24, -24, -24, -24, -24, -24, -24, -24, -24, -24, -24, -24, -24, -24, -24, -24, -24, -24, -24, -24, -24, -24, -24, -24, -24, -24, -24, -24, -24, -24, -24, -24, -24, -24, -24, -24, -24, -24, -24, -24, -24, -24, -24,
target_str: 26, 37, 44, 41, 35
mse: 2647.982350062693
----------------------
pred_str: 5, -11, -22, -34, -48, -61, -74, -85, -96, -106, -115, -123, -132, -140, -148, -155, -162, -170, -177, -185, -193, -201, -210, -219, -228, -237, -245, -254, -262, -271, -279, -287, -295, -303, -311, -319, -327, -335, -343, -351, -359, -367, -375, -383, -391, -399, -407, -415, -423, -431, -439, -447, -455, -463, -471, -479, -487, -495, -503, -511, -519, -527, -535, -543, -551, -559, -567, -575, -583, -591, -599, -607, -615, -623, -631, -639, -647, -655, -663, -671, -679, -687, -695, -703, -711, -719, -727, -735, -743, -751, -759, -767, -775, -783, -791, -799, -807, -815, -823, -831, -839, -847, -855, -863, -87
target_str: -44, -30, -15, 0, 16
mse: 10992.947943172612
----------------------
pred_str: -93, -88, -81, -74, -67
target_str: -67, -69, -86, -45, 4
mse: 0.2318364725106982
----------------------
pred_str: 

target_str: 34, 9, -15, -36, -53
mse: 566.0633953651519
----------------------
pred_str: -4, -32, -38, -44, -50
target_str: -70, -92, -51, 20, 42
mse: 0.3309993316373675
----------------------
pred_str: -12, -23, -37, -52, -67, -82, -98, -98, -93, -83, -73, -63, -53, -43, -33, -23, -13, -7, 4, 14, 20, 25, 27, 25, 21, 15, 8, -2, -20, -41, -66, -86, -99, -96, -80, -57, -31, -17, -9, -5, 0, 3, -2, -17, -27, -41, -55, -62, -62
target_str: -72, -57, -30, -27, -13
mse: 0.3851288467538655
----------------------
pred_str: -1, -1, -1, -1, -1
target_str: 6, 0, -5, -8, -8
mse: 0.041492730816934796
----------------------
pred_str: 12, 10, 8, 12, 14, 16, 18, 20, 22, 24, 26, 28, 30, 32, 34, 36, 38, 40, 42, 44, 46, 48, 50, 52, 54, 56, 58, 60, 62, 64, 66, 68, 70, 72, 74, 76, 78, 80, 82, 84, 86, 88, 90, 92, 94, 96, 98, 100, 102, 104, 106, 108, 110, 112, 114, 116, 118, 120, 122, 124, 126, 128, 130, 132, 134, 136, 138, 140, 142, 144, 146, 148, 150, 152, 154, 156, 158, 160, 162, 164, 166, 168, 170, 172, 174, 176, 178, 180, 182, 184, 186, 188, 190, 192, 194, 196, 198, 200, 202, 204, 206, 208, 210, 212, 214, 216, 218, 220, 222, 224, 226, 228, 
target_str: -26, -44, -64, -80, -85
mse: 0.8938680163583277
----------------------
pred_str: -29, -30, -31, -31, -30, -26
target_str: -29, -29, -29, -26, -24
mse: 66.01330165046143
----------------------
pred_str: 100, 91, 77, 58, 34
target_str: -3, -20, -32, -42, -48
mse: 14071.142194219754
----------------------
pred_str: 42, 38, 40, 42, 43, 42, 41
target_str: 41, 42, 46, 50, 58
mse: 0.003104894994165737
----------------------
pred_str: 11, 22, 28, 26, 20
target_str: 19, 17, 17, 20, 23
mse: 57.94921381517836
----------------------
pred_str: 10, -10, -20, -24, -30
target_str: 5, 24, 41, 54, 61
mse: 6033.76808534516
----------------------
pred_str: 1, 2, 3, 5, 8, 13, 22, 35, 52, 73, 91, 109, 120, 100, 75, 50, 35, 25, 15, 10, 5, 0
target_str: -17, -15, -10, -4, 1
mse: 0.30191484888103615
----------------------
pred_str: 90, 73, 52, 37, 28
target_str: 68, 55, 48, 37, 24
mse: 0.10827233386087629
----------------------
pred_str: 14, 12, 10, 8, 6, 5, 4, 3, 2, 1
target_str: 14, 15, 25, 45, 64
mse: 0.2032565225824543
----------------------
pred_str: 

16, 19, 33, 59, 32, 21, 9, 3, 12, 20, 24, 27, 34, 46, 60, 74, 75, 82, 64, 55, 44
target_str: -56, -55, -48, -41, -39
mse: 1.7214228212534972
----------------------
pred_str: -33, -40, -45, -49
target_str: -31, -30, -29, -20, -4
mse: 503.8510943568057
----------------------
pred_str: -10, -20, -30, -40, -50, -60, -70, -80, -90, -100, -110, -120, -130, -140, -150, -160, -170, -180, -190, -200, -210, -220, -230, -240, -250, -260, -270, -280, -290, -300, -310, -320, -330, -340, -350, -360, -370, -380, -390, -400, -410, -420, -430, -440, -450, -460, -470, -480, -490, -500, -510, -520, -530, -540, -550, -560, -570, -580, -590, -600, -610, -620, -630, -640, -650, -660, -670, -680, -690, -700, -710, -720, -730, -740, -750, -760, -770, -780, -790, -800, -810, -820, -830, -840, -850, -860, -870, -880, -890, -900, -910, -920, -930, -940, -950, -960, -970, -980, -990, -1000, -1010, -1020, -1030, -1
target_str: 23, 36, 65, 76, 68
mse: 0.3844081447857445
----------------------
pred_str: 4, -15, -28, -40, -52
target_str: 46, 38, 16, -47, -38
mse: 0.11023095437343569
----------------------
pred_str: -49, -47, -41, -38, -36
target_str: -51, -57, -57, -60, -74
mse: 0.0480389289135406
----------------------
pred_str: 5, 10, 15, 20, 25
target_str: -6, -3, 0, 1, 1
mse: 242.65234031897677
----------------------
pred_str: 0, 4, 10, 20, 35, 56, 74, 90, 104, 94, 80, 60, 46, 36, 26, 16, 10, 4, 0, 0, 0, 0, 1, 4, 8, 11, 17, 32, 53, 70, 74, 54, 31, 15, 6, 2, 2, 5, 6, 6, 7, 10, 16, 36, 73, 95, 88, 59, 38, 26, 18, 10, 3, 0, -3, -10, -16, -17, -11, 0, 14, 34, 58, 88, 90, 60, 36, 22, 13, 8, 7, 8
target_str: 10, 13, 15, 17, 21
mse: 0.07792317576458987
----------------------
pred_str: 10, 10, 10, 10, 10
target_str: 9, 3, 2, 4, 5
mse: 0.057973723998124935
----------------------
pred_str: 100, 109, 114, 119, 123
target_str: 79, 91, 93, 83, 64
mse: 2860.092287642815
----------------------
