pred_str: -26, -51, -75, -108, -94, -67, -52, -45, -42, -33, -21, -13, -6, -1, 9, 20, 19, 15, 10, 4, 0, -2, -13, -26, -44, -60, -78, -84, -61, -45, -40, -35, -29, -21, -13, -2, 7, 14, 14, 12, 10, 7, 3, 0, -4, -13, -24, -39, -55, -73, -82, -61, -47, -42, -38, -33, -25, -16, -10, -4, 0, 2, 0, -2, -5, -5
target_str: -22, -42, -67, -104, -94, -65, -52, -45, -37, -23, -13, -4, 3, 5, 1, 1, -2, -6, -7, -24, -51, -69, -98, -82, -51
mse: 0.30224841998044816
----------------------
pred_str: 71, 71, 70, 69, 69, 68, 68, 67, 67, 67, 67, 68, 68, 68, 67, 66, 65, 65, 65, 64, 65, 65, 65, 66, 66, 67, 66, 66
target_str: 74, 74, 80, 89, 93, 88, 82, 78, 76, 80, 80, 76, 73, 74, 75, 77, 77, 77, 77, 73, 71, 72, 75, 75, 76
mse: 0.015534951646235546
----------------------
pred_str: 20, 18, 17, 16, 15, 15, 14, 13, 13, 13, 12, 11, 10, 9, 10, 12, 17, 30, 62, 95, 93, 68, 45, 30, 22, 18, 15, 9, 2, -4, -12, -16, -18, -18, -14, -9, -5, 3, 20, 53, 93, 93, 65, 41, 27, 19, 19, 19, 18, 16, 14, 13, 13, 12, 12, 12, 12, 13, 14, 21
target_str: 19, 17, 17, 15, 12, 9, 6, 6, 5, 5, 7, 14, 29, 56, 91, 87, 60, 44, 35, 28, 21, 14, 6, -2, -11
mse: 2.216209193363396
----------------------
pred_str: 48, 38, 27, 14, -1, -16, -29, -36, -37, -33, -24, -14, -4, 12, 21, 27, 32, 30, 26, 22, 17, 11, 3, -5, -11, -16, -18, -19, -16, -13, -8, -3, 0, 11, 23, 34, 47, 56, 60, 59, 53, 44, 31, 19, 6, -10, -22, -31, -40, -46, -49, -45, -35, -21, -7, 2, 18, 31, 39, 39, 35, 29, 21, 13, 6, -1, -7, -14, -15
target_str: 34, 9, -15, -36, -53, -57, -54, -43, -29, -15, -1, 13, 29, 42, 57, 65, 67, 65, 54, 40, 19, -5, -31, -58, -78
mse: 589.8976435910531
----------------------
pred_str: -3, 16, 26, 35, 42, 49, 56, 61, 64, 64, 60, 57, 52, 47, 42, 37, 32, 27, 21, 13, 0, -15, -35, -54, -69, -77, -78, -74, -65, -52, -37, -18, 2, 13, 24, 26, 27, 27, 28, 27, 24, 18, 13, 5, -2, -13, -29, -42, -46, -37, -24, -8, 6, 17, 26, 31, 32, 30, 28
target_str: 5, 24, 41, 54, 61, 67, 64, 45, 19, -9, -33, -48, -51, -48, -44, -44, -48, -50, -40, -19, 8, 34, 44, 35, 8
mse: 6386.580828634196
----------------------
pred_str: 39, 32, 12, -2, -14, -20, -22, -21, -17, -11, -4, 3, 12, 23, 31, 35, 34, 23, 2, -13, -32, -47, -53, -51, -42, -22, -5, 10, 15, 17, 17, 13, 7, 2, -1, 0, -2, -3, -4, -4, -3, -1, 0, 0, 0, 0, 0, 0, 0, 0, 0, 0, 0, 0, 0, 0, 0, 0, 0, 0, 0, 0, 0, 0, 0, 0, 0, 0, 0, 0, 0, 0, 0, 0, 0, 0, 0, 0, 0, 0, 0, 0, 0, 0, 0, 0, 0, 0, 0, 0, 0, 0, 0, 0, 0, 0, 0, 0, 0, 0, 0, 0, 0, 0, 0, 0, 0, 0, 0, 0, 0, 0, 0, 0, 0, 0, 0, 0, 0, 0, 0, 0, 0, 0, 0, 0, 0, 0, 0, 0, 0, 0, 0, 0, 0, 0, 0, 0, 0, 0, 0, 0, 0, 0, 0, 0, 0, 0, 0, 0, 0, 0, 0, 0, 0, 0, 0, 0, 0, 0, 0, 0
target_str: 38, 29, 20, 13, 4, -3, -12, -19, -24, -25, -19, -7, 7, 23, 34, 42, 45, 45, 43, 39, 32, 23, 9, -7, -29
mse: 2068.698012899878
----------------------
pred_str: -33, -32, -26, -17, -4, 12, 33, 51, 59, 61, 54, 40, 20, 0, -10, -21, -27, -31, -31, -26, -17, -6, 10, 28, 42, 48, 45, 35, 20, 1
target_str: -31, -30, -29, -20, -4, 17, 36, 47, 52, 51, 47, 38, 25, 7, -11, -24, -33, -36, -34, -31, -29, -28, -29, -29, -28
mse: 890.5371437645758
----------------------
pred_str: 22, 17, 11, 2, -11, -21, -28, -27, -25, -22, -19, -17, -12, -1, 12, 25, 42, 57, 70, 83, 91, 93, 94, 94, 93, 93, 90, 84, 75, 62, 48, 32, 15, -1
target_str: 19, 17, 17, 20, 23, 31, 36, 42, 46, 51, 58, 61, 51, 30, 3, -17, -24, -21, -11, -1, 7, 11, 7, 1, -6
mse: 4822.283596698369
----------------------
pred_str: -48, -54, -61, -69, -77, -83, -89, -95, -99, -101, -96, -85, -64, -42, -15, 16, 16, 18, 20, 23, 25, 25, 25, 30, 34, 39, 43, 44, 46, 47, 43, 40, 43, 53, 65, 78, 80, 81, 76, 66, 56, 44, 31, 16, -3, -20, -35, -47, -57, -63, -66, -64
target_str: -47, -55, -61, -69, -74, -79, -87, -91, -92, -87, -60, -37, -13, 5, 3, 4, 6, 17, 31, 38, 42, 43, 45, 48, 51
mse: 0.013200309361972189
----------------------
pred_str: 81, 100, 114, 131, 152, 177, 198, 206, 192, 167, 138, 99, 56, 20, -5, -28, -41, -46, -44, -38, -33, -25, -13, -4, 2, 12, 29, 51, 68, 80, 80, 72, 59, 44, 27, 12, -4, -17, -31, -38, -35, -27, -21, -12, -2, 1, 12, 29, 51, 68, 82, 82, 72, 55, 32, 12, -1, -18, -32, -38, -38
target_str: 79, 91, 93, 83, 64, 40, 15, -6, -24, -38, -49, -56, -58, -54, -49, -41, -33, -25, -16, -7, 6, 29, 61, 94, 118
mse: 29757.866776570743
----------------------
pred_str: 18, 9, 3, -2, -5, -7, -8, -9, -10, -9, -8, -8, -8, -8, -7, -6, -6, -5, -5, -5, -4, -4, -3, -2, -2, -1, -1, 0, 1, 5, 12, 21, 28, 22, 15, 9, 6, 5, 5, 5, 5, 5, 4, 3, 2, 1, 0, -1, -2, -3, -3, -2, -2, -2, -2
target_str: 15, 10, 7, 5, 2, 0, -3, -4, -3, 0, 9, 25, 45, 68, 83, 74, 56, 39, 27, 19, 14, 11, 9, 9, 11
mse: 1.5611675353577352
----------------------
pred_str: -15, -25, -31, -30, -25, -18, -11, -5, -1, 11, 22, 34, 43, 44, 41, 36, 28, 15, -2, -13, -27, -40, -45, -42, -32, -17, -4, 12, 25, 38, 45, 45, 42, 35, 23, 8, -2, -19, -34, -46, -51, -51, -43, -25, -7, 14, 26, 37, 45, 44, 40, 33, 22, 9, -3, -20, -39, -50, -54, -53, -46, -33, -18, -6, 8, 19, 31, 40, 42, 41, 36, 26, 12, -1, -18, -39, -56, -65, -66, -58, -41, -17, 0, 12, 22, 31, 35, 34, 31, 28, 23, 14, 2, -14, -27, -38, -42, -42, -37, -29, -19, -6, 10, 21, 33, 41, 40, 37, 30, 18, 6, -3, -17, -32, -43, -50, -52, -53, -47, -32, -15, 1, 14, 29, 40, 45, 44, 41, 37, 30, 18, 4, -16
target_str: -42, -53, -62, -57, -39, -12, 21, 51, 73, 85, 90, 89, 88, 83, 66, 39, 6, -28, -62, -92, -109, -104, -80, -39, 7
mse: 2313.9470083553647
----------------------
pred_str: -61, -69, -69, -56, -38, -18, 11, 39, 43, 36, 30, 24, 15, 6, -15, -29, -36, -39, -40, -39, -34, -29, -27, -19, -11, 24, 36, 51, 75, 93, 94, 83, 67
target_str: -56, -55, -48, -41, -39, -34, -37, 1, 74, 39, 21, 19, 2, 6, 17, 23, 30, 36, 38, 46, 58, 69, 81, 84, 74
mse: 0.8614157309181298
----------------------
pred_str: 72, 45, 33, 23, 15, 9, 6, 3, 0, -2, -7, -11, -13, -14, -12, -7, -3, 13, 41, 68, 88, 83, 63, 49, 40, 32, 23, 17, 13, 12, 12, 10, 10, 14, 27
target_str: 68, 55, 48, 37, 24, 13, 5, 0, -7, -14, -18, -19, -16, -7, 3, 16, 39, 71, 92, 84, 69, 58, 46, 34, 23
mse: 0.29924410748977437
----------------------
pred_str: 10, 12, 12, 12, 13, 14, 15, 15, 14, 14, 14, 15, 14, 14, 13, 14, 13, 13, 13, 14, 14, 13, 13, 12, 11, 10, 9, 9, 9, 9, 9, 8, 8, 8, 7, 7, 7, 7, 7, 7, 7, 7, 7, 7, 7, 7, 7, 7, 7, 7, 7, 7, 7, 7, 7, 7, 7, 7, 7, 7, 7, 7, 7, 7, 7, 7, 7, 7, 7, 7, 7, 7, 7, 7, 7, 7, 7, 7, 7, 7, 7, 7, 7, 7, 7, 7, 7, 7, 7, 7, 7, 7, 7, 7, 7, 7, 7, 7, 7, 7, 7, 7, 7, 7, 7, 7, 7, 7, 7, 7, 7, 7, 7, 7, 7, 7, 7, 7, 7, 7, 7, 7, 7, 7, 7, 7, 7, 7, 7, 7, 7, 7, 7, 7, 7, 7, 7, 7, 7, 7, 7, 7, 7, 7, 7, 7, 7, 7, 7, 7, 7, 7, 7, 7, 7, 7, 7, 7, 7, 7, 7, 7,
target_str: 8, 6, 7, 7, 5, 1, -5, -5, -2, 0, 5, 13, 20, 23, 30, 37, 43, 49, 56, 66, 69, 72, 73, 75, 73
mse: 0.023650993062000754
----------------------
pred_str: 40, 37, 36, 38, 43, 48, 56, 66, 76, 87, 97, 104, 100, 89, 76, 68, 60, 55, 52, 53, 53, 53, 54, 54, 54, 55, 55, 55, 55, 56, 56, 55
target_str: 41, 42, 46, 50, 58, 70, 73, 74, 75, 72, 67, 57, 42, 28, 20, 15, 12, 12, 13, 17, 23, 34, 46, 57, 65
mse: 0.04743044855999848
----------------------
pred_str: 27, 15, 3, -10, -20, -25, -26, -24, -16, -10, -2, 12, 24, 38, 50, 60, 67, 68, 61, 52, 40, 26, 14, 1, -8, -17, -22, -23, -23, -23, -23, -22, -22, -22, -22, -22, -20, -14, -1, 14, 29, 47, 60, 70, 76, 74, 62, 47, 30, 14, 0, -11, -21, -26, -26, -24, -21, -21, -21, -21, -21, -22, -22, -23
target_str: 26, 37, 44, 41, 35, 21, 7, -8, -20, -31, -40, -45, -44, -40, -29, -15, 0, 12, 20, 27, 36, 44, 50, 51, 45
mse: 1594.4990372276598
----------------------
pred_str: -13, -27, -39, -48, -57, -66, -66, -55, -33, -12, 6, 25, 38, 41, 32, 16, 2, -12, -27, -37, -43, -53, -66, -75, -71, -50, -22, 8, 22, 31, 26, 17, 4, -12, -24, -29, -33, -29, -20, -14, -1, 15, 35, 50, 53, 42
target_str: -11, 18, 43, 63, 75, 77, 57, 39, 38, 23, -8, -40, -69, -92, -102, -98, -82, -55, -23, 6, 30, 42, 45, 39, 26
mse: 84635.20242073252
----------------------
pred_str: -47, -31, -17, 1, 13, 23, 29, 31, 31, 28, 22, 14, 1, -12, -27, -46, -65, -81, -86, -75, -57, -38, -22, -12, -5, -1, 2, 6, 13, 19, 20, 21, 20, 17, 14, 10
target_str: -72, -57, -30, -27, -13, -1, 6, 11, 17, 24, 28, 28, 23, 21, 10, -9, -35, -82, -101, -104, -101, -91, -72, -47, -28
mse: 0.1860210168984163
----------------------
pred_str: -61, -49, -40, -35, -36, -47, -53, -65, -76, -84, -87, -91, -97, -104, -106, -108, -110, -114, -117, -120, -124, -129.
target_str: -57, -42, -20, -2, 4, 6, 2, 3, 13, 28, 38, 46, 52, 53, 49, 50, 55, 58, 56, 57, 61, 53, 43, 26, 8
mse: 2.1270716818747477
----------------------
pred_str: -19, -36, -52, -62, -73, -80, -83, -82, -72, -54, -30, 1, 35, 64, 82, 86, 83, 68, 46, 23, 1, -12, -24, -31
target_str: -24, -36, -40, -39, -32, -23, -15, -12, -12, -13, -16, -28, -33, -47, -59, -70, -74, -77, -74, -64, -43, -14, 21, 59, 88
mse: 1056.1659814454054
----------------------
pred_str: -52, -50, -34, -15, 16, 63, 87, 90, 94, 95, 96, 98, 100, 101, 103, 105, 107, 112, 116, 116, 106, 92, 77, 65, 61, 59, 56, 49, 43, 28, 17, 3, -12, -29, -41, -46, -46, -45, -38, -32, -24, -14, -5, 10, 54, 87, 90, 92, 95, 98, 102, 104, 106, 108, 111, 114, 116
target_str: -45, -38, -25, -6, 7, 55, 94, 96, 96, 90, 91, 87, 80, 74, 70, 69, 66, 61, 58, 59, 66, 76, 81, 90, 92
mse: 0.032469273942980874
----------------------
pred_str: -44, -18, 11, 40, 71, 91, 96, 91, 75, 55, 26, 2, -22, -44, -58, -64, -66, -67, -66, -63, -57, -41, -14, 13, 52, 86, 99, 95, 75, 45, 17, -9, -27, -37, -42, -42, -42, -42, -42, -40, -35, -28, -15, -4, 22, 51, 72, 81, 80, 72, 58, 34, 11, -1, -23, -37, -45, -49, -52, -55, -59, -62, -64, -64, -62, -56
target_str: -44, -39, -28, -6, 24, 58, 85, 99, 100, 88, 69, 44, 17, -7, -30, -47, -59, -66, -67, -67, -61, -54, -36, -6, 28
mse: 638.0774202656338
----------------------
pred_str: -5, -1, 10, 21, 27, 26, 22, 17, 12, 9, 10, 16, 20, 22, 20, 14, 6, -1, -11, -16, -18, -16, -14, -11, -10, -9, -7, -6, -5, -4, -3, -1
target_str: -6, -3, 0, 1, 1, -1, -5, -10, -15, -21, -28, -34, -40, -41, -40, -35, -29, -24, -18, -16, -14, -10, -2, 9, 22
mse: 866.7969412992207
----------------------
pred_str: -51, -49, -39, -25, -10, 13, 41, 65, 83, 88, 87, 77, 62, 44, 27, 11, -4, -15, -21, -25, -27, -25, -23, -20, -16, -13, -10, -6, -1
target_str: -52, -53, -51, -51, -51, -50, -51, -45, -29, -10, 7, 21, 23, 17, 4, -13, -30, -47, -57, -63, -64, -62, -53, -43, -33
mse: 2147.9132437547464
----------------------
pred_str: -59, -63, -58, -34, -12, 11, 29, 49, 60, 61, 59, 48, 35, 21, 2, -14, -25, -33, -37, -29, -10, 15, 37, 52, 60, 62, 62, 60, 50, 33, 10
target_str: -54, -67, -77, -79, -73, -67, -53, -30, 3, 41, 79, 111, 129, 133, 125, 108, 92, 76, 58, 33, 0, -32, -66, -93, -104
mse: 5691.0437558382
----------------------
pred_str: -19, -22, -23, -18, -6, 8, 12, 11, 24, 32, 35, 30, 22, 12, 1, -11, -27, -36, -42, -39, -25, -14, -14, -14, -13, -11, -1, 16, 26, 18, 0, -20
target_str: -26, -44, -64, -80, -85, -68, -60, -54, -43, -40, -19, 15, 30, 17, 11, 10, 4, 1, -13, -37, -48, -59, -73, -70, -57
mse: 0.3549243279739888
----------------------
pred_str: 36, 44, 38, 36, 53, 58, 53, 46, 42, 38, 35, 34, 34, 31, 30, 28, 25, 21, 15, 4, -17, -34, -41, -38, -26, -14, -5, 14, 37, 59, 74, 85, 84, 74, 60, 47, 34, 21, 12, 6, -3, -10, -19, -24, -20, -11, -5, 0, 21, 45, 54, 49, 46, 57, 62, 63, 57, 51, 42, 31
target_str: 49, 52, 42, 39, 48, 56, 54, 46, 39, 34, 28, 23, 20, 16, 12, 10, 17, 44, 78, 92, 98, 87, 76, 57, 37
mse: 0.6808900303305677
----------------------
pred_str: 22, 15, 10, 8, 8, 7, 6, 4, 2, 0, -1, -2, -2, -1, 1, 8, 16, 28, 46, 61, 70, 64, 48, 37, 29, 21, 15, 11, 8, 6, 2, 0, 0, 1, 6, 12, 20, 32, 51, 70, 75, 71, 56, 40
target_str: 19, 14, 8, 3, 0, -3, -4, -3, -1, 1, 13, 34, 55, 69, 75, 73, 58, 37, 20, 9, 3, 1, 0, 1, 2
mse: 1.8825614607636914
----------------------
pred_str: 59, 49, 39, 20, -11, -34, -50, -60, -66, -70, -67, -59, -49, -39, -26, -10, 12, 43, 68, 68, 65, 65, 59, 56, 51, 49, 45, 41
target_str: 55, 60, 51, 28, 10, -12, -31, -46, -56, -60, -62, -64, -65, -58, -45, -32, -15, 17, 45, 63, 60, 54, 53, 50, 50
mse: 0.04027013258499921
----------------------
pred_str: -35, -28, -13, -14, -17, -14, -24, -36, -48, -49, -42, -36, -33, -36, -44, -57, -81, -68, -3, 49, 27, -12, 21, 30, 22, 15, 17, 23, 35, 44, 44, 39, 51, 80, 88, 77, 52, 43, 48, 21, -21, -33, -36
target_str: -51, -57, -57, -60, -74, -69, 6, 76, 15, -2, 23, 30, 18, 13, 23, 40, 47, 45, 43, 55, 85, 104, 87, 52, 45
mse: 0.4703951763019944
----------------------
pred_str: -31, -35, -35, -32, -27, -20, -12, -3, 15, 63, 50, 43, 42, 42, 39, 35, 32, 32, 31, 33, 29, 26, 23, 21, 22, 22, 22, 20, 17, 14, 9, 4, -3, -12, -21, -29, -34, -36, -34, -29, -25, -16, -6, 14, 69, 59, 45, 42, 38, 34, 30, 28, 26, 24, 23, 24, 21, 19, 16, 14
target_str: -31, -34, -34, -30, -25, -22, -21, -13, 20, 67, 46, 40, 42, 28, 24, 23, 25, 28, 30, 29, 28, 29, 32, 36, 45
mse: 0.011593094404078916
----------------------
pred_str: -47, -46, -46, -32, -25, -13, -13, -20, -18, -30, -45, -60, -66, -66, -60, -50, -39, -24, -21, -37, -17, -15, -12, -3, 17, 28, 16, -4, -6, -1, 10, 21, 23, 21, 18, 16, 16, 17, 22, 26, 33, 42, 42, 27, -16, -64, -77, -43, -43, -43, -46, -48, -46, -36, -27, -11, 1, 18, 23
target_str: 46, 38, 16, -47, -38, -8, -35, -32, -34, -37, -37, -40, -51, -61, -68, -70, -63, -50, -41, -24, -46, -32, 18, 28, 24
mse: 0.08793668672846781
----------------------
pred_str: -1, -13, -26, -36, -41, -42, -40, -35, -31, -23, -8, 18, 44, 66, 83, 90, 87, 74, 56, 34, 6, -16, -33, -47, -54, -55, -51, -45, -37, -28, -16, 1, 21, 44, 66, 84, 92, 90, 78, 57, 32, 5, -18, -37, -51, -56, -57, -53, -45, -34, -17, 3, 20, 44, 65, 78, 85, 88, 89, 81, 68
target_str: -3, -20, -32, -42, -48, -49, -44, -34, -23, -10, 2, 17, 33, 47, 56, 58, 51, 39, 24, 6, -8, -22, -31, -34, -34
mse: 433.7521391236538
----------------------
pred_str: 16, 7, -3, -13, -20, -24, -26, -27, -25, -16, -5, 14, 44, 78, 98, 75, 41, 19, 8, 4, 3, 3, 2, 2, 6, 13, 28, 54, 85, 81, 50, 23, 10, 4, 1, 0, -4, -10, -16, -17, -13, -6, 2, 24, 57
target_str: 9, 3, 2, 4, 5, 5, 5, 6, 8, 12, 20, 42, 83, 99, 82, 52, 27, 12, 3, -3, -10, -15, -17, -15, -10
mse: 0.7713486797556235
----------------------
pred_str: -57, -18, 14, 33, 35, 26, 29, 28, 36, 36, 37, 38, 38, 38, 33, 28, 18, 2, -23, -42, -58, -58, -57, -62, -72, -81, -87, -85, -79, -68, -58, -24, 13, 31, 23, 18, 27, 28, 26, 35, 36, 36, 36, 31, 29, 24, 23, 18, 14, 13, 12, 10, 13, 17, 17, 17, 20, 22, 22, 20
target_str: -67, -69, -86, -45, 4, 13, 18, 8, 0, 6, 23, 30, 33, 41, 48, 50, 56, 63, 70, 64, 62, 68, 44, 31, 4
mse: 0.6916833144575374
----------------------
pred_str: 10, 34, 73, 95, 72, 42, 22, 11, 5, 2, 0, -3, -11, -18, -23, -23, -18, -6, 13, 52, 95, 105, 78, 42, 22, 11, 6, 3, 1, 0, 0, 0, 0, 0, 0, 1, 15, 38, 77, 89, 65, 35, 17, 7, 3, 0, 0, 0, 0, 0, 0, 0, 1, 18, 49, 85, 92, 65, 34, 16, 7, 3, 1, 0, 0, 0, 0, 0, 0, 0, 1, 15, 39, 79, 88, 65, 33, 15, 7, 4, 2, 1, 0, 0, 0, 0, 0, 0, 1, 14, 38, 73, 80, 57, 32, 16, 8, 4, 2, 1, 0, 0, 0, 0, 0, 0, 0, 0, 0, 0, 0, 0, 0, 0, 0, 0, 0, 0, 0, 0, 0, 0, 0, 0, 0, 0, 0, 0, 0, 0, 0, 0, 0, 0, 0, 0, 0, 0, 0, 0, 0, 0, 0, 0, 0, 0, 0, 0, 0, 0, 0, 0, 0, 0,
target_str: 5, 3, 2, 10, 31, 73, 101, 83, 46, 22, 10, 2, -1, -4, -7, -11, -14, -15, -11, -3, 17, 54, 81, 78, 50
mse: 2.8711690717786205
----------------------
pred_str: 15, 10, 0, -14, -27, -39, -47, -53, -58, -64, -72, -79, -85, -87, -87, -77, -57, -33, -5, 63, 97, 67, 63, 46, 31, 22, 18, 17, 16, 15, 13, 11, 10, 10, 10, 10, 10, 10, 10, 10, 10, 10, 10, 10, 9, 9, 9, 9, 9, 8, 8, 8, 8, 8, 8, 8, 8, 8, 8, 8, 8, 8, 8, 8, 8, 8, 8, 8, 8,
target_str: 14, 15, 25, 45, 64, 80, 78, 79, 83, 80, 66, 54, 35, 12, -10, -33, -52, -62, -65, -73, -81, -78, -65, -51, -42
mse: 2.2574855299763854
----------------------
pred_str: -19, -21, -17, -6, 15, 38, 67, 82, 74, 58, 40, 26, 18, 14, 11, 7, 4, 4, 4, 4, 3, 1, -1, -5, -10, -11, -9, -6, -1, 7, 22, 43, 59, 58, 47, 34, 22, 15, 10, 6, 2, -1
target_str: -17, -15, -10, -4, 1, 9, 23, 46, 68, 73, 63, 48, 35, 26, 18, 14, 10, 7, 7, 4, 1, 0, 7, 23, 52
mse: 0.7228741930006913
----------------------
pred_str: -31, -37, -44, -49, -54, -59, -63, -64, -63, -62, -61, -60, -59, -56, -45, -22, 10, 36, 55, 68, 75, 79, 79, 73, 63, 49, 34, 16, -1, -11, -19, -27, -32, -35, -35, -33, -31, -28, -24, -17, -8, 0, 12, 20, 27, 31, 31, 27, 20, 11, 0, -10, -19, -27, -33, -35, -34, -32, -30, -27, -21, -11, 1, 14, 23, 30, 32, 32, 29, 24, 16, 8
target_str: -29, -29, -29, -26, -24, -21, -16, -7, 2, 12, 18, 20, 19, 14, 7, 0, -8, -16, -22, -27, -32, -37, -40, -40, -38
mse: 25036.244792015637
----------------------
pred_str: 6, -1, -5, -8, -8, -5, 1, 12, 25, 42, 61, 71, 65, 52, 41, 33, 26, 19, 15, 10, 4, -1, -5, -6, -5, -3, 1, 13, 27, 43, 60, 77, 82, 72, 56, 41, 32, 26, 21, 16, 11, 7, 1, -1
target_str: 6, 0, -5, -8, -8, -6, -2, 3, 11, 24, 45, 63, 73, 67, 56, 44, 32, 23, 17, 13, 9, 6, 3, 1, 0
mse: 0.09330804344686312
----------------------
pred_str: -49, -58, -60, -49, -36, -26, -20, -13, -1, 16, 27, 44, 61, 80, 95, 105, 103, 96, 90, 76, 70, 47, 37, 34, 24, 20, 19, 16, 15, 11, 10, 7, 1, 0, 0, 0, 0, 0, 0, 0, 0, 0, 0, 0, 0, 0, 0, 0, 0, 0, 0
target_str: -70, -92, -51, 20, 42, 46, 48, 32, 12, 3, 16, 21, 18, 19, 22, 31, 58, 90, 88, 67, 52, 32, 11, 8, -12
mse: 0.1506162972735585
----------------------
pred_str: -23, -16, -6, 6, 13, 22, 32, 38, 42, 40, 34, 21, 2, -4, -13, -21, -25, -31, -34, -36, -36, -36, -33, -27, -15, 0, 15, 29, 46
target_str: -8, 15, 40, 62, 75, 78, 75, 64, 52, 41, 29, 20, 13, 5, -1, -9, -20, -31, -38, -44, -46, -46, -47, -44, -38
mse: 219.57382390651827
----------------------
pred_str: -3, 14, 29, 45, 64, 82, 94, 94, 77, 59, 42, 22, 3, -13, -29, -42, -49, -50, -46, -40, -31, -21, -13, -8, -3, 3, 9, 15, 24, 35, 47, 59, 68, 70, 62, 48, 32, 13, -4, -18, -31, -41, -48, -50, -46, -37, -29, -20, -11, -1, 11, 26, 40, 49, 53, 49, 40, 31, 24, 18, 15, 14, 13, 14, 18, 26, 36, 48, 59, 68, 70
target_str: 13, 33, 42, 40, 28, 15, 4, -3, -10, -11, -9, -7, -5, -3, -1, 2, 6, 15, 30, 49, 63, 69, 65, 56, 43
mse: 7144.787646673999
----------------------
pred_str: -2, -28, -63, -86, -86, -61, -42, -60, -69, -77, -82, -85, -80, -67, -49, -28, -19, -11, -21, -20, -4, 21, 24, 18, 8, -3, -5, 14, 29, 29, 20, 17, 14, 13, 18, 29, 34, 31, 27, 27, 45, 52, 50, 34, 16, -10, -42, -62, -74, -74, -71, -64, -55, -45, -32, -19, -15, -11, -10, -2, 16, 15, 13, 20, 23, 24, 20, 20, 19, 26, 34, 32, 26, 15, 1, -38, -47, -18, -29, -31, -28, -24, -22, -22, -16, -27, -34, -33, -32, -30, -30, -32, -30, -31, -30, -19, -11, -1, 21, 18, 19, 23, 26, 26, 26, 27, 27, 29, 28, 25, 17, 4, -51, -70, -54, -64, -72, -81, -87, -89, -86, -77, -64, -49, -37, -31, -23, -13, -1, 15, 1
target_str: 23, 36, 65, 76, 68, 45, 27, 13, -47, -57, -43, -75, -76, -78, -66, -61, -64, -72, -85, -94, -100, -94, -74, -51, -36
mse: 0.2847269404580643
----------------------
pred_str: -11, -11, -15, -20, -23, -26, -28, -28, -24, -22, -16, -12, -6, 1, 8, 14, 15, 10, 3, -5, -12, -15, -13, -11, -7, -4, 0, 11, 17, 21, 21, 19, 16, 10, 6, 1, -1, 0, 0, 0, 0, 0, 0, 0, 0, 0, 0, 0, 0, 0, 0, 0, 0, 0, 0, 0, 0, 0, 0, 0, 0, 0, 0, 0, 0, 0, 0, 0, 0, 0, 0, 0, 0, 0, 0, 0, 0, 0, 0, 0, 0, 0, 0, 0, 0, 0, 0, 0, 0, 0, 0, 0, 0, 0, 0, 0, 0, 0, 0, 0, 0, 0, 0, 0, 0, 0, 0, 0, 0, 0, 0, 0, 0, 0, 0, 0, 0, 0, 0, 0, 0, 0, 0, 0, 0, 0, 0, 0, 0, 0, 0, 0, 0, 0, 0, 0, 0, 0, 0, 0, 0, 0, 0, 0, 0, 0, 0, 0, 0, 0, 0, 0, 0, 0, 0, 0, 0, 0, 0, 0, 0, 0,
target_str: -20, -21, -28, -41, -50, -59, -70, -77, -78, -75, -73, -66, -64, -71, -79, -84, -75, -50, -28, -24, -19, -13, -15, -26, -33
mse: 0.04362585464944695
----------------------
pred_str: -11, -4, 11, 22, 28, 28, 23, 19, 16, 15, 14, 15, 21, 27, 36, 42, 37, 28, 19, 12, 1, -5, -11, -18, -29, -38, -41, -43, -47, -57, -71, -80, -76, -74, -74, -67, -60, -56, -50, -47, -40, -43, -50, -57, -61, -59, -52, -42, -29, -23, -17, -15, -10, -6, -1, 1, 5, 8, 9, 7, 4, 0, -3, -10, -16, -26, -35, -35, -35, -35, -34, -34
target_str: -24, -39, -61, -79, -86, -85, -75, -59, -41, -27, -14, -7, -3, -2, -7, -14, -32, -51, -69, -67, -51, -50, -48, -30, -25
mse: 0.06853730114242876
----------------------
pred_str: 11, 20, 34, 60, 85, 103, 81, 51, 33, 23, 16, 10, 6, 2, 0, 0, 0, 0, 0, 0, 0, 0, 0, 0, 0, 0, 0, 0, 0, 0, 0, 0, 0, 0, 0, 0, 0, 0, 0, 0, 0, 0, 0, 0, 0, 0, 0, 0, 0, 0, 0, 0, 0, 0, 0, 0, 0, 0, 0, 0, 0, 0, 0, 0, 0, 0, 0, 0, 0, 0, 0, 0, 0, 0, 0, 0, 0, 0, 0, 0, 0, 0, 0, 0, 0, 0, 0, 0, 0, 0, 0, 0, 0, 0, 0, 0, 0, 0, 0, 0, 0, 0, 0, 0, 0, 0, 0, 0, 0, 0, 0, 0, 0, 0, 0, 0, 0, 0, 0, 0, 0, 0, 0, 0, 0, 0, 0, 0, 0, 0, 0, 0, 0, 0, 0, 0, 0, 0, 0, 0, 0, 0, 0, 0, 0, 0, 0, 0, 0, 0, 0, 0, 0, 0, 0, 0, 0, 0, 0, 0, 0, 0, 0, 0, 0, 0, 
target_str: 10, 13, 15, 17, 21, 29, 49, 73, 83, 70, 49, 35, 25, 16, 9, 4, 0, -2, -5, -7, -7, 0, 11, 28, 49
mse: 0.904363864713123
----------------------
pred_str: 36, 29, 24, 15, 13, 13, 13, 16, 27, 48, 69, 70, 65, 55, 38, 27, 12, 0, -14, -25, -35, -39, -45, -52, -62, -59, -45, -32, -16, 6
target_str: 22, 3, -16, -30, -38, -43, -51, -62, -73, -65, -48, -37, -18, 19, 60, 56, 42, 34, 17, 13, 15, 14, 11, 12, 25
mse: 1.2657365060593184
----------------------
pred_str: -42, -24, -9, -2, 8, 17, 26, 33, 37, 36, 30, 20, 9, 0, -13, -27, -41, -53, -61, -65, -62, -53, -39, -21, 0, 10, 16, 15, 0, -15, -33, -48, -60, -65, -66, -62, -51, -26, -11, -1, 12, 22, 30, 35, 36, 30, 20, 12, 10, 0, -15, -32, -49, -63, -74, -81, -83, -78, -64
target_str: -44, -30, -15, 0, 16, 31, 45, 56, 63, 65, 60, 50, 35, 17, -5, -35, -67, -89, -97, -91, -77, -60, -41, -23, -8
mse: 2707.676375436042
----------------------
