pred_str: 0, -21, -52, -73, -90, -79, -59, -47, -43, -40, -27, -14, -3, 8, 20, 22, 18, 13, 7, 1, -4, -17, -33, -53, -74, -90, -73, -54, -41, -33, -24, -18, -11, -6, -1, 9, 20, 22, 18, 12, 6, 0, -5, -20, -39, -60, -86, -81, -62, -46, -42, -39, -26, -15, -10, -20, -32, -47, -64, -75, -53, -36, -27, -23, -16, -8, -1
target_str: -22, -42, -67, -104, -94, -65, -52, -45, -37, -23, -13, -4, 3, 5, 1, 1, -2, -6, -7, -24, -51, -69, -98, -82, -51
mse: 0.23552554401254217
----------------------
pred_str: 73, 73, 72, 73, 75, 76, 76, 77, 78, 80, 81, 80, 79, 79, 80, 80, 80, 80, 79, 79, 78, 79, 78, 78, 79, 80, 81, 81, 80, 79, 79
target_str: 74, 74, 80, 89, 93, 88, 82, 78, 76, 80, 80, 76, 73, 74, 75, 77, 77, 77, 77, 73, 71, 72, 75, 75, 76
mse: 0.005116219816806446
----------------------
pred_str: 18, 20, 21, 22, 22, 21, 20, 18, 14, 11, 9, 5, 0, -5, -14, -21, -25, -27, -27, -26, -24, -20, -17, -14, -9, -12, -18, -31, 56, 99, 98, 71, 43, 30, 22, 22, 24, 26, 28, 30, 29, 27, 25, 21, 18, 12, 7, 2, -3, -13, -20, -22, -20, -16, -11, -6, -2, 3, 15, 40, 68, 98, 92
target_str: 19, 17, 17, 15, 12, 9, 6, 6, 5, 5, 7, 14, 29, 56, 91, 87, 60, 44, 35, 28, 21, 14, 6, -2, -11
mse: 3.3166393950217086
----------------------
pred_str: 51, 42, 34, 24, 17, 13, 10, 8, 7, 6, 6, 7, 10, 18, 29, 44, 56, 65, 65, 60, 52, 44, 36, 28, 21, 14, 9, 6, 3, 0, 0, -1, -4, -7, -12, -19, -28, -36, -44, -50, -56, -61, -61, -57, -52, -44, -34, -26, -17, -9, -10, -8, -11, -14, -20, -26, -32, -35, -38, -40, -42, -44, -45, -46, -46, -47, -49, -50, -51, -52, -54, -55
target_str: 34, 9, -15, -36, -53, -57, -54, -43, -29, -15, -1, 13, 29, 42, 57, 65, 67, 65, 54, 40, 19, -5, -31, -58, -78
mse: 1091.6167033019806
----------------------
pred_str: -1, 0, 0, 0, 0, 0, 0, 0, 0, 0, 0, 0, 0, 0, 0, 0, 0, 0, 0, 0, 0, 0, 0, 0, 0, 0, 0, 0, 0, 0, 0, 0, 0, 0, 0, 0, 0, 0, 0, 0, 0, 0, 0, 0, 0, 0, 0, 0, 0, 0, 0, 0, 0, 0, 0, 0, 0, 0, 0, 0, 0, 0, 0, 0, 0, 0, 0, 0, 0, 0, 0, 0, 0, 0, 0, 0, 0, 0, 0, 0
target_str: 5, 24, 41, 54, 61, 67, 64, 45, 19, -9, -33, -48, -51, -48, -44, -44, -48, -50, -40, -19, 8, 34, 44, 35, 8
mse: 2715.900261760905
----------------------
pred_str: 41, 32, 21, 11, 1, -10, -21, -30, -33, -32, -28, -21, -11, 1, 10, 14, 13, 10, 7, 3, -1, -5, -10, -15, -15, -12, -7, -4, 0, 7, 12, 14, 14, 10, 4, -10, -26, -38, -45, -45, -37, -21, -1, 14, 27, 37, 37, 29, 15, 1, -10, -19, -26, -28, -27, -22, -15, -7, 1, 11, 16, 16, 14, 9, 3, -11, -23, -30, -35, -35, -29, -17, -1, 10, 18, 22, 22, 18
target_str: 38, 29, 20, 13, 4, -3, -12, -19, -24, -25, -19, -7, 7, 23, 34, 42, 45, 45, 43, 39, 32, 23, 9, -7, -29
mse: 976.0340143255165
----------------------
pred_str: -32, -28, -24, -16, -8, 12, 30, 42, 48, 43, 28, 8, -3, -14, -24, -29, -31, -27, -21, -11, 0, 13, 27, 37, 35, 25, 5, -11, -25, -32, -36, -40, -43, -46, -49, -51, -54, -57, -59, -60, -61, -62, -63, -64, -65, -66, -67, -68, -69, -70, -71, -72, -73, -74, -75, -76, -77, -78, -79, -80, -81, -82, -83, -84, -85, -86, -87
target_str: -31, -30, -29, -20, -4, 17, 36, 47, 52, 51, 47, 38, 25, 7, -11, -24, -33, -36, -34, -31, -29, -28, -29, -29, -28
mse: 1452.7637552161302
----------------------
pred_str: 25, 24, 22, 23, 23, 22, 23, 24, 24, 25, 26, 26, 25, 26, 26, 26, 26, 25, 24, 23, 23, 24, 23, 22, 21, 20, 20, 20, 20, 20, 20, 20, 20, 20, 20, 20
target_str: 19, 17, 17, 20, 23, 31, 36, 42, 46, 51, 58, 61, 51, 30, 3, -17, -24, -21, -11, -1, 7, 11, 7, 1, -6
mse: 701.7536167108653
----------------------
pred_str: -52, -50, -53, -55, -58, -61, -64, -68, -72, -74, -71, -68, -57, -37, -10, 17, 23, 23, 20, 21, 22, 27, 35, 41, 46, 49, 56, 60, 60, 55, 55, 53, 51, 48, 41, 25, 0, -15, -30, -40, -47, -51, -55, -56, -57, -55, -52, -52, -44, -27, -16, -6, 11, 15, 18
target_str: -47, -55, -61, -69, -74, -79, -87, -91, -92, -87, -60, -37, -13, 5, 3, 4, 6, 17, 31, 38, 42, 43, 45, 48, 51
mse: 0.010803988859634269
----------------------
pred_str: 82, 100, 117, 130, 139, 137, 126, 109, 89, 66, 42, 16, -5, -20, -31, -38, -41, -40, -35, -29, -20, -10, -1, 6, 17, 33, 50, 68, 83, 87, 79, 66, 50, 27, 3, -16, -35, -51, -60, -67, -66, -57, -43, -26, -8, 7, 22, 42, 61, 79, 91, 90, 79, 61, 36, 12, -5, -25, -42, -52, -58, -62, -60, -57
target_str: 79, 91, 93, 83, 64, 40, 15, -6, -24, -38, -49, -56, -58, -54, -49, -41, -33, -25, -16, -7, 6, 29, 61, 94, 118
mse: 10509.440900369755
----------------------
pred_str: 17, 9, 6, 5, 5, 6, 8, 13, 26, 49, 75, 92, 72, 45, 31, 20, 14, 12, 10, 10, 11, 13, 17, 27, 45, 68, 86, 78, 51, 31, 20, 13, 11, 10, 10, 10, 11, 14, 20, 38, 64, 88, 86, 61, 38, 24, 16
target_str: 15, 10, 7, 5, 2, 0, -3, -4, -3, 0, 9, 25, 45, 68, 83, 74, 56, 39, 27, 19, 14, 11, 9, 9, 11
mse: 1.1220229979246072
----------------------
pred_str: -18, -21, -19, -12, -2, 9, 20, 32, 38, 42, 44, 42, 40, 37, 31, 25, 15, 1, -8, -24, -36, -41, -37, -26, -11, 11, 25, 43, 57, 60, 60, 54, 45, 33, 17, 0, -14, -30, -42, -53, -57, -51, -36, -13, 11, 28, 43, 53, 59, 60, 56, 47, 33, 15, 0, -12, -28, -39, -46, -46, -37, -18, 7, 20, 28, 31, 29, 26, 21, 14, 6, 0, -8, -22
target_str: -42, -53, -62, -57, -39, -12, 21, 51, 73, 85, 90, 89, 88, 83, 66, 39, 6, -28, -62, -92, -109, -104, -80, -39, 7
mse: 1689.871892712155
----------------------
pred_str: -56, -55, -49, -43, -37, -29, -27, -24, -18, -13, -10, -10, -10, -15, -17, -21, -24, -25, -27, -28, -28, -30, -30, -34, -38, -46, -58, -70, -70, -60, -52, -44, -43, -48
target_str: -56, -55, -48, -41, -39, -34, -37, 1, 74, 39, 21, 19, 2, 6, 17, 23, 30, 36, 38, 46, 58, 69, 81, 84, 74
mse: 0.9575554506916886
----------------------
pred_str: 91, 61, 43, 27, 16, 7, 0, -5, -10, -15, -16, -15, -11, -4, 8, 29, 63, 92, 97, 82, 62, 48, 39, 32, 27, 22, 17, 14, 11, 12, 10, 10, 14, 22, 37, 56, 74
target_str: 68, 55, 48, 37, 24, 13, 5, 0, -7, -14, -18, -19, -16, -7, 3, 16, 39, 71, 92, 84, 69, 58, 46, 34, 23
mse: 0.06089029823318806
----------------------
pred_str: 10, 11, 11, 12, 12, 11, 10, 10, 11, 13, 16, 19, 21, 23, 24, 22, 21, 19, 18, 17, 15, 13, 11, 12, 14, 19, 24, 29, 33, 36, 36, 34, 30, 22, 12, 0, -4, -5, -4, -2, -1, 0, 1, 2, 2, 2, 1, 0, -1, -1, -2, -2, -2, -2, -2, -2, -2, -2, -2, -2, -2, -2, -2, -2, -3, -4, -4, -5, -5, -5, -4, -4, -3, -3, -3, -2, -2, -2, -2, -1
target_str: 8, 6, 7, 7, 5, 1, -5, -5, -2, 0, 5, 13, 20, 23, 30, 37, 43, 49, 56, 66, 69, 72, 73, 75, 73
mse: 0.021120459123628005
----------------------
pred_str: 43, 46, 49, 51, 50, 45, 37, 29, 22, 18, 19, 25, 34, 45, 54, 61, 67, 70, 70, 64, 52, 41, 33, 26, 21, 22, 26, 32, 39, 44, 48, 51, 50, 47, 43, 41, 40, 39, 39, 39, 40, 41, 42, 41, 40, 38, 38, 39, 40, 41, 41, 39, 37, 36, 36, 37, 39, 43, 49, 57, 65, 71, 74, 72, 64, 52, 41, 31, 22, 16
target_str: 41, 42, 46, 50, 58, 70, 73, 74, 75, 72, 67, 57, 42, 28, 20, 15, 12, 12, 13, 17, 23, 34, 46, 57, 65
mse: 0.05904929245921869
----------------------
pred_str: 11, 20, 34, 47, 56, 62, 64, 57, 46, 31, 13, -1, -7, -11, -12, -12, -10, -9, -10, -11, -13, -17, -21, -25, -27, -25, -20, -15, -10, -6, -1, 12, 29, 52, 71, 88, 97, 90, 76, 59, 38, 15, -2, -12, -18, -19, -21, -20, -19, -18, -18, -18, -20, -23, -27, -30, -29, -22, -13, -2, 10, 21, 35, 45, 47, 40, 29
target_str: 26, 37, 44, 41, 35, 21, 7, -8, -20, -31, -40, -45, -44, -40, -29, -15, 0, 12, 20, 27, 36, 44, 50, 51, 45
mse: 1447.5903296278254
----------------------
pred_str: -21, -1, 16, 29, 39, 40, 30, 11, -3, -16, -25, -30, -38, -56, -79, -89, -84, -66, -37, -10, 15, 35, 50, 54, 43, 22, 1, -13, -25, -28, -31, -38, -57, -78, -78, -65, -37, -11, 10, 23, 31, 31, 22, 7, -6, -18, -25, -25
target_str: -11, 18, 43, 63, 75, 77, 57, 39, 38, 23, -8, -40, -69, -92, -102, -98, -82, -55, -23, 6, 30, 42, 45, 39, 26
mse: 5696.276226781841
----------------------
pred_str: -57, -52, -46, -44, -37, -31, -26, -20, -17, -14, -10, -11, -23, -42, -61, -78, -86, -83, -69, -54, -37, -20, -13, -6, -2, -1, 0, 1, 1, 0, -2, -9, -15, -19, -24, -27, -26, -22, -22
target_str: -72, -57, -30, -27, -13, -1, 6, 11, 17, 24, 28, 28, 23, 21, 10, -9, -35, -82, -101, -104, -101, -91, -72, -47, -28
mse: 0.4320032635442533
----------------------
pred_str: -60, -46, -33, -20, -14, -6, -2, -2, 2, 12, 19, 27, 37, 45, 52, 61, 68, 76, 85, 89, 88, 83, 76, 67, 56, 42, 22, 0, -11, -23, -35, -49, -65, -79, -84, -81, -73, -61, -41, -12, 0, 11, 17, 25, 34, 43, 53, 60, 69, 79, 89, 98, 108, 115, 115, 108
target_str: -57, -42, -20, -2, 4, 6, 2, 3, 13, 28, 38, 46, 52, 53, 49, 50, 55, 58, 56, 57, 61, 53, 43, 26, 8
mse: 0.0700702324335845
----------------------
pred_str: -14, -31, -49, -64, -74, -82, -89, -92, -93, -91, -81, -64, -40, -16, 14, 50, 79, 89, 86, 68, 46, 18, -2, -21, -30, -38
target_str: -24, -36, -40, -39, -32, -23, -15, -12, -12, -13, -16, -28, -33, -47, -59, -70, -74, -77, -74, -64, -43, -14, 21, 59, 88
mse: 1121.7401257744632
----------------------
pred_str: -47, -48, -46, -39, -23, 0, 41, 86, 95, 94, 92, 92, 91, 89, 80, 72, 66, 61, 61, 65, 71, 78, 85, 84, 88, 90, 87, 78, 63, 46, 40, 39, 32, 20, -3, -26, -43, -49, -53, -46, -34, -15, 27, 81, 93, 92, 90, 88, 85, 81, 81, 80, 78, 71, 63, 61, 61, 63, 70, 78, 85, 83, 82
target_str: -45, -38, -25, -6, 7, 55, 94, 96, 96, 90, 91, 87, 80, 74, 70, 69, 66, 61, 58, 59, 66, 76, 81, 90, 92
mse: 0.015876423851004982
----------------------
pred_str: -41, -19, 10, 52, 80, 92, 95, 89, 73, 51, 26, 0, -15, -31, -43, -54, -60, -65, -69, -74, -70, -55, -30, -6, 26, 62, 84, 92, 87, 71, 44, 15, -15, -37, -54, -64, -72, -77, -78, -69, -51, -23, 16, 54, 77, 87, 88, 80, 65, 43, 14, -11, -32, -48, -62, -72, -79, -83, -80, -63, -28, 12, 52, 78, 89, 87, 75
target_str: -44, -39, -28, -6, 24, 58, 85, 99, 100, 88, 69, 44, 17, -7, -30, -47, -59, -66, -67, -67, -61, -54, -36, -6, 28
mse: 605.801532617777
----------------------
pred_str: -7, -7, -6, -4, -1, 0, 3, 9, 12, 10, 4, -1, -7, -10, -10, -8, -7, -5, -3, -1, 0, 4, 9, 12, 12, 8, 5, 2, 0, -1, -3, -3, -3, -2, -2, -3, -3, -3, -3, -2, -2, -2, -2, -2, -3, -3, -3, -4, -5, -5, -5, -6, -6, -6, -7, -8, -8, -9, -10, -10, -10, -9, -9, -10, -11, -11, -11, -11, -11, -10, -9, -10, -10, -10, -9, -9, -9, -9, -9, -10, -10, -9, -9, -10, -10, -10, -9
target_str: -6, -3, 0, 1, 1, -1, -5, -10, -15, -21, -28, -34, -40, -41, -40, -35, -29, -24, -18, -16, -14, -10, -2, 9, 22
mse: 331.12351729202516
----------------------
pred_str: -52, -54, -53, -49, -41, -31, -21, -11, -4, 7, 25, 44, 58, 62, 57, 48, 32, 14, -1, -19, -35, -46, -53, -57, -59, -62, -57, -45, -28, -13, -1, 13, 36, 57, 69, 74, 71, 60, 43, 25, 10, -3, -13, -24, -32, -39, -45, -53, -59, -62, -60, -58, -49, -33, -15, 0, 15, 36
target_str: -52, -53, -51, -51, -51, -50, -51, -45, -29, -10, 7, 21, 23, 17, 4, -13, -30, -47, -57, -63, -64, -62, -53, -43, -33
mse: 867.7767998991684
----------------------
pred_str: -54, -64, -66, -61, -53, -39, -17, 1, 26, 44, 52, 53, 47, 35, 21, 7, -14, -27, -37, -38, -31, -11, 9, 30, 44, 52, 52, 44, 31, 16, 0, -15, -24, -28
target_str: -54, -67, -77, -79, -73, -67, -53, -30, 3, 41, 79, 111, 129, 133, 125, 108, 92, 76, 58, 33, 0, -32, -66, -93, -104
mse: 3894.6539068890015
----------------------
pred_str: 0, -24, -21, -22, -27, -36, -46, -56, -64, -72, -75, -70, -66, -61, -57, -46, -33, -21, -12, -5, 16, 35, 41, 38, 29, 16, 4, -12, -25, -30, -38, -44, -52, -55, -51, -42, -32, -27, -20, -20, -15, -12, -11, -11, -10, -10, -8, -10, -10, -10, -10, -10, -10, -10, -10, -10, -10, -10, -10, -10, -10, -10, -10, -10, -10, -10, -10, -10, -10, -10, -10, -10, -10
target_str: -26, -44, -64, -80, -85, -68, -60, -54, -43, -40, -19, 15, 30, 17, 11, 10, 4, 1, -13, -37, -48, -59, -73, -70, -57
mse: 0.6019056312964427
----------------------
pred_str: 34, 45, 39, 38, 49, 58, 57, 48, 40, 32, 26, 23, 19, 17, 17, 15, 20, 53, 82, 90, 88, 76, 60, 39, 15, -10, -28, -37, -35, -26, -16, -8, -3, 23, 37, 34, 38, 52, 58, 54, 45, 38, 31, 26, 22, 18, 16, 16, 13, 20, 50, 80, 92, 90, 77, 61, 44, 22, 3, -16, -28, -32
target_str: 49, 52, 42, 39, 48, 56, 54, 46, 39, 34, 28, 23, 20, 16, 12, 10, 17, 44, 78, 92, 98, 87, 76, 57, 37
mse: 0.01749827756400863
----------------------
pred_str: 24, 17, 10, 6, 4, 3, 3, 4, 11, 25, 51, 82, 93, 73, 49, 32, 21, 14, 10, 7, 5, 2, 0, 0, 0, 0, 1, 6, 12, 22, 39, 60, 73, 71, 55, 38, 26, 18, 13, 9, 8, 6, 4, 2, 0, 0, 0, 0, 0, 0, 0, 0, 0, 0, 0, 0, 0, 0, 0, 0, 0, 0, 0, 0, 0, 0, 0, 0, 0, 0, 0, 0, 0, 0, 0, 0, 0, 0, 0, 0, 0, 0, 0, 0, 0, 0, 0, 0, 0, 0, 0, 0, 0, 0, 0, 0, 0, 0, 0, 0, 0, 0, 0, 0, 0, 0, 0, 0, 0, 0, 0, 0, 0, 0, 0, 0, 0, 0, 0, 0, 0, 0, 0, 0, 0, 0, 0, 0, 0, 0, 0, 0, 0, 0, 0, 0, 0, 0, 0, 0, 0, 0, 0, 0, 0, 0, 0, 0, 0, 0, 0, 0, 0, 0, 0, 0, 0, 0, 0, 0, 0, 0, 0
target_str: 19, 14, 8, 3, 0, -3, -4, -3, -1, 1, 13, 34, 55, 69, 75, 73, 58, 37, 20, 9, 3, 1, 0, 1, 2
mse: 0.5237989174157963
----------------------
pred_str: 68, 65, 60, 58, 51, 46, 36, 16, -1, -32, -56, -65, -71, -69, -64, -56, -45, -28, -10, 13, 43, 60, 61, 60, 57, 56, 54, 53, 57, 65, 74
target_str: 55, 60, 51, 28, 10, -12, -31, -46, -56, -60, -62, -64, -65, -58, -45, -32, -15, 17, 45, 63, 60, 54, 53, 50, 50
mse: 0.20061809448195947
----------------------
pred_str: -43, -41, -44, -50, -63, -81, -86, -80, -72, -68, -58, -54, -47, -42, -41, -37, -42, -53, -76, -105, -93, -63, -54, -37, -21, 18, 84, 12, -1, 20, 31, 27, 19, 20, 19, 28, 39, 41, 37, 46, 67, 82, 84, 62, 46
target_str: -51, -57, -57, -60, -74, -69, 6, 76, 15, -2, 23, 30, 18, 13, 23, 40, 47, 45, 43, 55, 85, 104, 87, 52, 45
mse: 0.9468708044454927
----------------------
pred_str: -30, -28, -27, -24, -19, -15, -11, -7, -6, -5, -5, -6, -9, -13, -17, -18, -18, -18, -16, -11, -3, 16, 66, 61, 47, 51, 42, 37, 34, 33, 33, 31, 30, 31, 32, 33, 35, 37, 41, 44, 55, 75, 97, 99, 95, 87, 79, 71, 64, 56, 44, 29, 10, -5, -14, -22, -29, -34, -34, -31, -25, -16
target_str: -31, -34, -34, -30, -25, -22, -21, -13, 20, 67, 46, 40, 42, 28, 24, 23, 25, 28, 30, 29, 28, 29, 32, 36, 45
mse: 0.192843487063857
----------------------
pred_str: 46, 48, 40, 30, 22, 15, 11, 10, 18, 30, 39, 44, 30, 15, -1, -27, -36, -45, -52, -56, -53, -50, -40, -33, -19, -3, 14, 31, 24, 15, 11, 15, 27, 36, 34, 23, 10, -1, -23, -36, -43, -49, -51, -50, -46, -41, -34, -10, -20, -22, -35, -46, -50, -50, -45, -36, -22, -12, -13, -39, -54
target_str: 46, 38, 16, -47, -38, -8, -35, -32, -34, -37, -37, -40, -51, -61, -68, -70, -63, -50, -41, -24, -46, -32, 18, 28, 24
mse: 0.2106041212962414
----------------------
pred_str: 4, -10, -27, -40, -51, -56, -58, -59, -57, -52, -46, -38, -28, -12, 10, 39, 66, 87, 97, 95, 84, 67, 46, 22, 4, -13, -29, -43, -52, -56, -57, -56, -52, -45, -36, -18, 10, 39, 60, 73, 80, 78, 66, 50, 29, 10, -11, -29, -42, -49, -53, -53, -52, -50, -46, -38, -24, -13, 9, 38, 64, 81, 87
target_str: -3, -20, -32, -42, -48, -49, -44, -34, -23, -10, 2, 17, 33, 47, 56, 58, 51, 39, 24, 6, -8, -22, -31, -34, -34
mse: 3367.0262361936607
----------------------
pred_str: 0, 0, 0, 0, 0, 0, 0, 0, 0, 0, 0, 0, 0, 0, 0, 0, 0, 0, 0, 0, 0, 0, 0, 0, 0, 0, 0, 0, 0, 0, 0, 0, 0, 0, 0, 0, 0, 0, 0, 0, 0, 0, 0, 0, 0, 0, 0, 0, 0, 0, 0, 0, 0, 0, 0, 0, 0, 0, 0, 0, 0, 0, 0, 0, 0, 0, 0, 0, 0, 0, 0, 0, 0, 0, 0, 0, 0, 0, 0, 0, 0, 0, 0, 0, 0, 0, 0, 0, 0, 0, 0, 0, 0, 0, 0, 0, 0, 0, 0, 0, 0, 0, 0, 0, 0, 0, 0, 0, 0, 0, 0, 0, 0, 0, 0, 0, 0, 0, 0, 0, 0, 0, 0, 0, 0, 0, 0, 0, 0, 0, 0, 0, 0, 0, 0, 0, 0, 0, 0, 0, 0, 0, 0, 0, 0, 0, 0, 0, 0, 0, 0, 0, 0, 0, 0, 0, 0, 0, 0, 0, 0, 0, 0, 0, 0, 0, 0, 0, 0, 0, 0,
target_str: 9, 3, 2, 4, 5, 5, 5, 6, 8, 12, 20, 42, 83, 99, 82, 52, 27, 12, 3, -3, -10, -15, -17, -15, -10
mse: 2.0235148624305523
----------------------
pred_str: -67, -62, -64, -70, -79, -83, -83, -84, -85, -86, -87, -88, -87, -88, -90, -94, -98, -98, -98, -99, -99, -99, -100, -99, -98, -98, -98, -100, -101, -99, -99, -101, -99, -99, -101, -102, -103, -104, -105, -105, -105, -105, -105, -105, -105, -105, -105, -105, -106, -108, -110, -112, -115, -119, -122, -124
target_str: -67, -69, -86, -45, 4, 13, 18, 8, 0, 6, 23, 30, 33, 41, 48, 50, 56, 63, 70, 64, 62, 68, 44, 31, 4
mse: 2.368725055627595
----------------------
pred_str: 11, 13, 10, 2, -4, -11, -17, -21, -21, -16, -7, 10, 39, 71, 89, 68, 43, 27, 16, 11, 9, 8, 9, 10, 11, 11, 10, 11, 10, 11, 10, 10, 11, 11, 10, 9, 10, 9, 9, 10, 9, 10, 10, 10, 10, 10, 10, 11, 10, 10, 10, 10, 10, 10, 9, 9, 10, 10
target_str: 5, 3, 2, 10, 31, 73, 101, 83, 46, 22, 10, 2, -1, -4, -7, -11, -14, -15, -11, -3, 17, 54, 81, 78, 50
mse: 5.248573896679869
----------------------
pred_str: 13, 10, 10, 11, 13, 16, 17, 17, 15, 12, 10, 10, 13, 24, 44, 61, 71, 75, 77, 79, 77, 66, 52, 28, 0, -26, -46, -57, -64, -67, -67, -59, -49, -32, -13, 55, 82, 61, 58, 42, 29, 21, 16, 14, 12, 11, 12, 23, 41, 58, 67, 70, 72, 71, 66, 52, 35, 18, 0, -25, -44, -59, -67, -68, -63
target_str: 14, 15, 25, 45, 64, 80, 78, 79, 83, 80, 66, 54, 35, 12, -10, -33, -52, -62, -65, -73, -81, -78, -65, -51, -42
mse: 1.5298787400771334
----------------------
pred_str: -10, -7, 0, 10, 26, 50, 66, 68, 56, 41, 29, 23, 18, 15, 12, 10, 8, 9, 13, 25, 52, 87, 99, 78, 41, 22, 14, 8, 4, -1, -6, -9, -12, -12, -8, -4, 2, 17, 39, 61, 61, 51, 36
target_str: -17, -15, -10, -4, 1, 9, 23, 46, 68, 73, 63, 48, 35, 26, 18, 14, 10, 7, 7, 4, 1, 0, 7, 23, 52
mse: 2.0342175037326653
----------------------
pred_str: -30, -32, -30, -24, -14, -1, 11, 22, 30, 33, 32, 29, 25, 21, 16, 11, 6, 2, 0, 4, 13, 21, 24, 24, 22, 18, 13, 7, 0, -5, -12, -18, -24, -29, -33, -36, -37, -36, -33, -30, -25, -16, -3, 15, 27, 36, 40, 40, 37, 32, 26, 19, 13, 7, 2, -2, -9, -15, -22, -28, -33, -36, -37, -36, -35, -33, -30, -25, -13, 0, 13, 22, 30, 33, 32, 29, 25
target_str: -29, -29, -29, -26, -24, -21, -16, -7, 2, 12, 18, 20, 19, 14, 7, 0, -8, -16, -22, -27, -32, -37, -40, -40, -38
mse: 4604.9278908897695
----------------------
pred_str: 10, 4, -1, -4, -6, -5, -2, 0, 8, 17, 30, 45, 62, 74, 70, 53, 39, 28, 21, 15, 11, 7, 3, 0, 0, 0, 1, 6, 15, 32, 56, 85, 95, 78, 54, 35, 24, 17, 12, 9, 8, 5, 2, 0, 0, -2, -7, -10
target_str: 6, 0, -5, -8, -8, -6, -2, 3, 11, 24, 45, 63, 73, 67, 56, 44, 32, 23, 17, 13, 9, 6, 3, 1, 0
mse: 0.06234029800788252
----------------------
pred_str: -46, -60, -98, -70, 61, 64, 18, 27, 25, 12, 10, 21, 24, 30, 35, 32, 31, 34, 38, 41, 42, 39, 39, 28, 29, 14, 10, 11, 12, 19, 16, 20, 23, 24, 26, 29, 30, 32, 34, 35, 36, 38, 43, 46, 52, 70, 90, 90
target_str: -70, -92, -51, 20, 42, 46, 48, 32, 12, 3, 16, 21, 18, 19, 22, 31, 58, 90, 88, 67, 52, 32, 11, 8, -12
mse: 0.07740759810793336
----------------------
pred_str: -20, -17, -14, -13, -17, -22, -26, -30, -32, -32, -28, -21, -10, 0, 10, 21, 34, 42, 45, 42, 33, 24, 15, 8, 4, -1, -5, -8, -12, -19, -23, -28
target_str: -8, 15, 40, 62, 75, 78, 75, 64, 52, 41, 29, 20, 13, 5, -1, -9, -20, -31, -38, -44, -46, -46, -47, -44, -38
mse: 1327.378355013603
----------------------
pred_str: 0, -12, -21, -24, -19, -12, -1, 1, 7, 13, 16, 20, 29, 40, 50, 57, 58, 49, 37, 23, 6, -1, -10, -16, -18, -16, -10, -5, 0, 6, 14, 23, 33, 44, 54, 61, 58, 42, 23, 0, -12, -21, -28, -29, -20, -9, -2, 5, 13, 21, 28, 36, 44, 50, 45, 34, 22, 8, -1, -15, -20, -17, -11, -4, 2, 12, 22, 33, 45, 56, 62, 59, 47, 32, 15, 2
target_str: 13, 33, 42, 40, 28, 15, 4, -3, -10, -11, -9, -7, -5, -3, -1, 2, 6, 15, 30, 49, 63, 69, 65, 56, 43
mse: 3941.8035779499482
----------------------
pred_str: 23, 26, 35, 44, 42, 34, 32, 35, 45, 53, 53, 41, 12, -45, -58, -30, -18, -29, -43, -53, -60, -68, -70, -70, -62, -51, -37, -29, -40, -81, -39, 30, 54, 45, 10, -25, -42, -34, -35, -39, -48, -58, -65, -73, -77, -79, -80, -80, -74, -61, -33, -21, -10, -24, -17, -27, -26, -22, -12, -21, -20, -16
target_str: 23, 36, 65, 76, 68, 45, 27, 13, -47, -57, -43, -75, -76, -78, -66, -61, -64, -72, -85, -94, -100, -94, -74, -51, -36
mse: 0.12708837916930815
----------------------
pred_str: -23, -19, -12, -12, -11, -10, -11, -12, -13, -14, -14, -14, -14, -15, -17, -21, -28, -36, -37, -36, -33, -36, -35, -33, -31, -32, -32, -32, -33, -34, -34, -34, -35, -35, -35, -35, -35, -36, -37, -39, -42, -49, -58, -57, -55, -53, -53, -53, -53, -53, -54, -55, -56, -56, -57, -57, -58, -59, -60, -60, -59, -59, -59, -60, -60, -60
target_str: -20, -21, -28, -41, -50, -59, -70, -77, -78, -75, -73, -66, -64, -71, -79, -84, -75, -50, -28, -24, -19, -13, -15, -26, -33
mse: 0.032982685894996935
----------------------
pred_str: -1, -20, -39, -49, -55, -49, -48, -43, -37, -28, -19, -11, -3, 2, 7, 8, 8, 5, 0, -13, -23, -32, -37, -36, -39, -53, -52, -47, -40, -31, -26, -32, -45, -57, -66, -73, -73, -66, -55, -43, -32, -26, -25, -29, -37, -47, -58, -67, -74, -75, -64, -46, -30, -21, -18, -15, -16, -26, -35, -40, -42, -41, -43, -49
target_str: -24, -39, -61, -79, -86, -85, -75, -59, -41, -27, -14, -7, -3, -2, -7, -14, -32, -51, -69, -67, -51, -50, -48, -30, -25
mse: 0.013514246223698954
----------------------
pred_str: 9, 11, 12, 13, 14, 14, 13, 10, 7, 3, 0, -1, -4, -5, -7, -10, -13, -16, -21, -27, -33, -40, -42, -39, -33, -25, -17, -8, 0, 17, 38, 65, 90, 93, 67, 41, 26, 16, 10, 8, 9, 11, 14, 20, 33, 54, 80, 88, 71, 45, 29, 16, 8, 3, 1, 0, 0, 0, -1, -3, -6, -8, -11, -12, -13, -15, -18
target_str: 10, 13, 15, 17, 21, 29, 49, 73, 83, 70, 49, 35, 25, 16, 9, 4, 0, -2, -5, -7, -7, 0, 11, 28, 49
mse: 1.4630597633581193
----------------------
pred_str: 32, 11, 0, -18, -37, -54, -65, -74, -83, -90, -91, -88, -74, -54, -43, -26, 0, 90, 74, 68, 45, 25, 16, 13, 11, 11, 18, 35, 57, 68, 67, 67, 61
target_str: 22, 3, -16, -30, -38, -43, -51, -62, -73, -65, -48, -37, -18, 19, 60, 56, 42, 34, 17, 13, 15, 14, 11, 12, 25
mse: 0.5490024867984091
----------------------
pred_str: -46, -29, -12, -2, 5, 15, 27, 38, 45, 43, 33, 17, 3, -12, -26, -41, -54, -64, -70, -66, -54, -39, -21, -6, 1, 12, 22, 28, 32, 32, 27, 17, 5, -11, -28, -45, -61, -73, -80, -81, -76, -63, -46, -28, -11, -7, -2, -13, -25, -41, -57, -72, -85, -94, -103, -97, -84, -66
target_str: -44, -30, -15, 0, 16, 31, 45, 56, 63, 65, 60, 50, 35, 17, -5, -35, -67, -89, -97, -91, -77, -60, -41, -23, -8
mse: 2699.2234078994343
----------------------
