max value: 0.5059274783669776
pred_str: -20, -36, -29, -26, -19, -23, -16, -16, -14, -13
target_str: -10, -8, 3, -1, 0, -16, -10, -22, 50, 25
mse: 0.021897601573527055
mae: 0.11889295741623973
rsme: 0.1479783821155207
----------------------
max value: 0.374644169405007
pred_str: -13, -15, -15, -16, -14, -14, -15, -16, -16, -16
target_str: 72, -92, -16, -7, 1, 4, 8, 10, 22, 39
mse: 0.02731231258148332
mae: 0.13000152678353744
rsme: 0.16526437178497766
----------------------
max value: 0.26328929729390066
pred_str: -16, -21, -24, -19, -18, -19, -23, -19, -20, -20
target_str: 91, 94, 71, 22, -10, -12, -33, -25, -29, -17
mse: 0.02476085874109042
mae: 0.10557900821485419
rsme: 0.1573558347856552
----------------------
max value: 0.2696186761236342
pred_str: -17, -16, -15, -13, -11, -10, -10, -11, -12, -13
target_str: -16, -1, 11, 13, -23, -2, -47, 62, 55, -68
mse: 0.011629622997735489
mae: 0.08627797635956294
rsme: 0.10784072977189782
----------------------
max value: 0.48549672876854877
pred_str: -7, -10, -10, -11, -10, -10, -8, -7, -6, -5
target_str: -1, 0, 4, -17, 0, -29, 47, 76, -41, -8
mse: 0.028230636210457082
mae: 0.11700471163322027
rsme: 0.1680197494655229
----------------------
max value: 1.0306748524485334
pred_str: -11, -31, -29, -24, -13, -19, -18, -23, -25, -27
target_str: 34, 24, 7, -4, -10, -15, -17, -13, -15, -12
mse: 0.07645305818628195
mae: 0.20510429563725818
rsme: 0.2765014614541521
----------------------
max value: 0.9781542780785814
pred_str: -6, -5, -4, -3, -3, -2, -2, -2, -2, -2, -2
target_str: -5, -6, -5, -5, -1, 0, 4, 9, 10, 5
mse: 0.0034922681397905214
mae: 0.04401694251353616
rsme: 0.05909541555645854
----------------------
max value: 0.5076317676199769
pred_str: -15, -20, -16, -15, -16, -16, -16, -16, -16, -15
target_str: 30, 42, 45, 36, 10, -4, -7, -11, -14, -8
mse: 0.03393777451415256
mae: 0.14213689493359355
rsme: 0.18422207933402707
----------------------
max value: 0.24583677141229052
pred_str: -16, -19, -15, -16, -15, -12, -20, -26, -24, -23
target_str: -14, 5, -6, 0, -13, 3, -15, 0, -14, -2
mse: 0.0014432049501006405
mae: 0.03195878028359776
rsme: 0.037989537376765206
----------------------
max value: 0.5461180099718109
pred_str: -4, -11, -11, -8, -11, -11, -12, -12, -11, -10
target_str: 9, 0, -8, -8, -11, -10, -9, -8, -8, -4
mse: 0.0011035060590176124
mae: 0.02402919243875968
rsme: 0.03321906168177561
----------------------
max value: 0.5703371606863332
pred_str: -4, -6, -7, -7, -9, -10, -10, -10, -11, -12
target_str: 0, -8, -9, -8, -6, -10, -10, -9, -8, -8
mse: 0.00019517068611584897
mae: 0.011406743213726665
rsme: 0.013970350250292545
----------------------
max value: 1.1852284490423035
pred_str: -13, -10, -8, -6, -5, -4, -3, -2, 0, 1
target_str: 0, 5, 10, 24, 37, 37, 26, 12, 3, 1
mse: 0.08581718404445042
mae: 0.24297183205367218
rsme: 0.2929457015292261
----------------------
max value: 0.3394267338185406
pred_str: -1, -1, -1, -1, -1, -1, -1, -1, -1, -1
target_str: 0, -1, 0, -3, -6, -6, -6, -9, -8, -3
mse: 0.00022811680510883043
mae: 0.012219362417467464
rsme: 0.0151035361789493
----------------------
max value: 0.4814011836150589
pred_str: -2, -11, -13, -15, -10, -10, -11, -12, -10, -11
target_str: 6, -2, -15, -13, -17, 5, 87, -12, -11, -12
mse: 0.023251186501461345
mae: 0.06884036925695343
rsme: 0.1524833974616953
----------------------
max value: 0.9329780208280937
pred_str: -4, 2, -1, -2, 0, -2, 1, -1, 2, -4
target_str: 12, 4, -1, -3, -5, -4, -3, -3, -5, -4
mse: 0.0031249082745804214
mae: 0.03638614281229565
rsme: 0.055900879014380636
----------------------
max value: 0.5827268928899484
pred_str: -14, -10, -16, -16, -12, -14, -10, -12, -10, -10
target_str: 3, -11, -2, -1, 2, 5, 13, 27, 35, 41
mse: 0.026975490982023453
mae: 0.13868900050780772
rsme: 0.16424217175263925
----------------------
max value: 0.3308537673821901
pred_str: -13, -11, -10, -10, -10, -9, -8, -7, -6, -6
target_str: -23, -41, -15, 70, -55, -26, -25, -18, -12, -13
mse: 0.011202567803113746
mae: 0.07543465896313933
rsme: 0.10584218347669205
----------------------
max value: 0.39385413861669377
pred_str: -7, 0, 3, 0, 0, 0, 0, 0, 0, 0
target_str: 3, 10, 23, 38, 55, 68, 67, 53, 23, 2
mse: 0.027183418498263445
mae: 0.13627353196137604
rsme: 0.16487394729994015
----------------------
max value: 1.0172737027256264
pred_str: -5, -1, -2, -1, -2, -3, -3, -4, -4, -4, -3
target_str: -3, -5, -4, -5, -5, -4, -6, -9, -9, -10
mse: 0.0015005263900728042
mae: 0.03560457959539693
rsme: 0.03873662853260212
----------------------
max value: 0.3648640357837354
pred_str: -15, -15, -15, -16, -15, -15, -15, -15, -16, -15
target_str: 0, -8, -1, 5, 17, 0, -12, -14, -9, -13
mse: 0.002959385747244619
mae: 0.04268909218669704
rsme: 0.0544002366469542
----------------------
max value: 0.25812287143869844
pred_str: -1, -1, -1, -1, -1, -1, -1, -1, -1, -1
target_str: 92, 55, 11, -11, -13, -21, -24, -10, -11, -12
mse: 0.008930738942478075
mae: 0.06607945508830679
rsme: 0.09450258696182912
----------------------
max value: 0.29350288319129203
pred_str: -14, -22, -25, -22, -17, -20, -24, -24, -19, -26
target_str: -2, 3, 3, -1, -11, 1, -19, 27, 99, -66
mse: 0.017763742370882588
mae: 0.0959754428035525
rsme: 0.1332806901650895
----------------------
max value: 0.5038998767895255
pred_str: -12, -16, -10, -6, -1, 0, -3, -11, 2, -9
target_str: -1, -13, -3, 5, 0, -17, -5, -8, 19, -60
mse: 0.008869253947989472
mae: 0.06197968484511165
rsme: 0.09417671659167924
----------------------
max value: 0.7263826898248835
pred_str: -1, -1, -1, -1, 0, 0, 0, 0, 0, 0
target_str: -11, -8, -5, -1, 6, 13, 23, 32, 31, 18
mse: 0.01692642853143763
mae: 0.10459910733478324
rsme: 0.1301016084890484
----------------------
max value: 0.6898785427301292
pred_str: -5, -7, -12, -11, -13, -12, -15, -14, -18, -15
target_str: -10, -6, -16, -10, -11, -11, -14, -13, -15, -10
mse: 0.00039978321912433523
mae: 0.0165570850255231
rsme: 0.019994579743628903
----------------------
max value: 0.7447405605878279
pred_str: 11, 12, 11, 11, 11, 11, 11, 11, 11, 11
target_str: 38, 46, 43, 30, 20, 20, 18, 8, -2, -7
mse: 0.02209125155794749
mae: 0.1273506358605186
rsme: 0.14863126036587151
----------------------
max value: 0.006170146630727074
pred_str: -61, -94, -88, -85, -86, -88, -87, -88, -88, -88
target_str: -81, -81, -81, -81, -81, -81, -81, -81, -81, -81
mse: 3.3921002115203336e-07
mae: 0.0005121221703503472
rsme: 0.0005824173942732423
----------------------
max value: 0.5431916531495725
pred_str: -10, -10, -10, -10, -10, -10, -10, -10, -10, -10
target_str: 1, 9, 15, 11, 5, 5, -4, 6, -14, 95
mse: 0.03933407160616753
mae: 0.12873642179644867
rsme: 0.1983281916575844
----------------------
max value: 0.37438341644052264
pred_str: -6, 0, -10, -13, -16, -14, -19, -20, -16, -13
target_str: -12, -18, -20, -13, -17, -15, -15, -20, -12, -14
mse: 0.0006938065654031051
mae: 0.01684725373982352
rsme: 0.026340208150337482
----------------------
max value: 0.2613380174531786
pred_str: -12, -17, -17, -18, -19, -18, -18, -18, -18, -17
target_str: -12, -2, -8, 0, 4, 8, 16, 18, 50, 60
mse: 0.010135357809967507
mae: 0.07996943334067265
rsme: 0.10067451420278872
----------------------
max value: 0.4820464842265821
pred_str: -21, -17, -15, -18, -13, -15, -12, -11, -10, -12
target_str: 12, 18, 30, 37, 39, 26, -1, -14, -9, -15
mse: 0.02762632817224473
mae: 0.1344909690992164
rsme: 0.16621169685748574
----------------------
max value: 0.5570912375663158
pred_str: -11, -17, -16, -15, -12, -13, -10, -12, -9, -8
target_str: -4, -2, -1, -2, -2, -4, -2, -3, 0, 0
mse: 0.0035348938690243996
mae: 0.05738039746933053
rsme: 0.05945497345911778
----------------------
max value: 0.5438453641955051
pred_str: -4, -12, -12, -10, -15, -10, -12, -11, -10, -10
target_str: -4, 0, 2, 16, 23, 21, 3, -4, -11, -14
mse: 0.010978899999425671
mae: 0.08048911390093476
rsme: 0.10478024622716665
----------------------
max value: 0.3751911591592724
pred_str: -13, -14, -14, -14, -14, -14, -15, -15, -14, -16
target_str: 57, 62, 36, 3, -11, -20, -22, -16, -19, -17
mse: 0.019124795627106297
mae: 0.08854511356158827
rsme: 0.13829242794566265
----------------------
max value: 0.6413415682706141
pred_str: -10, -10, -10, -10, -10, -10, -10, -10, -10, -10
target_str: -23, -4, -15, -10, -9, -3, 2, -2, 5, 20
mse: 0.006634575586003909
mae: 0.06221013212224957
rsme: 0.08145290409803636
----------------------
max value: 0.4675018210485248
pred_str: -10, -10, -10, -11, -12, -11, -13, -13, -14, -15
target_str: 33, 24, 5, -5, -6, -8, -7, -6, -3, -1
mse: 0.008115056783145296
mae: 0.0677877640520361
rsme: 0.09008360995844525
----------------------
max value: 0.6815929574679479
pred_str: -10, -7, -10, -10, -10, -10, -10, -10, -10, -10
target_str: -5, -7, -6, -6, -12, -4, -6, -8, -7, -4
mse: 0.0007526017146652441
mae: 0.02453734646884612
rsme: 0.027433587345902177
----------------------
max value: 0.23076062473186015
pred_str: -12, -13, -10, -12, -14, -10, -15, -13, -10, -14
target_str: 5, 33, 48, 87, 52, 17, -5, -6, -4, -25
mse: 0.011161830162882674
mae: 0.08007393678195548
rsme: 0.10564956300374684
----------------------
max value: 1.2334026676596268
pred_str: -10, -2, -2, -2, -1, -2, -3, -4, -3, -4
target_str: -1, -7, -8, -8, -9, -9, -8, -8, -8, -8
mse: 0.005674382384400266
mae: 0.07277075739191799
rsme: 0.0753284964963477
----------------------
max value: 0.347842579348822
pred_str: -16, -17, -23, -27, -28, -27, -25, -21, -14, -7
target_str: -10, -6, -13, -6, 14, 114, -24, -51, -12, -20
mse: 0.02833327270008309
mae: 0.09635239447962371
rsme: 0.168324902198347
----------------------
max value: 0.8780585637531843
pred_str: -4, -5, -10, -4, -4, -1, 0, -1, -2, -4
target_str: -9, -10, -11, -13, -10, -6, -2, -13, -12, -17
mse: 0.004703019732419858
mae: 0.05970798233521653
rsme: 0.06857856612980369
----------------------
max value: 0.49830573767242065
pred_str: -13, -10, -12, -11, -12, -12, -12, -12, -12, -13
target_str: -7, -8, -9, -6, -14, -8, -5, -3, -2, -13
mse: 0.0008045198905591072
mae: 0.023918675408276194
rsme: 0.028364059839153972
----------------------
max value: 0.5359585981714126
pred_str: -11, -2, -5, -2, -2, -1, -1, -3, -3, -2
target_str: -4, -1, -4, -6, -1, 2, 14, 9, 26, 37
mse: 0.008066025460224549
mae: 0.06002736299519821
rsme: 0.08981105422065008
----------------------
max value: 1.0303882250761076
pred_str: -3, -6, -7, -5, -4, -4, -5, -4, -5, -4, -3
target_str: -1, -5, -7, -8, -5, -10, 87, 40, -13, -1
mse: 0.11173329688407667
mae: 0.1648621160121772
rsme: 0.3342653091244688
----------------------
max value: 0.8297031561139074
pred_str: -1, -1, -2, -1, -2, -2, -2, -3, -3, -2, -2
target_str: -6, -6, -7, -5, -7, -7, -7, -6, -9, -7
mse: 0.0016246412923462943
mae: 0.03982575149346755
rsme: 0.04030683927506962
----------------------
max value: 0.30373810308888555
pred_str: -13, -12, -13, -13, -13, -13, -13, -13, -13, -13
target_str: -12, -9, -14, -18, -12, 8, -14, -19, -22, -22
mse: 0.0006245787747645932
mae: 0.017313071876066476
rsme: 0.024991574075367746
----------------------
max value: 0.6358788304996957
pred_str: -7, -10, -14, -15, -18, -21, -26, -26, -29, -33
target_str: -5, -8, -8, -6, -7, -5, -4, -6, -6, -8
mse: 0.010270283931772584
mae: 0.0864795209479586
rsme: 0.1013424093446203
----------------------
max value: 0.6569031778328429
pred_str: -2, -2, -2, -3, 0, -2, -3, -4, -3, -3
target_str: 4, 15, 23, 20, 20, 8, 0, -8, -12, -10
mse: 0.009208674892900582
mae: 0.0814559940512725
rsme: 0.09596184081654843
----------------------
max value: 0.5770504865198544
pred_str: -16, -15, -18, -15, -14, -17, -15, -17, -16, -18
target_str: 7, -1, -1, 2, -12, -22, -23, -29, -20, -22
mse: 0.005234559789966825
mae: 0.061167351571104554
rsme: 0.07235025770490956
----------------------
max value: 0.7229541131901488
pred_str: -11, -12, -10, -9, -6, -10, -10, -10, -10, -10
target_str: -6, -6, -1, 2, -1, -5, -10, -5, -12, -1
mse: 0.002210863008563286
mae: 0.04120838445183848
rsme: 0.04701981506304854
----------------------
AVG MSE: 0.01628521348208133
Median MSE: 0.009069706917689328
AVG RMSE: 0.1052520512475231
Median RMSE: 0.09523221388918877
AVG MAE: 0.07809456755316117
Median MAE: 0.07080556332443572
Number of False Outputs: 4
----------------------
