max value: 0.24583677141229052
pred_str: 14, 16, 18, 21, 23, 25, 28, 30, 34, 39, 44, 51, 59, 63, 54, 25, 16, 10, 6, 2, 0, 1, 5, 11, 17, 23, 29, 35, 41, 49, 57, 54, 35, 19, 9, 3, 0, -2, -5, -8, -13, -13, -13, -13, -13, -13, -13, -13, -13
target_str: -14, 5, -6, 0, -13, 3, -15, 0, -14, -2, -5, -6, -16, -14, -8, -15, -1, -8, -9, 1, 14, -5, -13, -8, -20
mse: 0.008753267678089462
mae: 0.07955277922901721
rsme: 0.09355889951303116
----------------------
max value: 0.8297031561139074
pred_str: 12, 13, 14, 15, 16, 17, 18, 19, 20, 21, 22, 23, 24, 25, 26, 27, 28, 29, 30, 31, 32, 33, 34, 35, 36, 37, 38, 39, 40, 41, 42, 43, 44, 45, 46, 47, 48, 49, 50, 51, 52, 53, 54, 55, 56, 57, 58, 59, 60, 61, 62, 63, 64, 65, 66, 67, 68, 69, 70, 71, 72, 73, 74, 75, 76, 77, 78, 79, 80, 81, 82, 83, 84, 85, 86, 87, 88, 89, 90, 91, 92, 93, 94, 95, 96, 97, 98, 99, 100, 101, 102, 103, 104, 105, 106, 107, 108, 109, 110, 111, 112, 113, 114, 115, 116, 117, 118, 119, 120, 121, 122, 123, 124, 125, 126, 127, 128, 129, 130, 131, 
target_str: -6, -6, -7, -5, -7, -7, -7, -6, -9, -7, -8, -7, -8, -6, -9, -6, -6, -4, 3, 5, -3, -7, -8, -10, 0
mse: 0.06378782294441003
mae: 0.24592401547216217
rsme: 0.25256251294364734
----------------------
max value: 0.6413415682706141
pred_str: 16, 15, 13, 10, 9, 8, 7, 6, 5, 4, 3, 2, 1, 0, -1, -2, -3, -4, -5, -6, -7, -8, -9, -10, -11, -12, -13, -14, -15, -16, -17, -18, -19, -20, -21, -22, -23, -24, -25, -26, -27, -28, -29, -30, -31, -32, -33, -34, -35, -36, -37, -38, -39, -40, -41, -42, -43, -44, -45, -46, -47, -48, -49, -50, -51, -52, -53, -54, -55, -56, -57, -58, -59, -60, -61, -62, -63, -64, -65, -66, -67, -68, -69, -70, -71, -72, -73, -74, -75, -76, -77, -78, -79, -80, -81, -82, -83, -84, -85, -86, -87, -88, -89, -90, -91, -92, -93, -94, -95, -96, -97, -98, -99, -100, -101, -102, -103, -104, -105, -106, -107, -108, -109, -110, -111, -112, -113, -114, -115,
target_str: -23, -4, -15, -10, -9, -3, 2, -2, 5, 20, 39, 29, 1, 3, 1, -8, -19, -6, -2, -8, -6, -9, -5, -3, -10
mse: 0.010317525976399382
mae: 0.07054757250976754
rsme: 0.1015752232407066
----------------------
max value: 0.3308537673821901
pred_str: 22, 23, 27, 28, 32, 33, 37, 40, 41, 38, 35, 27, 24, 18, 11, 7, 3, 0, -3, -4, -3, -3, -2, -2, 0, 1, 2, 4, 6, 9, 12, 15, 18, 21, 24, 27, 30, 33, 36, 38, 38, 37, 35, 32, 30, 27, 24, 21, 18, 15, 12, 9, 6, 3, 0, -3, -5, -5, -5, -5, -5, -5, -5, -5, -5, -5, -5, -5, -5, -5, -5, -5, -5, -5, -5, -5, -5, -5, -5, -5, -5, -5, -5, -5, -5, -5, -5, -5, -5, -5, -5, -5, -5, -5, -5, -5, -5, -5, -5, -5, -5, -5, -5, -5, -5, -5, -5, -5, -5, -5, -5, -5, -5, -5, -5, -5, -5, -5, -5, -5, -5, -5, -5, -5, -5, -5, -5, -5, -5, -5, -5, -5, -5, -5, -5, -5, -5, -5, -5, -5, -5, -5, -5, -5, -5, -5, -5, -5, -5, -5, -5, -5, -5, -5, -5, -5, -5, -5, -5
target_str: -23, -41, -15, 70, -55, -26, -25, -18, -12, -13, -4, 9, 27, 38, 33, 7, -17, -26, -28, -26, -25, -21, -19, -15, -7
mse: 0.017319428159162174
mae: 0.11050515830565147
rsme: 0.13160329843572377
----------------------
max value: 0.5770504865198544
pred_str: 35, 34, 33, 32, 31, 29, 28, 27, 26, 25, 24, 23, 22, 21, 20, 19, 18, 17, 16, 15, 14, 13, 12, 11, 10, 9, 8, 7, 6, 5, 4, 3, 2, 1, 0
target_str: 7, -1, -1, 2, -12, -22, -23, -29, -20, -22, 75, 9, -34, -17, -28, -16, -23, -12, -10, 2, 11, 26, 38, 38, 14
mse: 0.04588431302915195
mae: 0.19504306444371078
rsme: 0.21420623947297135
----------------------
max value: 0.5703371606863332
pred_str: 15, 34, 48, 43, 39, 34, 32, 15, 20, 33, 47, 55, 50, 24, 0, 4, 10, 18, 27, 37, 40, 28, 0, -7, -14, -16, -13, -11, -10, -9, -9, -9, -9, -9, -9, -9, -9, -9, -9, -9, -9, -9, -9, -9, -9, -9, -9, -9, -9, -9, -9, -9, -9, -9, -9, -9, -9, -9, -9, -9, -9, -9, -9, -9, -9, -9, -9, -9, -9, -9, -9, -9, -9, -9, -9, -9, -9, -9, -9, -9, -9, -9, -9, -9, -9, -9, -9, -9, -9, -9, -9, -9, -9, -9, -9, -9, -9, -9, -9, -9, -9, -9, -9, -9, -9, -9, -9, -9, -9, -9, -9, -9, -9, -9, -9, -9, -9, -9, -9, -9, -9, -9, -9, -9, -9, -9, -9, -9, -9, -9, -9, -9, -9, -9, -9, -9, -9, -9, -9, -9, -9, -9, -9, -9, -9, -9, -9, -9, -9, -9, -9, -9, -9, -9, -9, -9, -9, -9, -9, -9, -9, -9, -9
target_str: 0, -8, -9, -8, -6, -10, -10, -9, -8, -8, -10, -11, -11, -11, -12, -11, -12, -13, -11, -4, 4, 0, -7, -20, -4
mse: 0.04748242565617118
mae: 0.1964241181403732
rsme: 0.21790462513717138
----------------------
max value: 0.4820464842265821
pred_str: 15, 16, 18, 22, 25, 28, 32, 36, 37, 37, 38, 39, 40, 40, 39, 38, 37, 36, 35, 34, 33, 32, 31, 30, 29, 28, 27, 26, 25, 24, 23, 22, 21, 20, 19, 18, 17, 16, 15, 14, 13, 12, 11, 10, 9, 8, 7, 6, 5, 4, 3, 2, 1, 0, -1, -2
target_str: 12, 18, 30, 37, 39, 26, -1, -14, -9, -15, -22, -14, -19, -16, -20, -16, -19, -20, -21, -18, -15, -13, -19, -19, -23
mse: 0.04876027171052093
mae: 0.19937442587611431
rsme: 0.22081728127689854
----------------------
max value: 0.7263826898248835
pred_str: 14, 16, 25, 34, 43, 48, 52, 55, 52, 45, 37, 28, 19, 10, 1, -2, -3, -5, -6, -7, -7, -6, -6, -4, -5, -4, -4, -3, -2, -3, -3, -3, -3, -3, -3, -3, -3, -3, -3, -3, -3, -3, -3, -3, -3, -3, -3, -3, -3, -3, -3, -3, -3, -3, -3, -3, -3, -3, -3, -3, -3, -3, -3, -3, -3, -3, -3, -3, -3, -3, -3, -3, -3, -3, -3, -3, -3, -3, -3, -3, -3, -3, -3, -3, -3, -3, -3, -3, -3, -3, -3, -3, -3, -3, -3, -3, -3, -3, -3, -3, -3, -3, -3, -3, -3, -3, -3, -3, -3, -3, -3, -3, -3, -3, -3, -3, -3, -3, -3, -3, -3, -3, -3, -3, -3, -3, -3, -3, -3, -3, -3, -3, -3, -3, -3, -3, -3, -3, -3, -3, -3, -3, -3, -3, -3, -3, -3, -3, -3, -3, -3, -3, -3, -3, -3, -3, -3, -3, -3, -3, -3, -3, -3, -3, -3, -3, -
target_str: -11, -8, -5, -1, 6, 13, 23, 32, 31, 18, 3, -5, -4, -6, -8, -6, -7, -7, -6, -3, -4, -7, -6, -7, -7
mse: 0.024579200333805826
mae: 0.12319450419430021
rsme: 0.15677755047775757
----------------------
max value: 0.5827268928899484
pred_str: 0, 3, 8, 15, 22, 31, 39, 47, 55, 63, 71, 79, 87, 95, 103, 111, 119, 127, 135, 143, 151, 159, 167, 175, 183, 191, 199, 207, 215, 223, 231
target_str: 3, -11, -2, -1, 2, 5, 13, 27, 35, 41, 31, 15, 2, -7, -6, -8, -6, -4, -5, -5, -6, -7, -7, -8, -7
mse: 0.37940090851272507
mae: 0.49182149759911636
rsme: 0.615955281260519
----------------------
max value: 1.1852284490423035
pred_str: 43, 44, 45, 46, 47, 48, 49, 50, 51, 52, 53, 54, 55, 56, 57, 58, 59, 60, 61, 62, 63, 64, 65, 66, 67, 68, 69, 70
target_str: 0, 5, 10, 24, 37, 37, 26, 12, 3, 1, 1, 4, 4, 5, 4, 6, 5, 4, 5, 8, 6, -2, 0, -9, 11
mse: 0.3415942545379099
mae: 0.5537387313925641
rsme: 0.5844606526857988
----------------------
max value: 0.432460815366128
pred_str: 12, 13, 14, 15, 16, 17, 18, 19, 20, 21, 22, 23, 24, 25, 26, 27, 28, 29, 30, 31, 32, 33, 34, 35, 36, 37, 38, 39, 40, 41, 42, 43, 44, 45, 46, 47, 48, 49, 50, 51, 52, 53, 54, 55, 56, 57, 58, 59, 60, 61, 62, 63, 64, 65, 66, 67, 68, 69, 70, 71, 72, 73, 74, 75, 76, 77, 78, 79, 80, 81, 82, 83, 84, 85, 86, 87, 88, 89, 90, 91, 92, 93, 94, 95, 96, 97, 98, 99, 100, 101, 102, 103, 104, 105, 106, 107, 108, 109, 110, 111, 112, 113, 114, 115, 116, 117, 118, 119, 120, 121, 122, 123, 124, 125, 126, 127, 128, 129, 130, 131, 
target_str: 36, 26, 5, -5, -6, -9, -8, -6, -3, -1, -4, -5, -6, -4, -5, -3, 9, 1, -9, -7, -11, -14, 108, -15, -21
mse: 0.02181054725318063
mae: 0.13475479006808552
rsme: 0.14768394378936603
----------------------
max value: 0.3648640357837354
pred_str: 0, 0, 2, 5, 7, 9, 11, 13, 15, 16, 17, 18, 19, 20, 21, 22, 23, 24, 25, 26, 27, 28, 29, 30, 31, 32, 33, 34, 35, 36, 37, 38, 39, 40, 41, 42, 43, 44, 45, 46, 47, 48, 49, 50, 51, 52, 53, 54, 55, 56, 57, 58, 59, 60, 61, 62, 63, 64, 65, 66, 67, 68, 69, 70, 71, 72, 73, 74, 75, 76, 77, 78, 79, 80, 81, 82, 83, 84, 85, 86, 87, 88, 89, 90, 91, 92, 93, 94, 95, 96, 97, 98, 99, 100, 101, 102, 103, 104, 105, 106, 107, 108, 109, 110, 111, 112, 113, 114, 115, 116, 117, 118, 119, 120, 121, 122, 123, 124, 125, 126, 127, 128, 1
target_str: 0, -8, -1, 5, 17, 0, -12, -14, -9, -13, 40, 85, -47, -10, -10, -6, -6, -5, 2, 7, 20, 48, 70, 58, 10
mse: 0.011116001344800978
mae: 0.08683764051652902
rsme: 0.10543244920232565
----------------------
max value: 0.374644169405007
pred_str: 2, 14, 27, 49, 67, 85, 97, 100, 80, 40, 10, 0, 0, 0, 0, 0, 0, 0, 0, 0, 0, 0, 0, 0, 0, 0, 0, 0, 0, 0, 0, 0, 0, 0, 0, 0, 0, 0, 0, 0, 0, 0, 0, 0, 0, 0, 0, 0, 0, 0, 0, 0, 0, 0, 0, 0, 0, 0, 0, 0, 0, 0, 0, 0, 0, 0, 0, 0, 0, 0, 0, 0, 0, 0, 0, 0, 0, 0, 0, 0, 0, 0, 0, 0, 0, 0, 0, 0, 0, 0, 0, 0, 0, 0, 0, 0, 0, 0, 0, 0, 0, 0, 0, 0, 0, 0, 0, 0, 0, 0, 0, 0, 0, 0, 0, 0, 0, 0, 0, 0, 0, 0, 0, 0, 0, 0, 0, 0, 0, 0, 0, 0, 0, 0, 0, 0, 0, 0, 0, 0, 0, 0, 0, 0, 0, 0, 0, 0, 0, 0, 0, 0, 0, 0, 0, 0, 0, 0, 0, 0, 0, 0, 0, 0, 0, 0, 0, 
target_str: 72, -92, -16, -7, 1, 4, 8, 10, 22, 39, 51, 56, 29, 0, -4, -10, -12, -14, -14, -12, -11, -11, -11, -12, -14
mse: 0.032889307432774025
mae: 0.13652033533118454
rsme: 0.1813540940612426
----------------------
max value: 0.5461180099718109
pred_str: 0, 1, 2, 3, 4, 5, 6, 7, 8, 9, 10, 11, 12, 13, 14, 15, 16, 17, 18, 19, 20, 21, 22, 23, 24, 25, 26, 27, 28, 29, 30, 31, 32, 33, 34, 35, 36, 37, 38, 39, 40, 41, 42, 43, 44, 45, 46, 47, 48, 49, 50, 51, 52, 53, 54, 55, 56, 57, 58, 59, 60, 61, 62, 63, 64, 65, 66, 67, 68, 69, 70, 71, 72, 73, 74, 75, 76, 77, 78, 79, 80, 81, 82, 83, 84, 85, 86, 87, 88, 89, 90, 91, 92, 93, 94, 95, 96, 97, 98, 99, 100, 101, 102, 103, 104, 105, 106, 107, 108, 109, 110, 111, 112, 113, 114, 115, 116, 117, 118, 119, 120, 121, 122, 123, 12
target_str: 9, 0, -8, -8, -11, -10, -9, -8, -8, -4, -4, -6, -8, -6, -4, -1, 10, 3, -12, -6, -15, -3, -18, 67, 50
mse: 0.013390002169095876
mae: 0.10223329146672301
rsme: 0.11571517691770547
----------------------
max value: 1.0172737027256264
pred_str: 13, 15, 19, 21, 24, 25, 25, 25, 25, 25, 25, 25, 25, 25, 25, 25, 25, 25, 25, 25, 25, 25, 25, 25, 25, 25, 25, 25, 25, 25, 25, 25, 25, 25, 25, 25, 25, 25, 25, 25, 25, 25, 25, 25, 25, 25, 25, 25, 25, 25, 25, 25, 25, 25, 25, 25, 25, 25, 25, 25, 25, 25, 25, 25, 25, 25, 25, 25, 25, 25, 25, 25, 25, 25, 25, 25, 25, 25, 25, 25, 25, 25, 25, 25, 25, 25, 25, 25, 25, 25, 25, 25, 25, 25, 25, 25, 25, 25, 25, 25, 25, 25, 25, 25, 25, 25, 25, 25, 25, 25, 25, 25, 25, 25, 25, 25, 25, 25, 25, 25, 25, 25, 25, 25, 25, 25, 25, 25,
target_str: -3, -5, -4, -5, -5, -4, -6, -9, -9, -10, -6, -9, -9, -8, -3, -4, -7, -11, -8, -11, -10, -11, 89, 20, -37
mse: 0.12094863611458553
mae: 0.32756213227765174
rsme: 0.34777670438743524
----------------------
max value: 0.6898785427301292
pred_str: 2, 12, 24, 34, 46, 57, 68, 64, 52, 41, 23, 13, 2, 7, 17, 24, 35, 48, 48, 35, 18, 1, 13, 25, 38, 54, 54, 44, 30, 11, 4, 10, 22, 36, 52, 47, 37, 17, 6, 13, 25, 41, 59, 59, 49, 36, 14, 5, 12, 25, 40, 56, 56, 46, 32, 13, 5, 11, 22, 35, 49, 58, 58, 48, 34, 15, 5, 11, 22, 36, 52, 52, 42, 28, 12, 5, 11, 22, 35, 49, 59, 59, 49, 34, 14, 5, 11, 22, 35, 49, 59, 59, 49, 34, 14, 5, 11, 22, 35, 49, 59, 59, 49, 34, 14, 5, 11, 22, 35, 49, 59, 59, 49, 34, 14, 5, 11, 22, 35, 49, 59, 59, 49, 34, 14, 5, 11, 22, 35, 49, 59, 59,
target_str: -10, -6, -16, -10, -11, -11, -14, -13, -15, -10, -7, -1, -3, -7, -22, -9, -13, 80, 23, -41, 0, -17, -2, -7, 1
mse: 0.09241084296539752
mae: 0.26270574907163324
rsme: 0.30399151791686146
----------------------
max value: 0.49830573767242065
pred_str: 36, 37, 38, 42, 46, 54, 58, 63, 64, 68, 73, 80, 86, 92, 99, 99, 99, 99, 99, 99, 99, 99, 99, 99, 99, 99, 99, 99, 99, 99, 99, 99, 99, 99, 99, 99, 99, 99, 99, 99, 99, 99, 99, 99, 99, 99, 99, 99, 99, 99, 99, 99, 99, 99, 99, 99, 99, 99, 99, 99, 99, 99, 99, 99, 99, 99, 99, 99, 99, 99, 99, 99, 99, 99, 99, 99, 99, 99, 99, 99, 99, 99, 99, 99, 99, 99, 99, 99, 99, 99, 99, 99, 99, 99, 99, 99, 99, 99, 99, 99, 99, 99, 99, 99, 99, 99, 99, 99, 99, 99, 99, 99, 99, 99, 99, 99, 99, 99, 99, 99, 99, 99, 99, 99, 99, 99, 99, 99, 
target_str: -7, -8, -9, -6, -14, -8, -5, -3, -2, -13, -12, -20, -15, -24, 82, 37, -24, -3, -16, -6, -7, -3, 5, 11, 24
mse: 0.17254071272637758
mae: 0.3930635658760054
rsme: 0.41538020261728603
----------------------
max value: 0.5076317676199769
pred_str: 10, 25, 38, 53, 65, 76, 87, 98, 109, 120, 131, 142, 153, 164, 175, 186, 197, 208, 219, 230, 241, 252, 263, 274, 285, 296, 307, 318, 329, 340, 351, 362, 373, 384, 395, 406, 417, 428, 439, 450, 461, 472, 483, 494, 505, 516, 527, 538, 550, 561, 572, 583, 594, 605, 616, 627, 638, 649, 660, 671, 682, 693, 704, 715, 726, 737, 748, 759, 770, 781, 792, 803, 814, 825, 836, 847, 858, 869, 880, 891, 902, 913, 924, 935, 946, 957, 968, 979, 990, 1001, 1012, 1023, 1034, 1045, 1056, 1067, 1078, 1089, 1090, 1101, 1112, 112
target_str: 30, 42, 45, 36, 10, -4, -7, -11, -14, -8, -7, -7, -7, -7, -8, -10, -11, -11, -7, -12, -8, -9, -12, -6, -4
mse: 0.8237896133138285
mae: 0.7910933466589719
rsme: 0.9076285657215888
----------------------
max value: 0.7447405605878279
pred_str: 21, 24, 26, 30, 34, 39, 48, 59, 72, 88, 95, 100, 100, 100, 100, 100, 100, 100, 100, 100, 100, 100, 100, 100, 100, 100, 100, 100, 100, 100, 100, 100, 100, 100, 100, 100, 100, 100, 100, 100, 100, 100, 100, 100, 100, 100, 100, 100, 100, 100, 100, 100, 100, 100, 100, 100, 100, 100, 100, 100, 100, 100, 100, 100, 100, 100, 100, 100, 100, 100, 100, 100, 100, 100, 100, 100, 100, 100, 100, 100, 100, 100, 100, 100, 100, 100, 100, 100, 100, 100, 100, 100, 100, 100, 100, 100, 100, 100, 100, 100, 100, 100, 100, 100, 100
target_str: 38, 46, 43, 30, 20, 20, 18, 8, -2, -7, -12, -15, -17, -21, -23, -23, -25, -27, -28, -27, -23, -28, -27, -33, -25
mse: 0.5504365612890907
mae: 0.651796938626467
rsme: 0.741914119887936
----------------------
max value: 0.26328929729390066
pred_str: 0, 1, 5, 14, 27, 51, 76, 88, 90, 71, 27, 12, 4, 1, 1, 1, 1, 1, 1, 1, 1, 1, 1, 1, 1, 1, 1, 1, 1, 1, 1, 1, 1, 1, 1, 1, 1, 1, 1, 1, 1, 1, 1, 1, 1, 1, 1, 1, 1, 1, 1, 1, 1, 1, 1, 1, 1, 1, 1, 1, 1, 1, 1, 1, 1, 1, 1, 1, 1, 1, 1, 1, 1, 1, 1, 1, 1, 1, 1, 1, 1, 1, 1, 1, 1, 1, 1, 1, 1, 1, 1, 1, 1, 1, 1, 1, 1, 1, 1, 1, 1, 1, 1, 1, 1, 1, 1, 1, 1, 1, 1, 1, 1, 1, 1, 1, 1, 1, 1, 1, 1, 1, 1, 1, 1, 1, 1, 1, 1, 1, 1, 1, 1, 1, 1, 1, 1, 1, 1, 1, 1, 1, 1, 1, 1, 1, 1, 1, 1, 1, 1, 1, 1, 1, 1, 1, 1, 1, 1, 1, 1, 1, 1, 1, 1, 1, 1, 1,
target_str: 91, 94, 71, 22, -10, -12, -33, -25, -29, -17, -19, -17, -17, -16, -17, -16, -21, -19, -20, -22, -16, -17, -28, -22, -17
mse: 0.022655294969982944
mae: 0.11858549950117285
rsme: 0.15051675976442938
----------------------
max value: 1.2334026676596268
pred_str: 16, 21, 26, 29, 30, 30, 26, 21, 14, 11, 7, 3, 0, -3, -6, -10, -14, -19, -19, -19, -19, -19, -19, -19, -19, -19, -19, -19, -19, -19, -19, -19, -19, -19, -19, -19, -19, -19, -19, -19, -19, -19, -19, -19, -19, -19, -19, -19, -19, -19, -19, -19, -19, -19, -19, -19, -19, -19, -19, -19, -19, -19, -19, -19, -19, -19, -19, -19, -19, -19, -19, -19, -19, -19, -19, -19, -19, -19, -19, -19, -19, -19, -19, -19, -19, -19, -19, -19, -19, -19, -19, -19, -19, -19, -19, -19, -19, -19, -19, -19, -19, -19, -19, -19, -19, -19, -19, -19, -19, -19, -19, -19, -19, -19, -19, -19, -19, -19, -19, -19, -19, -19, -19, -19, -19, -19, -19, -19, -19, -1
target_str: -1, -7, -8, -8, -9, -9, -8, -8, -8, -8, -7, -8, -7, -7, -8, -8, -6, -4, -5, -5, -12, -5, -24, 56, 82
mse: 0.16216259105831926
mae: 0.2915763906347357
rsme: 0.40269416566213034
----------------------
max value: 0.9781542780785814
pred_str: 16, 17, 18, 19, 20, 21, 22, 23, 24, 25, 26, 27, 28, 29, 30, 31, 32, 33, 34, 35, 36, 37, 38, 39, 40, 41, 42, 43, 44, 45, 46, 47, 48, 49, 50, 51, 52, 53, 54, 55, 56, 57, 58, 59, 60, 61, 62, 63, 64, 65, 66, 67, 68, 69, 70, 71, 72, 73, 74, 75, 76, 77, 78, 79, 80, 81, 82, 83, 84, 85, 86, 87, 88, 89, 90, 91, 92, 93, 94, 95, 96, 97, 98, 99, 100, 101, 102, 103, 104, 105, 106, 107, 108, 109, 110, 111, 112, 113, 114, 115, 116, 117, 118, 119, 120, 121, 122, 123, 124, 125, 126, 127, 128, 129, 130, 131, 132, 133, 134, 1
target_str: -5, -6, -5, -5, -1, 0, 4, 9, 10, 5, 0, -3, -4, -5, -4, -3, -6, -5, -4, -4, -5, -4, -5, -5, -5
mse: 0.0963138849380474
mae: 0.29579385369096295
rsme: 0.31034478397106563
----------------------
max value: 0.2613380174531786
pred_str: 34, 43, 69, 96, 60, 33, 2, 100, 16, 69, 60, 33, 2, 1, 12, 18, 45, 58, 56, 44, 6, -5, -13, -10, -14, -8, -7, -11, -10, -14, -15, -14, -10, 87
target_str: -12, -2, -8, 0, 4, 8, 16, 18, 50, 60, 63, 56, 32, -1, -11, -18, -17, -11, -11, -2, -2, 0, -3, 0, 10
mse: 0.013808673742927702
mae: 0.09429075669710685
rsme: 0.11751031334707479
----------------------
max value: 0.6358788304996957
pred_str: 0, 0, 0, 1, 2, 3, 4, 5, 6, 7, 8, 9, 10, 11, 12, 13, 14, 15, 16, 17, 18, 19, 20, 21, 22, 23, 24, 25, 26, 27, 28, 29, 30, 31, 32, 33, 34, 35, 36, 37, 38, 39, 40, 41, 42, 43, 44, 45, 46, 47, 48, 49, 50, 51, 52, 53, 54, 55, 56, 57, 58, 59, 60, 61, 62, 63, 64, 65, 66, 67, 68, 69, 70, 71, 72, 73, 74, 75, 76, 77, 78, 79, 80, 81, 82, 83, 84, 85, 86, 87, 88, 89, 90, 91, 92, 93, 94, 95, 96, 97, 98, 99, 100, 101, 102, 103, 104, 105, 106, 107, 108, 109, 110, 111, 112, 113, 114, 115, 116, 117, 118, 119, 120, 121, 122, 1
target_str: -5, -8, -8, -6, -7, -5, -4, -6, -6, -8, -7, -3, -2, 1, -1, -10, -7, -14, -3, -26, 47, 82, -29, -2, -12
mse: 0.02361356620533539
mae: 0.12361484464914085
rsme: 0.1536670628512675
----------------------
max value: 0.2696186761236342
pred_str: 16, 17, 18, 19, 20, 21, 22, 23, 24, 25, 26, 27, 28, 29, 30, 31, 32, 33, 34, 35, 36, 37, 38, 39, 40, 41, 42, 43, 44, 45, 46, 47, 48, 49, 50, 51, 52, 53, 54, 55, 56, 57, 58, 59, 60, 61, 62, 63, 64, 65, 66, 67, 68, 69, 70, 71, 72, 73, 74, 75, 76, 77, 78, 79, 80, 81, 82, 83, 84, 85, 86, 87, 88, 89, 90, 91, 92, 93, 94, 95, 96, 97, 98, 99, 100, 101, 102, 103, 104, 105, 106, 107, 108, 109, 110, 111, 112, 113, 114, 115, 116, 117, 118, 119, 120, 121, 122, 123, 124, 125, 126, 127, 128, 129, 130, 131, 132, 133, 134, 1
target_str: -16, -1, 11, 13, -23, -2, -47, 62, 55, -68, -5, -23, -4, -11, 2, 16, 32, 52, 59, 68, 52, 28, -6, -20, -19
mse: 0.01108063616888877
mae: 0.08854277323900148
rsme: 0.10526460073970152
----------------------
max value: 0.5431916531495725
pred_str: -12,  -6,  -2,  -1,  -1,  -1,  -1,  -1,  -1,  -1,  -1,  -1,  -1,  -1,  -1,  -1,  -1,  -1,  -1,  -1,  -1,  -1,  -1,  -1,  -1,  -1,  -1,  -1,  -1,  -1,  -1,  -1,  -1,  -1,  -1,  -1,  -1,  -1,  -1,  -1,  -1,  -1,  -1,  -1,  -1,  -1,  -1,  -1,  -1,  -1,  -1,  -1,  -1,  -1,  -1,  -1,  -1,  -1,  -1,  -1,  -1,  -1,  -1,  -1,  -1,  -1,  -1,  -1,  -1,  -1,  -1,  -1,  -1,  -1,  -1,  -1,  -1,  -1,  -1,  -1,  -1,  -1,  -1,  -1,  -1,  -1,  -1,  -1,  -1,  -1,  -1,  -1,  -1,  -1,  -1,  -1,  -1,  -1,  -1,  -1,  -1,  -1,  -1,  -1,  -1,  -1,  -1,  -1,  -1,  -1,  -1,  -1,  -1,  -1,  -1,  -1,  -1,  -1,  -1,  -1,  -1,  -1,  -1,  -1,  -1,  -1,  -1,  -1,
target_str: 1, 9, 15, 11, 5, 5, -4, 6, -14, 95, 65, -17, 12, 0, 7, 2, 9, 9, 17, 28, 37, 37, 24, 5, -5
mse: 0.023754462807511333
mae: 0.10277186077589912
rsme: 0.1541248286536317
----------------------
max value: 0.6815929574679479
pred_str: 4, 17, 24, 28, 32, 37, 44, 50, 46, 25, 21, 13, 5, 0, 0, 0, 0, 0, 0, 0, 0, 0, 0, 0, 0, 0, 0, 0, 0, 0, 0, 0, 0, 0, 0, 0, 0, 0, 0, 0, 0, 0, 0, 0, 0, 0, 0, 0, 0, 0, 0, 0, 0, 0, 0, 0, 0, 0, 0, 0, 0, 0, 0, 0, 0, 0, 0, 0, 0, 0, 0, 0, 0, 0, 0, 0, 0, 0, 0, 0, 0, 0, 0, 0, 0, 0, 0, 0, 0, 0, 0, 0, 0, 0, 0, 0, 0, 0, 0, 0, 0, 0, 0, 0, 0, 0, 0, 0, 0, 0, 0, 0, 0, 0, 0, 0, 0, 0, 0, 0, 0, 0, 0, 0, 0, 0, 0, 0, 0, 0, 0, 0, 0, 0, 0, 0, 0, 0, 0, 0, 0, 0, 0, 0, 0, 0, 0, 0, 0, 0, 0, 0, 0, 0, 0, 0, 0, 0, 0, 0, 0, 0, 0, 0, 0, 0, 0, 
target_str: -5, -7, -6, -6, -12, -4, -6, -8, -7, -4, -3, -6, -11, -5, -9, -5, -7, -8, -2, 2, -3, -5, -9, -5, -16
mse: 0.032863608207049005
mae: 0.13822705177449982
rsme: 0.18128322649117046
----------------------
max value: 0.6569031778328429
pred_str: 15, 23, 13, 15, 11, 16, 19, 25, 22, 15, 10, 11, 12, 12, 13, 14, 14, 14, 13, 12, 11, 11, 11, 10, 10, 10, 10, 10, 10, 10, 10, 10, 10, 10, 10, 10, 10, 10, 10, 10, 10, 10, 10, 10, 10, 10, 10, 10, 10, 10, 10, 10, 10, 10, 10, 10, 10, 10, 10, 10, 10, 10, 10, 10, 10, 10, 10, 10, 10, 10, 10, 10, 10, 10, 10, 10, 10, 10, 10, 10, 10, 10, 10, 10, 10, 10, 10, 10, 10, 10, 10, 10, 10, 10, 10, 10, 10, 10, 10, 10, 10, 10, 10, 10, 10, 10, 10, 10, 10, 10, 10, 10, 10, 10, 10, 10, 10, 10, 10, 10, 10, 10, 10, 10, 10, 10, 10, 10,
target_str: 4, 15, 23, 20, 20, 8, 0, -8, -12, -10, -6, -4, -7, -8, -9, -4, -3, -8, -5, -2, 0, -8, -10, -14, 99
mse: 0.028392407368945022
mae: 0.13321996446450055
rsme: 0.1685004669695162
----------------------
max value: 0.9329780208280937
pred_str: 26, 17, 14, 10, 9, 4, 1, 1, 6, 13, 15, 17, 16, 16, 16, 14, 13, 12, 11, 10, 9, 8, 8, 7, 6, 5, 5, 4, 4, 4, 3, 2, 2, 2, 2, 2, 2, 2, 2, 2, 2, 2, 2, 2, 2, 2, 2, 2, 2, 2, 2, 2, 2, 2, 2, 2, 2, 2, 2, 2, 2, 2, 2, 2, 2, 2, 2, 2, 2, 2, 2, 2, 2, 2, 2, 2, 2, 2, 2, 2, 2, 2, 2, 2, 2, 2, 2, 2, 2, 2, 2, 2, 2, 2, 2, 2, 2, 2, 2, 2, 2, 2, 2, 2, 2, 2, 2, 2, 2, 2, 2, 2, 2, 2, 2, 2, 2, 2, 2, 2, 2, 2, 2, 2, 2, 2, 2, 2, 2, 2, 2, 2, 2, 2, 2, 2, 2, 2, 2, 2, 2, 2, 2, 2, 2, 2, 2, 2, 2, 2, 2, 2, 2, 2, 2, 2, 2, 2, 2, 2, 2, 2, 2, 2, 2, 2,
target_str: 12, 4, -1, -3, -5, -4, -3, -3, -5, -4, -3, -2, -1, -2, -2, 0, -1, -2, -3, 0, 6, 9, -3, 0, -7
mse: 0.01502741405358117
mae: 0.1134501273326962
rsme: 0.12258635345576264
----------------------
max value: 0.5038998767895255
pred_str: 11, 17, 22, 24, 26, 26, 26, 26, 26, 26, 26, 26, 26, 26, 26, 26, 26, 26, 26, 26, 26, 26, 26, 26, 26, 26, 26, 26, 26, 26, 26, 26, 26, 26, 26, 26, 26, 26, 26, 26, 26, 26, 26, 26, 26, 26, 26, 26, 26, 26, 26, 26, 26, 26, 26, 26, 26, 26, 26, 26, 26, 26, 26, 26, 26, 26, 26, 26, 26, 26, 26, 26, 26, 26, 26, 26, 26, 26, 26, 26, 26, 26, 26, 26, 26, 26, 26, 26, 26, 26, 26, 26, 26, 26, 26, 26, 26, 26, 26, 26, 26, 26, 26, 26, 26, 26, 26, 26, 26, 26, 26, 26, 26, 26, 26, 26, 26, 26, 26, 26, 26, 26, 26, 26, 26, 26, 26, 26, 
target_str: -1, -13, -3, 5, 0, -17, -5, -8, 19, -60, -91, 0, -10, 2, 12, 14, 12, 19, 42, 54, 30, 25, 14, 0, -9
mse: 0.034574093746751744
mae: 0.13806856624032998
rsme: 0.18594110289753513
----------------------
max value: 0.8780585637531843
pred_str: 10, 17, 22, 25, 28, 30, 32, 30, 32, 32, 34, 36, 38, 40, 42, 40, 38, 36, 32, 28, 22, 15, 7, 0, -5, -5, -5, -5, -5, -5, -5, -5, -5, -5, -5, -5, -5, -5, -5, -5, -5, -5, -5, -5, -5, -5, -5, -5, -5, -5, -5, -5, -5, -5, -5, -5, -5, -5, -5, -5, -5, -5, -5, -5, -5, -5, -5, -5, -5, -5, -5, -5, -5, -5, -5, -5, -5, -5, -5, -5, -5, -5, -5, -5, -5, -5, -5, -5, -5, -5, -5, -5, -5, -5, -5, -5, -5, -5, -5, -5, -5, -5, -5, -5, -5, -5, -5, -5, -5, -5, -5, -5, -5, -5, -5, -5, -5, -5, -5, -5, -5, -5, -5, -5, -5, -5, -5, -5, -5, -5, -5, -5, -5, -5, -5, -5, -5, -5, -5, -5, -5, -5, -5, -5, -5, -5, -5, -5, -5, -5, -5, -5, -5, -5, -5, -5, -5, -5, -5, -5, -5, -5, -5, -5
target_str: -9, -10, -11, -13, -10, -6, -2, -13, -12, -17, -9, -33, 32, 64, -16, -7, -13, -7, -7, -2, 2, 9, 21, 27, 21
mse: 0.10919640831837532
mae: 0.3034570396331005
rsme: 0.33044879833095975
----------------------
max value: 0.29350288319129203
pred_str: 13, 14, 15, 16, 17, 18, 19, 20, 21, 22, 23, 24, 25, 26, 27, 28, 29, 30, 31, 32, 33, 34, 35, 36, 37, 38, 39, 40, 41, 42, 43, 44, 45, 46, 47, 48, 49, 50, 51, 52, 53, 54, 55, 56, 57, 58, 59, 60, 61, 62, 63, 64, 65, 66, 67, 68, 69, 70, 71, 72, 73, 74, 75, 76, 77, 78, 79, 80, 81, 82, 83, 84, 85, 86, 87, 88, 89, 90, 91, 92, 93, 94, 95, 96, 97, 98, 99, 100, 101, 102, 103, 104, 105, 106, 107, 108, 109, 110, 111, 112, 113, 114, 115, 116, 117, 118, 119, 120, 121, 122, 123, 124, 125, 126, 127, 128, 129, 130, 131, 132
target_str: -2, 3, 3, -1, -11, 1, -19, 27, 99, -66, -25, -9, 0, 0, 2, 8, 15, 34, 49, 57, 56, 18, 0, -15, -18
mse: 0.010919261568127604
mae: 0.08558544073858075
rsme: 0.10449527055387532
----------------------
max value: 0.25812287143869844
pred_str: 0, 3, 11, 20, 34, 51, 66, 82, 79, 66, 42, 13, 5, 1, 0, -2, -5, -12, -16, -20, -16, -18, -20, -19, -16, -17, -16, -15, -16
target_str: 92, 55, 11, -11, -13, -21, -24, -10, -11, -12, -15, -19, -9, -15, -22, -15, -15, -20, -18, -17, -14, -11, -17, -6, 6
mse: 0.01506845657438706
mae: 0.08962026096351608
rsme: 0.12275364179684063
----------------------
max value: 0.7229541131901488
pred_str: 0, 10, 20, 31, 42, 53, 64, 75, 86, 97, 108, 119, 130, 141, 152, 163, 174, 185, 196, 207, 218, 229, 240, 251, 262, 273, 284, 295, 306, 317, 328, 339, 350, 361, 372, 383, 394, 405, 416, 427, 438, 449, 460, 471, 482, 493, 504, 515, 526, 537, 548, 559, 570, 581, 592, 603, 614, 625, 636, 647, 658, 669, 680, 691, 702, 713, 724, 735, 746, 757, 768, 779, 790, 801, 812, 823, 834, 845, 856, 867, 878, 889, 900, 911, 922, 933, 944, 955, 966, 977, 988, 999, 1010, 1021, 1032, 1043, 1054, 1065, 1076, 1087, 1098, 1109, 112
target_str: -6, -6, -1, 2, -1, -5, -10, -5, -12, -1, -19, 56, 57, -18, 0, -12, -3, -5, -2, -3, 0, 3, 15, 23, 36
mse: 1.1400861286125599
mae: 0.9167058155251087
rsme: 1.0677481578595955
----------------------
max value: 0.48549672876854877
pred_str: 3, 16, 22, 25, 28, 33, 35, 35, 35, 35, 35, 35, 35, 35, 35, 35, 35, 35, 35, 35, 35, 35, 35, 35, 35, 35, 35, 35, 35, 35, 35, 35, 35, 35, 35, 35, 35, 35, 35, 35, 35, 35, 35, 35, 35, 35, 35, 35, 35, 35, 35, 35, 35, 35, 35, 35, 35, 35, 35, 35, 35, 35, 35, 35, 35, 35, 35, 35, 35, 35, 35, 35, 35, 35, 35, 35, 35, 35, 35, 35, 35, 35, 35, 35, 35, 35, 35, 35, 35, 35, 35, 35, 35, 35, 35, 35, 35, 35, 35, 35, 35, 35, 35, 35, 35, 35, 35, 35, 35, 35, 35, 35, 35, 35, 35, 35, 35, 35, 35, 35, 35, 35, 35, 35, 35, 35, 35, 35, 3
target_str: -1, 0, 4, -17, 0, -29, 47, 76, -41, -8, -23, -10, -14, -8, -7, 2, 15, 30, 32, 17, 3, -3, -4, -6, -8
mse: 0.03507981235643237
mae: 0.165263086472814
rsme: 0.1872960553680519
----------------------
max value: 0.3751911591592724
pred_str: 57, 52, 23, 18, 14, 12, 9, 5, 0, 0, 0, 0, 0, 0, 0, 0, 0, 0, 0, 0, 0, 0, 0, 0, 0, 0, 0, 0, 0, 0, 0, 0, 0, 0, 0, 0, 0, 0, 0, 0, 0, 0, 0, 0, 0, 0, 0, 0, 0, 0, 0, 0, 0, 0, 0, 0, 0, 0, 0, 0, 0, 0, 0, 0, 0, 0, 0, 0, 0, 0, 0, 0, 0, 0, 0, 0, 0, 0, 0, 0, 0, 0, 0, 0, 0, 0, 0, 0, 0, 0, 0, 0, 0, 0, 0, 0, 0, 0, 0, 0, 0, 0, 0, 0, 0, 0, 0, 0, 0, 0, 0, 0, 0, 0, 0, 0, 0, 0, 0, 0, 0, 0, 0, 0, 0, 0, 0, 0, 0, 0, 0, 0, 0, 0, 0, 0, 0, 0, 0, 0, 0, 0, 0, 0, 0, 0, 0, 0, 0, 0, 0, 0, 0, 0, 0, 0, 0, 0, 0, 0, 0, 0, 0, 0, 0, 0, 0, 0, 0,
target_str: 57, 62, 36, 3, -11, -20, -22, -16, -19, -17, -9, -11, -16, -16, -18, -15, -15, -4, -6, -7, -7, -7, -7, -5, -5
mse: 0.0033677433430214267
mae: 0.04967530947268767
rsme: 0.05803226122616132
----------------------
max value: 0.4814011836150589
pred_str: 40, 41, 42, 43, 44, 45, 46, 47, 48, 49, 50, 51, 52, 53, 54, 55, 56, 57, 58, 59, 60, 61, 62, 63, 64, 65, 66, 67, 68, 69, 70, 71, 72, 73, 74, 75, 76, 77, 78, 79, 80, 81, 82, 83, 84, 85, 86, 87, 88, 89, 90, 91, 92, 93, 94, 95, 96, 97, 98, 99, 100, 101, 102, 103, 104, 105, 106, 107, 108, 109, 110, 111, 112, 113, 114, 115, 116, 117, 118, 119, 120, 121, 122, 123, 124, 125, 126, 127, 128, 129, 130, 131, 132, 133, 134, 135, 136, 137, 138, 139, 140, 141, 142, 143, 144, 145, 146, 147, 148, 149, 150, 151, 152, 153, 15
target_str: 6, -2, -15, -13, -17, 5, 87, -12, -11, -12, -11, -10, -5, -4, -6, 0, 7, 12, 24, 35, 34, 20, 4, -3, -9
mse: 0.06415130511899254
mae: 0.24609228506401817
rsme: 0.2532810792755601
----------------------
max value: 0.5570912375663158
pred_str: 25, 24, 17, 13, 13, 11, 8, 7, 5, 3, 1, 0, 0, -1, -1, -2, -4, -6, -9, -9, -12, -12, -12, -12, -12, -12, -12, -12, -12, -12, -12, -12, -12, -12, -12, -12, -12, -12, -12, -12, -12, -12, -12, -12, -12, -12, -12, -12, -12, -12, -12, -12, -12, -12, -12, -12, -12, -12, -12, -12, -12, -12, -12, -12, -12, -12, -12, -12, -12, -12, -12, -12, -12, -12, -12, -12, -12, -12, -12, -12, -12, -12, -12, -12, -12, -12, -12, -12, -12, -12, -12, -12, -12, -12, -12, -12, -12, -12, -12, -12, -12, -12, -12, -12, -12, -12, -12, -12, -12, -12, -12, -12, -12, -12, -12, -12, -12, -12, -12, -12, -12, -12, -12, -12, -12, -12, -12, -12, -12, -12, -12, -1
target_str: -4, -2, -1, -2, -2, -4, -2, -3, 0, 0, 8, -10, -2, -22, 65, 45, -49, -3, -18, -3, -9, 0, 3, 13, 23
mse: 0.017737160175810576
mae: 0.10072209575198991
rsme: 0.13318093022580438
----------------------
max value: 1.0303882250761076
pred_str: 25, 30, 33, 35, 39, 43, 46, 51, 53, 54, 53, 50, 46, 41, 34, 24, 14, 0
target_str: -1, -5, -7, -8, -5, -10, 87, 40, -13, -1, -13, -7, -7, -8, -4, -3, 0, 4, 7, 7, 1, -5, -5, -5, -6
mse: 0.14731298374438817
mae: 0.3124137098430758
rsme: 0.3838137357422063
----------------------
max value: 0.5359585981714126
pred_str: -11, -12, -11, -10, -8, -10, -9, -8, -7, -8, -7, -8, -7, -7, -7, -7, -7, -7, -7, -7, -7, -7, -7, -7, -7, -7, -7, -7, -7, -7, -7, -7, -7, -7, -7, -7, -7, -7, -7, -7, -7, -7, -7, -7, -7, -7, -7, -7, -7, -7, -7, -7, -7, -7, -7, -7, -7, -7, -7, -7, -7, -7, -7, -7, -7, -7, -7, -7, -7, -7, -7, -7, -7, -7, -7, -7, -7, -7, -7, -7, -7, -7, -7, -7, -7, -7, -7, -7, -7, -7, -7, -7, -7, -7, -7, -7, -7, -7, -7, -7, -7, -7, -7, -7, -7, -7, -7, -7, -7, -7, -7, -7, -7, -7, -7, -7, -7, -7, -7, -7, -7, -7, -7, -7, -7, -7, -7, -7, -7, -7, -7, -7, -7, -7, -7, -7, -7, -7, -7, -7, -7, -7, -7, -7, -7, -7, -7, -7, -7, -7, -7, -7, -7, -7, -7, -7, -7, -7, -7, -7, -7, -7, -7, -7, -7, -7, -7, -7, -7,
target_str: -4, -1, -4, -6, -1, 2, 14, 9, 26, 37, 38, 18, 4, 0, -7, -15, -15, -5, -8, -17, -13, -8, -14, -13, -12
mse: 0.008745088287431486
mae: 0.06624448273398659
rsme: 0.09351517677591957
----------------------
max value: 0.5438453641955051
pred_str: 20, 21, 22, 23, 24, 25, 26, 27, 28, 29, 30, 31, 32, 33, 34, 35, 36, 37, 38, 39, 40, 41, 42, 43, 44, 45, 46, 47, 48, 49, 50, 51, 52, 53, 54, 55, 56, 57, 58, 59, 60, 61, 62, 63, 64, 65, 66, 67, 68, 69, 70, 71, 72, 73, 74, 75, 76, 77, 78, 79, 80, 81, 82, 83, 84, 85, 86, 87, 88, 89, 90, 91, 92, 93, 94, 95, 96, 97, 98, 99, 100, 101, 102, 103, 104, 105, 106, 107, 108, 109, 110, 111, 112, 113, 114, 115, 116, 117, 118, 119, 120, 121, 122, 123, 124, 125, 126, 127, 128, 129, 130, 131, 132, 133, 134, 135, 136, 137, 13
target_str: -4, 0, 2, 16, 23, 21, 3, -4, -11, -14, -15, -9, -8, -11, -4, -9, -7, -6, -12, 0, -7, -8, -8, -4, -4
mse: 0.042857934415861464
mae: 0.1914335681968178
rsme: 0.20702157958981346
----------------------
max value: 0.23076062473186015
pred_str: -16, 1, 10, 15, 20, 25, 30, 40, 50, 60, 70, 80, 90, 100, 110, 120, 130, 140
target_str: 5, 33, 48, 87, 52, 17, -5, -6, -4, -25, 0, 2, -5, 9, -2, -9, -13, -8, 43, -55, -45, -7, -10, 2, 4
mse: 0.02759630845995737
mae: 0.13430268359394262
rsme: 0.1661213666569035
----------------------
max value: 0.5059274783669776
pred_str: 0, -1, -2, -3, -4, -5, -6, -7, -8, -9, -10, -11, -12, -13, -14, -15, -16, -17, -18, -19, -20, -21, -22, -23, -24, -25, -26, -27, -28, -29, -30, -31, -32, -33, -34, -35, -36, -37, -38, -39, -40, -41, -42, -43, -44, -45, -46, -47, -48, -49, -50, -51, -52, -53, -54, -55, -56, -57, -58, -59, -60, -61, -62, -63, -64, -65, -66, -67, -68, -69, -70, -71, -72, -73, -74, -75, -76, -77, -78, -79, -80, -81, -82, -83, -84, -85, -86, -87, -88, -89, -90, -91, -92, -93, -94, -95, -96, -97, -98, -99, -100, -101, -102, -103, -104, -105, -106, -107, -108, -109, -110, -111, -112, -113, -114, -115, -116, -117, -118, -119, -120, -121, -122, -123, -1
target_str: -10, -8, 3, -1, 0, -16, -10, -22, 50, 25, -69, -5, -15, 0, 2, 15, 37, 56, 61, 46, 19, -4, -4, -7, -9
mse: 0.0318888462236855
mae: 0.13194588635810775
rsme: 0.17857448368589926
----------------------
max value: 1.0306748524485334
pred_str: 3, 25, 54, 81, 98, 115, 124, 133, 142, 151, 150, 138, 127, 116, 105, 94, 83, 72, 61, 50
target_str: 34, 24, 7, -4, -10, -15, -17, -13, -15, -12, -12, -8, -3, -5, -2, -2, -4, -5, 0, 3, 4, 11, 12, 12, 13
mse: 1.0672324275804437
mae: 0.8637055263518708
rsme: 1.033069420503987
----------------------
max value: 0.30373810308888555
pred_str: 21, 22, 23, 24, 25, 26, 27, 28, 29, 30, 31, 32, 33, 34, 35, 36, 37, 38, 39, 40, 41, 42, 43, 44, 45, 46, 47, 48, 49, 50, 51, 52, 53, 54, 55, 56, 57, 58, 59, 60, 61, 62, 63, 64, 65, 66, 67, 68, 69, 70, 71, 72, 73, 74, 75, 76, 77, 78, 79, 80, 81, 82, 83, 84, 85, 86, 87, 88, 89, 90, 91, 92, 93, 94, 95, 96, 97, 98, 99, 100, 101, 102, 103, 104, 105, 106, 107, 108, 109, 110, 111, 112, 113, 114, 115, 116, 117, 118, 119, 120, 121, 122, 123, 124, 125, 126, 127, 128, 129, 130, 131, 132, 133, 134, 135, 136, 137, 138, 1
target_str: -12, -9, -14, -18, -12, 8, -14, -19, -22, -22, -18, 60, 46, -41, -15, -22, -9, -13, -1, 2, 8, 31, 46, 72, 83
mse: 0.015544169660640593
mae: 0.1154204791737765
rsme: 0.12467625941068569
----------------------
max value: 0.347842579348822
pred_str: 16, 22, 30, 36, 36, 44, 51, 51, 50, 48, 44, 41, 35, 30, 25, 17, 8, 0, 0, -11, -20, -27, -27, -27, -27, -27, -27, -27, -27, -27, -27, -27, -27, -27, -27, -27, -27, -27, -27, -27, -27, -27, -27, -27, -27, -27, -27, -27, -27, -27, -27, -27, -27, -27, -27, -27, -27, -27, -27, -27, -27, -27, -27, -27, -27, -27, -27, -27, -27, -27, -27, -27, -27, -27, -27, -27, -27, -27, -27, -27, -27, -27, -27, -27, -27, -27, -27, -27, -27, -27, -27, -27, -27, -27, -27, -27, -27, -27, -27, -27, -27, -27, -27, -27, -27, -27, -27, -27, -27, -27, -27, -27, -27, -27, -27, -27, -27, -27, -27, -27, -27, -27, -27, -27, -27, -27, -27, -27, -27
target_str: -10, -6, -13, -6, 14, 114, -24, -51, -12, -20, -6, -7, 3, 5, 20, 38, 73, 93, 95, 71, 25, 3, -8, -13, -9
mse: 0.03596052147007001
mae: 0.16418169745264397
rsme: 0.18963259601152438
----------------------
max value: 0.37438341644052264
pred_str: 0, 2, 7, 11, 16, 17, 22, 27, 32, 37, 42, 47, 52, 57, 62, 67, 72, 77, 72, 67, 62, 57, 52, 47, 42, 37, 32, 27, 22, 17, 12, 7, 0, -3, -6, -10, -15, -15, -15, -15, -15, -15, -15, -15, -15, -15, -15, -15, -15
target_str: -12, -18, -20, -13, -17, -15, -15, -20, -12, -14, -14, -7, 5, -3, -13, -14, -18, -16, -6, 69, -49, -50, -16, -21, -9
mse: 0.05302644440874802
mae: 0.20486260547625398
rsme: 0.2302747150877578
----------------------
max value: 0.39385413861669377
pred_str: 1, 11, 11, 11, 11, 11, 11, 11, 11, 11, 11, 11, 11, 11, 11, 11, 11, 11, 11, 11, 11, 11, 11, 11, 11, 11, 11, 11, 11, 11, 11, 11, 11, 11, 11, 11, 11, 11, 11, 11, 11, 11, 11, 11, 11, 11, 11, 11, 11, 11, 11, 11, 11, 11, 11, 11, 11, 11, 11, 11, 11, 11, 11, 11, 11, 11, 11, 11, 11, 11, 11, 11, 11, 11, 11, 11, 11, 11, 11, 11, 11, 11, 11, 11, 11, 11, 11, 11, 11, 11, 11, 11, 11, 11, 11, 11, 11, 11, 11, 11, 11, 11, 11, 11, 11, 11, 11, 11, 11, 11, 11, 11, 11, 11, 11, 11, 11, 11, 11, 11, 11, 11, 11, 11, 11, 11, 11, 11, 1
target_str: 3, 10, 23, 38, 55, 68, 67, 53, 23, 2, -2, -7, -9, -8, -4, -5, -6, -8, -8, -12, -8, -8, -13, -9, -12
mse: 0.010355883468067035
mae: 0.08601774387388592
rsme: 0.10176386130678726
----------------------
max value: 0.006170146630727074
pred_str: 31, 33, 35, 37, 39, 41, 43, 45, 47, 49, 51, 53, 55, 57, 60, 62, 65, 68, 70, 73, 76, 81, 86, 91, 96, 101, 106, 111, 116, 121, 126, 131, 136, 141, 146, 151, 156, 161, 166, 171, 176, 181, 186, 191, 196, 201, 206, 211, 216, 221, 226, 231, 236, 241, 246, 251, 256, 261, 266, 271, 276, 281, 286, 291, 296, 301, 306, 311, 316, 321, 326, 331, 336, 341, 346, 351, 356, 361, 366, 371, 376, 381, 386, 391, 396, 401, 406, 411, 416, 421, 426, 431, 436, 441, 446, 451, 456, 461, 466, 471, 476, 481, 486, 491, 496, 501, 506, 51
target_str: -81, -81, -81, -81, -81, -81, -81, -81, -81, -81, -81, -81, -81, -81, -81, -81, -81, -81, -81, -81, -81, -81, -81, -81, -81
mse: 7.457579903414261e-05
mae: 0.00856169546479689
rsme: 0.008635728054665838
----------------------
max value: 0.3394267338185406
pred_str: 3, 10, 17, 24, 31, 38, 45, 52, 59, 66, 50, 15, 0, -6, -11, -11, -12, -12, -12, -12, -12, -12, -12, -12, -12, -12, -12, -12
target_str: 0, -1, 0, -3, -6, -6, -6, -9, -8, -3, 0, 2, -9, -14, -12, -20, -19, 81, -24, -44, -1, -6, -1, 1, 3
mse: 0.015419313499265367
mae: 0.09191675951806082
rsme: 0.1241745283835029
----------------------
AVG MSE: 0.12286158099000234
Median MSE: 0.03237622721536725
AVG RMSE: 0.26014483299191515
Median RMSE: 0.17992885508853484
AVG MAE: 0.22237927035430222
Median MAE: 0.13563756269963503
Number of False Outputs: 50
----------------------
