max value: 1.0172737027256264
pred_str: -1, -2, -2, -2, -3, -3, -3, -3, -3, -3, -3, -3, -3, -2, -3, -2, -3, -3, -2, -5, -5, -6, -8, -9, -10, -12, 23, 93, -22, -16, -9, -6, -5, 0, 2, 9, 18, 27, 34, 33, 22, 6, -2, -5, -5, -5, -6, -5, -4, -4, -3, -3, -4, -4, -5, -5, -4, -5, -5, -4, -6, -6, -6, -5, -6, -6, -6, -4, -5, -10, -8, -10, -11, -10, -11, 4, 100, 0, -22, -5, -7, 0, -2, 0, 6, 14, 28, 36, 35
target_str: -3, -5, -4, -5, -5, -4, -6, -9, -9, -10, -6, -9, -9, -8, -3, -4, -7, -11, -8, -11, -10, -11, 89, 20, -37, -8, -12, -1, -3, 1, 7, 16, 25, 32, 32, 19, 5, -6, -8, -8, -9, -7, -7, -8, -7, -7, -9, -8, -11, -13
mse: 0.06597555825703556
mae: 0.1548290575548403
rsme: 0.2568570774906457
----------------------
max value: 0.6358788304996957
pred_str: -11, -9, -11, -12, -11, -10, -12, -11, -11, -12, -12, -13, -14, -13, -13, -12, -12, -11, -10, -11, -10, -11, -10, -10, -10, -10, -10, -10, -11, -12, -12, -14, -14, -15, -15, -15, -15, -17, -16, -17, -15, -17, -15, -16, -14, -11, -11, -10, -12, -11, -11, -10, -10, -11, -11, -12, -12, -12, -13, -12, -12, -11, -12, -12, -10, -10, -10, -11
target_str: -5, -8, -8, -6, -7, -5, -4, -6, -6, -8, -7, -3, -2, 1, -1, -10, -7, -14, -3, -26, 47, 82, -29, -2, -12, 0, -5, 2, 6, 12, 24, 33, 34, 21, 6, -4, -9, -10, -11, -9, -7, -6, -7, -7, -8, -9, -10, -8, -6, -3
mse: 0.018560101300638784
mae: 0.08457188445645952
rsme: 0.13623546271304982
----------------------
max value: 0.8780585637531843
pred_str: 2, 10, 16, 22, 22, 12, 0, -4, -10, -12, -10, -13, -12, -14, -14, -13, -18, -16, -13, -14, -19, -14, -20, -19, -17, -16, -14, -15, -19, -17, -21, -19, -18, -18, -16, -22, -23, -22, -15, -20, -25, -15, -17, -25, -22, -22, -17, -22, -21, -18, -21, -20, -16, -24, -19, -23, -18, -24, -16, -22, -22, -22, -17, -18, -21, -22, -16, -14, -18, -21, -23, -17, -22, -21, -18
target_str: -9, -10, -11, -13, -10, -6, -2, -13, -12, -17, -9, -33, 32, 64, -16, -7, -13, -7, -7, -2, 2, 9, 21, 27, 21, 10, -1, -2, -4, -8, -5, 2, 0, 0, 3, 0, 0, -2, -2, 0, 4, 5, -4, -4, -4, -2, -14, 78, 35, -7
mse: 0.06128420204763766
mae: 0.1879045326431814
rsme: 0.24755646234271014
----------------------
max value: 0.5703371606863332
pred_str: -12, -13, -11, -10, -10, -11, -11, -11, -11, -9, -12, -13, -14, -13, -14, -13, -14, -12, -13, -13, -10, -1, 2, -12, -10, -18, 14, 90, -29, -14, -9, -6, -3, 2, 4, 11, 20, 30, 35, 34, 14, -3, -9, -12, -11, -10, -10, -11, -12, -11, -12, -11, -12, -11, -14, -13, -12, -11, -12, -11, -1, 1, -9, -11, -17, 5, 98, -28, -10, -5, -4
target_str: 0, -8, -9, -8, -6, -10, -10, -9, -8, -8, -10, -11, -11, -11, -12, -11, -12, -13, -11, -4, 4, 0, -7, -20, -4, -26, 89, 27, -34, 3, -13, 1, -1, 4, 9, 18, 26, 36, 40, 26, 3, -7, -11, -11, -10, -11, -9, -9, -8, -7
mse: 0.007264903506185621
mae: 0.03980953381590606
rsme: 0.08523440330163413
----------------------
max value: 0.2582175326783534
pred_str: 88, -19, -14, -16, -2, -2, 1, 15, 29, 48, 58, 64, 65, 46, 22, -1, -13, -13, -15, -11, -13, -13, -15, -15, -15, -15, -16, -14, -16, -12, -1, 6, 12, -9, -22, -14, 2, 99, -29, -19, -21, -14, -10, 1, 15, 30, 44, 57, 72, 72, 59, 29, 4, -10, -12, -11, -16, -15, -17, -16, -18, -18
target_str: -17, -1, 12, 14, -24, -2, -49, 65, 57, -71, -6, -24, -4, -11, 2, 16, 34, 54, 61, 71, 55, 29, -7, -21, -20, -26, -25, -24, -25, -27, -28, -34, -32, -33, -31, -27, -25, -28, -36, -21, -4, 8, -4, -26, -12, -20, 104, -30, -56, -2
mse: 0.018670695896982673
mae: 0.10514617930662547
rsme: 0.13664075489026936
----------------------
max value: 0.6815929574679479
pred_str: 0, 5, -2, -4, -1, -3, 0, -1, 3, 12, 21, 37, 41, 26, 0, -3, -7, -8, -11, -8, -8, -6, -8, -8, -6, -5, -11, -8, -11, -11, -10, -8, -8, -6, -9, -6, -5, -6, -4, -7, -8, -6, -1, -1, -6, -10, -6, -12, -8, -12, -15, 1, 89, -1, -1, -7, -4, -4, -2, 0, 2, 8, 20, 31, 40, 35, 11, -2, -9, -9, -10, -9, -9, -8, -7, -6, -8, -8, -7, -9, -10, -9, -8, -11, -10, -7, -7, -7, 0, -5, -12
target_str: -5, -7, -6, -6, -12, -4, -6, -8, -7, -4, -3, -6, -11, -5, -9, -5, -7, -8, -2, 2, -3, -5, -9, -5, -16, -4, -20, 50, 72, -15, 1, -11, -5, -10, -2, -5, -3, 3, 12, 25, 36, 40, 28, 5, -5, -11, -9, -9, -9, -8
mse: 0.022421027131588903
mae: 0.0892886774283012
rsme: 0.14973652570962404
----------------------
max value: 0.4814011836150589
pred_str: 11, 36, 23, 31, 31, 17, -2, -10, -11, -11, -11, -8, -8, -7, -9, -11, -11, -12, -13, -12, -12, -13, -10, -6, 3, 4, -13, -5, -21, 60, 34, -30, -6, -14, -9, -12, -8, -4, -1, 4, 15, 28, 34, 36, 28, 13, -1, -8, -9, -9, -8, -9, -7, -8, -8, -9, -9, -11, -9, -10, -10, -11, -12, -13, -11, -11, 3, 4, -13, -8, -19, -4, -25, 63, 35, -36, -3, -17, -11, -10, -5
target_str: 6, -2, -15, -13, -17, 5, 87, -12, -11, -12, -11, -10, -5, -4, -6, 0, 7, 12, 24, 35, 34, 20, 4, -3, -9, -11, -11, -11, -10, -10, -8, -9, -9, -8, -10, -9, -8, -11, -9, -8, -9, 1, 4, -1, -14, -9, -20, 6, 99, -1
mse: 0.022858143420563522
mae: 0.10311613353034561
rsme: 0.15118909821995608
----------------------
max value: 0.5770504865198544
pred_str: 51, 35, 21, 11, 0, -4, -5, -7, -8, -10, -10, -12, -11, -12, -12, -13, -15, -14, -13, -15, -17, -16, -18, -18, -16, -16, -12, -13, -11, -12, -11, -11, -12, -12, -13, -14, -15, -16, -14, -12, -2, 3, 5, -8, -14, -11, -15, -12, 7, 95, 1, -11, -13, -10, -5, 0, 0, 4, 11, 22, 38, 42, 47, 25, 1, -4, -12, -11, -13, -10, -12
target_str: 7, -1, -1, 2, -12, -22, -23, -29, -20, -22, 75, 9, -34, -17, -28, -16, -23, -12, -10, 2, 11, 26, 38, 38, 14, -13, -20, -27, -30, -28, -29, -26, -27, -21, -20, -24, -16, -16, -7, -13, -24, -20, -27, -13, -30, 54, 60, -27, 0, -7
mse: 0.03244561302893051
mae: 0.12752815752088784
rsme: 0.18012665829612926
----------------------
max value: 0.3648640357837354
pred_str: -1, 0, 13, 35, 51, 65, 47, 17, -2, -15, -16, -12, -12, -10, -12, -11, -12, -10, -10, -11, -10, -12, -13, -13, -10, -12, -13, -11, -10, -9, -14, -9, -14, -15, -11, -11, -9, 11, -6, -17, -16, -19, -17, -6, 88, 21, -36, -13, -22, -11, -8, -3, 1, 18, 36, 58, 62, 40, 5, -17, -13, -18, -11, -13, -11, -11, -12
target_str: 0, -8, -1, 5, 17, 0, -12, -14, -9, -13, 40, 85, -47, -10, -10, -6, -6, -5, 2, 7, 20, 48, 70, 58, 10, -11, -24, -25, -25, -20, -20, -15, -9, -16, -9, -12, -16, -13, -14, -11, -13, -7, 0, 14, -13, -14, -18, -8, -17, 65
mse: 0.016535551222008737
mae: 0.08472142910898338
rsme: 0.12859063427018602
----------------------
max value: 1.1852284490423035
pred_str: 0, -2, 0, -3, -4, -3, 1, 3, 5, 11, 15, 22, 26, 27, 29, 30, 35, 41, 42, 38, 25, 13, 10, 7, 4, 1, -1, -1, -4, -7, -11, -16, -12, -15, -15, -16, -13, -15, -17, -15, -18, -23, -20, -26, -18, -14, -10, -5, 1, 1, 6, 7, 11, 19, 22, 39, 44, 50, 55, 59, 49, 40, 29, 19, 17, 14, 13, 13, 11, 10, 9
target_str: 0, 5, 10, 24, 37, 37, 26, 12, 3, 1, 1, 4, 4, 5, 4, 6, 5, 4, 5, 8, 6, -2, 0, -9, 11, 36, -56, -33, -21, -24, -28, -30, -28, -18, -4, 7, 2, -10, -13, -12, -8, -6, -3, -1, 0, 1, 2, 2, 5, 4
mse: 0.0640123987974712
mae: 0.2114447553091469
rsme: 0.2530067169018862
----------------------
max value: 0.30373810308888555
pred_str: 0, -15, -16, -16, -13, -11, -15, -10, -12, -16, -10, -10, -18, -17, -17, -20, -19, -14, -14, -16, -2, 0, -16, -13, -24, -24, -35, -32, -29, -24, -2, -3, -15, -18, -12, -13, -10, -10, -18, -14, -10, -12, -16, -16, -13, -10, -22, -20, -16, -15, -18, -20, -19, -17, -19, -12, -12, -11, -15, -14, -10, -14, -17
target_str: -12, -9, -14, -18, -12, 8, -14, -19, -22, -22, -18, 60, 46, -41, -15, -22, -9, -13, -1, 2, 8, 31, 46, 72, 83, 74, 30, 0, -21, -20, -23, -25, -23, -17, -24, -23, -23, -29, -34, -32, -24, -18, -6, -21, -21, -25, -21, -21, 66, 42
mse: 0.011528967676105195
mae: 0.06809808271252814
rsme: 0.10737303048766574
----------------------
max value: 0.347842579348822
pred_str: 75, 68, -44, -14, -13, -15, -10, -6, 2, 17, 39, 56, 79, 95, 61, 24, 1, -7, -13, -17, -15, -14, -16, -12, -11, -10, -10, -9, -11, -12, -16, -17, -16, -19, -12, -10, -10, -15, -10, -15, -12, -11, -14, -15, -18, -13, -15, -17, -13, -11, -14, -14, -12, -15, -12, -12, -12, -12, -14, -18, -19
target_str: -10, -6, -13, -6, 14, 114, -24, -51, -12, -20, -6, -7, 3, 5, 20, 38, 73, 93, 95, 71, 25, 3, -8, -13, -9, -12, -6, -10, -8, -5, -6, -8, -10, -10, -20, -27, -22, -31, -24, -22, -27, -17, -17, -15, -7, -6, -20, -21, -20, -35
mse: 0.023148660088738515
mae: 0.09990038878898166
rsme: 0.15214683726170095
----------------------
max value: 0.2530007926888673
pred_str: 0, -13, -22, -20, -13, -13, -13, -12, -11, -10, -10, -14, -17, -16, -15, -14, -13, -16, 12, 75, 61, -21, -14, -16, -10, -12, -6, 1, 10, 27, 51, 64, 56, 34, 2, -9, -15, -14, -16, -14, -12, -12, -12, -14, -17, -19, -21, -16, -14, -19, 0, -14, -20, -25, -21, -17, 17, 65
target_str: -12, -2, -8, 0, 4, 9, 16, 19, 51, 62, 65, 58, 33, -1, -11, -19, -17, -12, -11, -2, -2, 0, -3, 0, 10, 2, -15, -27, -24, -29, -29, -28, 2, 103, 17, -37, -12, -21, -14, -12, -6, -1, 1, 26, 44, 71, 62, 34, 2, -11
mse: 0.011539742849325678
mae: 0.08202285698973079
rsme: 0.10742319511784072
----------------------
max value: 0.5359585981714126
pred_str: -6, -1, 0, 1, -1, -2, -3, -3, -1, 0, 0, 1, 1, -1, -1, -6, -7, -11, 101, 55, 3, 1, -4, -2, 0, -1, 4, 1, 12, 27, 27, 26, 13, 0, 3, -2, -3, -5, -1, -3, -3, -1, -6, 1, -5, -3, -5, -12, -5, -11, -14, -9, -4, -10, -10, -14, -10, -11, -15, -16, -10, -11, -12, -12, -12, -16, -13, -15, -17, -10, -13, -10, -10, -14, -14, -15, -15, -11, -16, -12
target_str: -4, -1, -4, -6, -1, 2, 14, 9, 26, 37, 38, 18, 4, 0, -7, -15, -15, -5, -8, -17, -13, -8, -14, -13, -12, -9, -5, -13, -14, -22, -11, -31, 31, 70, -9, -9, -14, -11, -15, 1, -5, 3, 10, 25, 27, 29, 16, -1, -16, -13
mse: 0.022880740456151214
mae: 0.10022425785805414
rsme: 0.15126381079475426
----------------------
max value: 1.2334026676596268
pred_str: -4, -6, -6, -6, -6, -6, -7, -6, -5, -7, -5, -6, -6, -7, -6, -6, -6, -7, -6, -6, -6, -6, -6, -8, -7, -9, -10, -10, -15, -18, 86, 58, -24, -1, -8, -3, -2, 0, 6, 13, 19, 17, 8, -3, -5, -5, -5, -5, -5, -5, -5, -5, -5, -5, -5, -6, -5, -5, -5, -5, -5, -6, -7, -7, -9, -12, -18, 104, 50, -22, -4, -8, -2, -2, 2, 8, 14, 20, 14, 4, -2, -6, -5, -5, -5, -5, -5, -5, -5, -5, -6, -5, -5, -6, -6, -6, -6
target_str: -1, -7, -8, -8, -9, -9, -8, -8, -8, -8, -7, -8, -7, -7, -8, -8, -6, -4, -5, -5, -12, -5, -24, 56, 82, -14, -3, -10, -3, -5, 0, 3, 9, 16, 22, 15, 6, -4, -6, -7, -7, -7, -6, -7, -6, -7, -6, -6, -7, -7
mse: 0.0851005229445981
mae: 0.15047512545447445
rsme: 0.29171993923041684
----------------------
max value: 0.4820464842265821
pred_str: 0, -1, -1, -2, -5, -5, -5, -8, -6, -5, -4, -4, -5, -7, -7, -7, -6, -7, -7, -1, -1, -4, 0, 3, 2, -2, -2, -3, -5, 94, 31, -5, -5, -5, -7, -8, -4, -4, 1, 10, 21, 33, 31, 15, 0, -4, -7, -10, -10, -12, -12, -12, -13, -14, -14, -15, -14, -11, -11, -13, -11, -12, -14, -14, -15, -10, -11, -15, -11, -13, -10, -10, -13, -13, -13, -13, -13, -12, -15, -10
target_str: 12, 18, 30, 37, 39, 26, -1, -14, -9, -15, -22, -14, -19, -16, -20, -16, -19, -20, -21, -18, -15, -13, -19, -19, -23, -15, -31, 58, 67, -27, -7, -16, -3, -10, -6, 7, 5, 25, 37, 47, 33, 8, 0, -9, -8, -10, -10, -13, -11, -8
mse: 0.019505038159460194
mae: 0.09775902700115084
rsme: 0.1396604387772722
----------------------
max value: 0.7447405605878279
pred_str: -1, 0, 0, -1, -1, 0, 0, 0, 1, -1, -1, 0, 1, 0, -1, -3, -1, 0, 0, -3, -3, -5, -1, -7, -10, -11, -10, -12, -12, -10, -9, -9, -10, -12, -10, -9, -7, -7, -8, -10, -11, -12, -13, -11, -12, -11, -11, -9, -9, -10, -10, -12, -10, -10, -10, -11, -10, -9, -9, -7, -7, -6, -10, -10, -11, -11, -12, -13, -13, -14, -13, -14, -13, -14, -14, -13
target_str: 38, 46, 43, 30, 20, 20, 18, 8, -2, -7, -12, -15, -17, -21, -23, -23, -25, -27, -28, -27, -23, -28, -27, -33, -25, -44, 54, 18, -36, -25, -33, -26, -30, -24, -24, -21, -14, -9, -3, -1, -5, -11, -14, -14, -12, -13, -11, -11, -10, -6
mse: 0.026348656703787433
mae: 0.1285422207574591
rsme: 0.1623226931263384
----------------------
max value: 0.3394267338185406
pred_str: 60, 4, 0, -10, -11, -14, -15, -15, -13, -16, -14, -15, -12, -12, -12, -11, -13, -13, -13, -10, -12, -8, -4, -7, -11, -13, -20, -16, -27, -14, 93, 24, -58, -13, -18, -9, -7, 2, 6, 12, 23, 38, 57, 66, 59, 26, 6, -9, -17, -15, -14, -11, -13, -13, -11, -10, -12, -10, -12, -13, -11, -12, -12
target_str: 0, -1, 0, -3, -6, -6, -6, -9, -8, -3, 0, 2, -9, -14, -12, -20, -19, 81, -24, -44, -1, -6, -1, 1, 3, 10, 20, 27, 46, 59, 63, 43, 14, -5, -11, -10, -10, -11, -6, -9, -10, -6, -9, -8, -12, -11, -10, 0, -11, -12
mse: 0.013088604929895853
mae: 0.07759295135091838
rsme: 0.11440544099777708
----------------------
max value: 0.26328929729390066
pred_str: -18, -27, -28, -22, -18, -19, -17, -18, -17, -16, -18, -13, -19, -25, -24, -27, -27, -14, -25, -23, -11, 0, -23, -24, -27, 27, 43, -44, -11, -6, -1, -3, 11, 17, 27, 38, 67, 92, 89, 93, 69, 27, -2, -16, -20, -22, -15, -19, -20, -16, -20, -17, -18, -18, -17, -23, -20, -17
target_str: 91, 94, 71, 22, -10, -12, -33, -25, -29, -17, -19, -17, -17, -16, -17, -16, -21, -19, -20, -22, -16, -17, -28, -22, -17, -3, 3, -22, -18, -32, 48, 25, -52, -7, -11, 0, 2, 20, 21, 41, 54, 76, 98, 79, 67, 24, -10, -19, -23, -17
mse: 0.014149715738161466
mae: 0.08093512998814507
rsme: 0.11895257768607398
----------------------
max value: 0.49830573767242065
pred_str: -4, -8, -12, -15, -11, -10, -12, -10, -11, -11, -10, -13, -14, -13, -11, -14, -12, -11, -11, -10, -11, -10, -11, -12, -11, -12, -11, -11, -11, -12, -12, -11, -10, -12, -11, -11, -12, -11, -11, -12, -13, -12, -12, -12, -13, -12, -12, -12, -12, -13, -12, -12, -11, -11, -11, -12, -12, -11, -11, -12, -11, -13, -12, -13, -13, -12, -13, -13, -14, -14, -12, -13, -14, -12
target_str: -7, -8, -9, -6, -14, -8, -5, -3, -2, -13, -12, -20, -15, -24, 82, 37, -24, -3, -16, -6, -7, -3, 5, 11, 24, 29, 33, 20, 3, -4, -12, -11, -10, -9, -10, -4, -4, -6, -9, -5, -10, -7, -9, -11, -6, -7, -8, -8, -4, 0
mse: 0.009667150734335543
mae: 0.05461430884889729
rsme: 0.0983216697088467
----------------------
max value: 0.4332330379281967
pred_str: -6, -11, -18, -10, -16, -15, -10, -10, -2, -3, 0, -1, -4, -8, -7, -11, -12, -16, -15, -14, -18, -22, -19, -18, -16, -18, -15, -15, -16, -18, -16, -16, -15, -17, -15, -17, -16, -17, -17, -16, -14, -13, -16, -15, -15, -13, -14, -13, -13, -13, -13, -11, -11, -12, -11, -11, -11, -11, -11, -12, -10, -10, -11, -10, -10, -11, -12, -11
target_str: -1, -15, -4, 6, 0, -20, -5, -10, 22, -70, -105, 0, -12, 2, 15, 16, 14, 22, 49, 63, 34, 29, 16, 0, -10, -6, -5, 0, -3, -5, 0, 0, -5, -10, 0, 0, -5, -14, 3, 15, -17, -4, -15, 29, -42, -116, -10, -3, 4, 12
mse: 0.02070981006092622
mae: 0.09947030550831394
rsme: 0.14390903397954632
----------------------
max value: 0.6062498297873488
pred_str: 9, 1, -12, -16, -13, -11, -13, -11, -13, -11, -13, -13, -12, -13, -10, -10, -7, -4, -7, -13, -14, -10, -17, -14, -12, 94, 58, -16, -1, -8, -5, -7, -5, -2, 2, 10, 36, 26, 10, -1, 0, -10, -10, -8, -12, -9, -11, -10, -10, -10, -8, -8, 0, 7, -8, -15, -14, -13, -15, -16, 68, 72, -21, -2, -10, -6, -8, -6, 1, 0, 3, 23, 43, 35, 1, -10, -12
target_str: -25, -5, -16, -11, -10, -4, 2, -2, 5, 22, 41, 31, 1, 3, 1, -8, -20, -7, -2, -8, -6, -9, -6, -3, -11, -2, -15, 6, 11, 5, -15, -25, 2, -12, -14, -4, 105, 30, -20, -8, -22, 2, -7, -6, -3, 3, 14, 24, 32, 23
mse: 0.026860474682756433
mae: 0.11239871844257447
rsme: 0.16389165531764097
----------------------
max value: 0.25812287143869844
pred_str: 6, 12, 18, 29, 45, 63, 83, 99, 101, 88, 59, 13, -5, -10, -14, -13, -12, -10, -10, -15, -12, -11, -16, -12, -11, -15, -12, -12, -10, 0, 0, -13, -14, -24, -23, -11, 18, -42, -16, -10, -11, -7, 1, 9, 23, 34, 45, 75, 98, 100, 86, 55, 3, -8, -10, -14, -12, -10, -10, -11, -11, -10, -11, -16
target_str: 92, 55, 11, -11, -13, -21, -24, -10, -11, -12, -15, -19, -9, -15, -22, -15, -15, -20, -18, -17, -14, -11, -17, -6, 6, -6, 0, -26, -15, -28, 1, 33, -56, -12, -10, -7, -3, 5, 7, 15, 24, 55, 81, 98, 89, 53, 21, -6, -21, -13
mse: 0.018885141516053087
mae: 0.09860293688958283
rsme: 0.13742322043982627
----------------------
max value: 0.6569031778328429
pred_str: -3, -7, -7, -8, -5, -10, -9, -7, -10, -10, -10, -9, -8, -8, -8, -7, -8, -6, -3, 0, -6, -10, -17, 14, 98, -10, -12, -11, -11, -9, -7, -5, 5, 12, 17, 23, 17, 2, -7, -6, -8, -7, -7, -7, -6, -7, -6, -6, -7, -6, -6, -5, -5, 0, -7, -12, -22, 51, 80, -26, -7, -14, -8, -7, -8, -6, 2, 8, 16, 22, 18, 9, -4, -7, -9, -9, -9, -9, -9, -9, -9, -9, -10, -9, -8, -9, -8, -5, 1, -1, -12, -21
target_str: 4, 15, 23, 20, 20, 8, 0, -8, -12, -10, -6, -4, -7, -8, -9, -4, -3, -8, -5, -2, 0, -8, -10, -14, 99, 20, -23, -5, -14, -8, -1, -4, -2, 7, 14, 27, 24, 9, 0, -5, -4, -7, -8, -7, -6, -5, -3, -10, -9, -6
mse: 0.0048468526896466415
mae: 0.042830087194701355
rsme: 0.06961934134740605
----------------------
max value: 0.26096405481995777
pred_str: -14, -21, -14, -11, -15, -13, -10, -13, -12, -11, -11, -11, -14, -10, -9, -10, -10, -14, -13, -21, -14, -25, -27, -25, 94, 17, -87, -2, -13, 0, 0, 10, 17, 27, 46, 65, 74, 63, 24, 5, -4, -7, -5, -6, -3, 0, -3, -2, -4, -6, -8, -8, -10, -13, -13, -10, -10, -14, -11, -16, -18, -16, -17, -18, -17
target_str: -2, 3, 3, -1, -12, 1, -21, 30, 111, -74, -28, -10, 0, 0, 3, 9, 17, 39, 55, 64, 63, 21, -1, -17, -20, -25, -21, -17, -14, -16, -19, -20, -21, -17, -20, -20, -19, -2, -5, -17, -19, -25, -18, -26, 112, -43, -61, -6, -11, 1
mse: 0.015981415965411895
mae: 0.09540845844217652
rsme: 0.1264176252166283
----------------------
max value: 0.23076062473186015
pred_str: 78, 64, 51, 24, -11, -10, -11, -16, -12, -11, -11, -9, -10, -17, -14, -12, -18, -16, -18, -21, -20, -21, -18, -19, -18, -20, -12, -14, -2, 36, 79, 59, 35, -1, -10, -17, -20, -14, -17, -13, -11, -10, -14, -22, 2, -30, -22, 10, -5, -67, -30, -1, -10, -11, 1, 10, 15, 65, 85, 70, 24, -1, -11
target_str: 5, 33, 48, 87, 52, 17, -5, -6, -4, -25, 0, 2, -5, 9, -2, -9, -13, -8, 43, -55, -45, -7, -10, 2, 4, 7, 22, 58, 94, 65, 18, -13, -4, -5, -9, -10, -10, -10, 0, 2, -20, -13, -18, 20, -25, -62, -7, -23, -3, -13
mse: 0.00631965879524159
mae: 0.058751655056731605
rsme: 0.07949628164412213
----------------------
max value: 0.361291317875315
pred_str: -18, -13, -12, -12, -12, -13, -10, -13, -12, -10, -11, -13, -14, -15, -14, -14, -14, -14, -12, -11, -12, -16, -17, -16, -16, -16, -16, -18, -19, -20, -19, -16, -12, -11, -12, -12, -20, -20, -24, -21, 98, 3, -54, -13, -16, -7, -5, 0, 5, 11, 20, 33, 51, 67, 73, 57, 20, 0, -10, -15, -15, -13, -10
target_str: 60, 64, 37, 3, -12, -21, -23, -17, -19, -18, -10, -12, -17, -17, -18, -16, -16, -4, -6, -7, -7, -7, -7, -5, -5, 0, 2, 0, -3, -11, -8, -15, -1, 103, -38, -32, 0, 1, 5, 8, 17, 19, 27, 44, 62, 75, 69, 36, 10, -7
mse: 0.01834619057109611
mae: 0.08866088940660229
rsme: 0.135448110252953
----------------------
max value: 0.5461180099718109
pred_str: 10, 12, 11, 16, 17, 22, 20, 16, 17, 12, 15, 12, 13, 13, 10, 12, 13, 10, 7, 10, 10, 12, 11, 14, 11, 12, 8, 11, 12, 10, 12, 12, 11, 10, 12, 9, 14, 11, 13, 11, 9, 12, 11, 10, 12, 10, 12, 12, 12, 12, 12, 12, 11, 12, 11, 11, 12, 13, 13, 12, 13, 12, 11, 13, 10, 12, 11, 12, 11, 10, 12, 11, 11, 11, 10, 12, 12, 12, 13
target_str: 9, 0, -8, -8, -11, -10, -9, -8, -8, -4, -4, -6, -8, -6, -4, -1, 10, 3, -12, -6, -15, -3, -18, 67, 50, -24, -1, -11, -3, -6, -2, -4, 2, 6, 13, 22, 20, 11, 0, -4, -8, -11, -13, -9, -4, -5, -3, -4, -6, -7
mse: 0.012304987292688824
mae: 0.0973182293769767
rsme: 0.11092784723724167
----------------------
max value: 0.3308537673821901
pred_str: 5, -15, -13, -17, -12, -11, -10, -14, -16, -15, -15, -15, -13, -9, -1, -1, -10, -14, -16, -10, 87, 14, -17, -5, -16, -2, -3, 2, 13, 27, 39, 49, 47, 25, 2, -11, -18, -19, -20, -19, -21, -22, -21, -20, -18, -14, -6, -14, -18, -15, 95, -20, -15, -12, -1, 2, 8, 14, 25, 41, 52, 43, 16, -1, -10, -14, -14, -10
target_str: -23, -41, -15, 70, -55, -26, -25, -18, -12, -13, -4, 9, 27, 38, 33, 7, -17, -26, -28, -26, -25, -21, -19, -15, -7, -1, -3, -34, -11, -40, 54, 45, -70, 0, -18, 3, 2, 16, 19, 40, 53, 64, 51, 22, 0, -6, -6, -3, -2, 3
mse: 0.0176653350797977
mae: 0.0943594944574006
rsme: 0.1329110043592994
----------------------
max value: 0.9329780208280937
pred_str: -2, -8, -6, -10, -1, 2, 4, 12, 17, 16, 0, -4, -7, -9, -8, -8, -8, -8, -7, -8, -4, -7, -7, -5, -10, -5, -11, -13, -12, 56, -17, -12, -10, -11, -12, -7, -6, -3, 2, 10, 17, 16, 3, -2, -5, -7, -7, -5, -6, -5, -6, -5, -5, -4, -4, -3, 3, 2, -5, -6, -10, -2, -22, 39, 55, -26, -3, -8, -5, -4, -2, -1, 1, 7, 15, 17, 16, 3, -1, -4, -6, -5, -4, -4, -4, -3, -3, -4, -2, -1, 1, 1, -2, -8
target_str: 12, 4, -1, -3, -5, -4, -3, -3, -5, -4, -3, -2, -1, -2, -2, 0, -1, -2, -3, 0, 6, 9, -3, 0, -7, 3, -17, 45, 50, -26, 0, -6, 1, -2, 0, 0, 3, 9, 14, 18, 15, 4, 0, -3, -5, -4, -5, -5, -5, -5
mse: 0.030900903550864892
mae: 0.1026275822910903
rsme: 0.17578652835432212
----------------------
max value: 0.6898785427301292
pred_str: 76, 2, -13, -12, -10, -13, -11, -12, -12, -12, -10, -11, -14, -14, -14, -13, -15, -14, -13, -13, -12, -10, -6, -3, -12, -15, -12, -21, 58, 62, -27, -11, -6, -6, -6, -2, 3, 11, 26, 38, 48, 39, 24, 5, -3, -6, -7, -8, -6, -8, -8, -9, -10, -10, -13, -12, -15, -12, -13, -11, -12, -8, 0, -6, -11, -13, -16, -12, 22, 87, -40, -22, -11
target_str: -10, -6, -16, -10, -11, -11, -14, -13, -15, -10, -7, -1, -3, -7, -22, -9, -13, 80, 23, -41, 0, -17, -2, -7, 1, 6, 18, 31, 40, 44, 31, 12, -5, -11, -8, -6, -7, -11, -9, -10, -8, -12, -13, -12, -15, -13, -13, -15, -10, -2
mse: 0.037735728426107486
mae: 0.12473004052560736
rsme: 0.19425686197946132
----------------------
max value: 0.5438453641955051
pred_str: -13, -11, -11, -10, -11, -11, -11, -12, -11, -10, -10, -11, -12, -13, -13, -13, -15, -15, -13, -14, -16, -12, -14, -16, -15, -17, -18, -17, -14, -14, -12, -13, -12, -12, -11, -11, -11, -11, -13, -14, -13, -12, -13, -13, -13, -13, -14, -12, -11, -14, -14, -14, -13, -12, -12, -13, -14, -13, -12, -12, -14, -15, -15, -14, -15, -14, -13, -12, -13, -11, -11, -11
target_str: -4, 0, 2, 16, 23, 21, 3, -4, -11, -14, -15, -9, -8, -11, -4, -9, -7, -6, -12, 0, -7, -8, -8, -4, -4, -1, 4, 0, -2, -10, 0, -12, 81, 66, -5, 0, -7, 4, -9, 4, 3, 9, 16, 23, 30, 24, 7, -2, -10, -3
mse: 0.016509165952800168
mae: 0.0858187984700507
rsme: 0.1284879992559623
----------------------
max value: 0.24583677141229052
pred_str: -20, -25, -34, -28, -16, -14, -3, -16, 2, 13, 39, 64, 82, 82, 69, 37, 23, 17, 18, 10, 4, 0, -1, -11, -15, -10, -21, -10, -14, -11, -2, -10, -17, -23, -12, -12, -11, -20, -27, -25, -19, -21, -22, -24, -29, -29, -32, -32, -24, -29, -29, -27, -23, -22, -15, -13, -4, -20, -12, -14, -13, -12, -11, -13
target_str: -14, 5, -6, 0, -13, 3, -15, 0, -14, -2, -5, -6, -16, -14, -8, -15, -1, -8, -9, 1, 14, -5, -13, -8, -20, 10, 38, -38, -29, 8, -9, -1, -5, 12, 22, 13, 44, 67, 65, 54, 18, 0, -13, -5, -10, -17, -21, -13, -2, -10
mse: 0.009452146323104697
mae: 0.0733576925894275
rsme: 0.09722214934419367
----------------------
max value: 0.7229541131901488
pred_str: -2, -1, -1, 0, -1, 0, 3, 10, 31, 25, 27, 12, -4, -1, -3, -2, -1, -1, -2, -2, -1, -1, -1, -1, -2, -3, -4, -4, -6, -4, -5, -6, -4, -5, -6, -6, -4, -5, -6, -4, -8, -3, -2, -2, -2, -2, -1, -1, -2, -1, -2, -1, -1, -1, -1, -1, -2, -1, -1, -2, -1, -3, -2, -3, -2, -4, -3, -2, -4, -4, -3, -3, -4, -4, -5, -3, -3, -4, -4, -4, -5, -4, -4, -5, -4, -4, -4, -4, -4, -5, -5, -4, -4, -4, -4, -5, -5, -3, -5, -5, -3, -4, -5, -5
target_str: -6, -6, -1, 2, -1, -5, -10, -5, -12, -1, -19, 56, 57, -18, 0, -12, -3, -5, -2, -3, 0, 3, 15, 23, 36, 30, 10, -2, -7, -6, -8, -7, -10, -10, -6, -6, -7, -5, -8, -6, -4, -8, -5, -7, -6, -8, -4, -9, -7, 1
mse: 0.015768732143818992
mae: 0.07272918378692898
rsme: 0.1255736124503034
----------------------
max value: 0.7263826898248835
pred_str: 4, 12, 24, 33, 33, 16, -1, -6, -6, -8, -7, -6, -6, -8, -8, -9, -8, -8, -8, -9, -10, -8, -10, -9, -6, 0, 3, -3, -10, -7, -20, 81, 56, -31, -4, -12, -4, -8, -6, -5, -1, 4, 10, 21, 34, 32, 18, 0, -6, -5, -6, -9, -8, -8, -8, -9, -8, -7, -7, -8, -8, -10, -8, -10, -7, -6, -2, 3, -2, -11, -5, -25, 69, 76, -29, -3, -10, -5, -5, -4, -3, 0, 7, 12, 25, 32, 32
target_str: -11, -8, -5, -1, 6, 13, 23, 32, 31, 18, 3, -5, -4, -6, -8, -6, -7, -7, -6, -3, -4, -7, -6, -7, -7, -6, -7, -7, -7, -7, -3, 3, 7, -4, -6, -7, -11, -2, 96, -2, -15, -2, -7, -3, -5, 0, 0, 5, 9, 21
mse: 0.03453455736407905
mae: 0.11767399575163111
rsme: 0.18583475822374848
----------------------
max value: 0.432460815366128
pred_str: 5, 10, 15, 1, 1, 0, -2, -4, -4, -6, -7, -4, -5, -5, -6, -4, -3, -2, -3, -5, -4, -6, -7, -8, -7, -8, -4, -1, 0, 0, -11, 0, -27, 69, 94, -34, -2, -15, -5, -9, -7, -5, 0, 17, 33, 35, 16, 1, -5, -6, -8, -8, -7, -8, -9, -7, -8, -7, -8, -6, -7, -8, -5, -6, -3, 0, 0, -10, -1, -33, 98, 38, -37, -3, -19, -4, -12, -7, -6, 0, 18, 30, 33, 16, 3, -4, -7, -8
target_str: 36, 26, 5, -5, -6, -9, -8, -6, -3, -1, -4, -5, -6, -4, -5, -3, 9, 1, -9, -7, -11, -14, 108, -15, -21, -12, -13, -10, -9, -6, 0, 9, 22, 35, 27, 7, -7, -10, -12, -12, -7, -7, -8, -7, -10, -9, -10, -8, -13, -10
mse: 0.01157182130632223
mae: 0.061495927945063394
rsme: 0.10757240030008733
----------------------
max value: 1.0303882250761076
pred_str: -5, -8, -4, -6, -6, -8, -4, -4, -3, 0, 3, 3, 0, -3, -4, -4, -4, -4, -5, -6, -5, -5, -5, -5, -4, -4, -3, -4, 0, -2, 0, -8, 0, -21, 42, 97, -3, -5, -10, -6, -7, -8, -6, -5, -4, 1, 3, 6, 4, 0, -2, -3, -5, -4, -5, -6, -5, -5, -6, -5, -4, -5, -5, -3, -3, -2, -4, 0, -3, -3, -9, 1, -21, 50, 97, -1, -5, -10, -6, -8, -8, -7, -5, -4, 0, 4, 7, 5, 1, -3, -5, -4, -4, -4, -5, -5, -5, -5, -4, -5, -4, -5, -3, -3, 0, -5
target_str: -1, -5, -7, -8, -5, -10, 87, 40, -13, -1, -13, -7, -7, -8, -4, -3, 0, 4, 7, 7, 1, -5, -5, -5, -6, -6, -5, -5, -5, -5, -4, -3, 0, 1, -5, -4, -4, -8, -8, 93, 42, -12, -7, -12, -6, -9, -6, -7, -3, 2
mse: 0.07833646500660124
mae: 0.13312615867983313
rsme: 0.2798865216594062
----------------------
max value: 0.374644169405007
pred_str: -4, 2, -1, 0, -3, -3, -6, -4, -5, -4, -2, -3, -5, -3, -4, -7, -4, -3, -6, -8, -7, -8, -7, -8, -7, -10, -6, -4, -3, -2, -3, -1, -1, 0, -2, -14, 62, 2, -16, -21, -19, -18, -16, -13, -11, -10, -10, -11, -10, -10, -10, -11, -11, -10, -11, -10, -12, -10, -12, -9, -9, -10, -8, -12, -14, -12, -15, -13, -11, -10, -13, -11, -14, -11, -13, -11, -12, -12
target_str: 72, -92, -16, -7, 1, 4, 8, 10, 22, 39, 51, 56, 29, 0, -4, -10, -12, -14, -14, -12, -11, -11, -11, -12, -14, -15, -13, -13, -15, -14, -13, -14, -7, -12, -12, -19, -11, -14, 92, -35, -73, -3, -12, 0, -3, 8, 11, 26, 44, 54
mse: 0.015931784657479874
mae: 0.08287129027238756
rsme: 0.12622117357036367
----------------------
max value: 0.39385413861669377
pred_str: 34, 48, 23, 1, -6, -14, -19, 93, -34, -63, -15, -17, -9, -9, -1, -2, 5, 14, 22, 34, 49, 62, 63, 53, 20, -3, -8, -10, -10, -11, -10, -10, -9, -10, -12, -12, -11, -13, -12, -12, -13, -11, -11, -14, -10, -14, -11, -9, 0, 15, 14, -2, -11, -10, -23, 93, -30, -47, -10, -11, -6, -5, 0, 2, 12, 20, 34, 44, 55, 57, 52
target_str: 3, 10, 23, 38, 55, 68, 67, 53, 23, 2, -2, -7, -9, -8, -4, -5, -6, -8, -8, -12, -8, -8, -13, -9, -12, -10, -14, -16, -6, -1, 11, 7, -15, -11, -28, 0, 77, -56, -45, -13, -12, -10, -9, -7, -4, 6, 15, 27, 42, 59
mse: 0.022226058943552743
mae: 0.10941267970771747
rsme: 0.14908406669913704
----------------------
max value: 0.5827268928899484
pred_str: 13, 22, 29, 32, 21, 1, -3, -7, -5, -6, -4, -6, -5, -6, -7, -7, -8, -9, -9, -10, -12, -13, -12, -10, -4, -4, -12, -13, -15, -13, -17, -24, 57, 39, -28, -1, -12, 0, -3, -1, 2, 10, 15, 28, 33, 32, 11, 0, -7, -9, -8, -7, -8, -7, -6, -6, -7, -8, -8, -6, -4, -5, -12, -11, -18, -14, -21, 104, 4, -20, -4, -11, -3, -3, 0, 5, 11, 18, 32, 34
target_str: 3, -11, -2, -1, 2, 5, 13, 27, 35, 41, 31, 15, 2, -7, -6, -8, -6, -4, -5, -5, -6, -7, -7, -8, -7, -10, -10, -11, -11, -12, -6, -3, -1, -1, -14, -9, -17, -9, -29, 68, 65, -31, -1, -12, 0, -7, 1, 6, 10, 22
mse: 0.0228374832641617
mae: 0.10990229199904425
rsme: 0.1511207572246834
----------------------
max value: 0.37438341644052264
pred_str: -4, -6, -9, -11, -11, -10, -10, -10, -9, -7, -7, -1, -1, -3, -1, -3, -4, -3, -4, -3, -1, -1, 0, -2, -2, -4, -5, -7, -7, -10, -11, -12, -14, -12, -10, -11, -10, -9, -11, -11, -11, -10, -10, -10, -11, -11, -12, -11, -13, -11, -12, -13, -11, -13, -12, -11, -12, -11, -11, -12, -12, -12, -12, -13, -12, -13, -13, -13, -13, -13, -13, -14, -13, -12, -11, -10
target_str: -12, -18, -20, -13, -17, -15, -15, -20, -12, -14, -14, -7, 5, -3, -13, -14, -18, -16, -6, 69, -49, -50, -16, -21, -9, -16, -6, -4, 8, 21, 53, 94, 96, 78, 35, 15, 0, -1, -5, -6, -9, -5, -4, -8, -9, -16, -13, -12, -12, -13
mse: 0.014518077584738108
mae: 0.06813778179217513
rsme: 0.12049098549160475
----------------------
max value: 1.0000652545398951
pred_str: -25, -25, -29, -28, -26, -23, -19, -17, -16, -13, -12, -11, -10, -12, -8, -12, -11, -13, -14, -14, -16, -14, -14, -12, -10, -10, -11, -13, -13, -14, -14, -12, -10, -11, -10, -13, -11, -14, -14, -12, -14, -13, -11, -10, -10, -9, -8, -6, -3, 1, -2, 1, 11, 49, 96, -28, -13, -1, 1, 11, 15, 22, 31, 42, 48, 55
target_str: 35, 25, 7, -4, -10, -16, -17, -13, -16, -13, -12, -8, -3, -5, -2, -2, -4, -5, 0, 3, 4, 11, 13, 12, 14, 11, 8, 4, 5, -3, 23, 103, -5, -26, -4, 1, 3, 6, 17, 13, 21, 30, 38, 35, 17, 0, -8, -11, -22, -27
mse: 0.08064652407351854
mae: 0.2052133902315865
rsme: 0.28398331654081116
----------------------
max value: 0.48653293157037325
pred_str: -10, -11, -11, -11, -13, -12, -13, -12, -13, -13, -14, -12, -13, -10, -10, -12, -10, -12, -11, -10, -12, -11, -10, -13, -11, -11, -13, -12, -13, -12, -10, -12, -11, -11, -10, -10, -11, -12, -10, -10, -11, -13, -10, -11, -12, -11, -10, -13, -11, -13, -12, -14, -11, -10, -12, -11, -14, -11, -14, -11, -14, -13
target_str: 31, 44, 47, 38, 11, -4, -7, -11, -14, -8, -8, -7, -8, -7, -8, -10, -12, -12, -7, -13, -8, -9, -12, -7, -5, 3, -2, -8, -15, -13, -19, 0, 104, -3, -14, -6, -8, 0, -1, 3, 11, 27, 38, 45, 43, 20, 0, -6, -12, -15
mse: 0.01768397801039489
mae: 0.07716412294706117
rsme: 0.13298111899963427
----------------------
max value: 0.5059274783669776
pred_str: -23, -26, -25, -14, 0, -1, -12, -10, -12, -18, -14, -2, -1, -10, -14, -21, -23, 6, 69, -58, -21, -26, -10, -3, 12, 30, 51, 56, 45, 10, -1, -14, -19, -18, -18, -17, -14, -1, 0, -16, -17, -17, 22, 63, -68, -27, -22, -13, -4, 14, 35, 54, 65, 54, 27, 1, -10, -13, -15, -13, -10, -10, -5, -1, 1
target_str: -10, -8, 3, -1, 0, -16, -10, -22, 50, 25, -69, -5, -15, 0, 2, 15, 37, 56, 61, 46, 19, -4, -4, -7, -9, -10, -12, -6, -1, -2, -7, -21, -18, -24, 48, -3, -73, -12, -22, -6, 0, 15, 33, 53, 60, 39, 7, -10, -15, -17
mse: 0.03925954563819496
mae: 0.14348103286487482
rsme: 0.19814021711453472
----------------------
max value: 0.5431916531495725
pred_str: -3, -2, -1, 0, 5, 11, 20, 28, 33, 28, 16, 0, -3, -6, -9, -8, -7, -8, -6, -9, -10, -10, -13, -11, -14, -14, -14, -13, -10, -11, 1, -1, -1, 0, -3, -1, -2, 102, 48, -26, -13, -16, -7, -2, -1, 1, 7, 17, 30, 37, 32, 18, 2, -7, -11, -12, -14, -15, -14, -13, -13, -15, -17, -16, -18, -18, -16, -19, -15, -16, -12
target_str: 1, 9, 15, 11, 5, 5, -4, 6, -14, 95, 65, -17, 12, 0, 7, 2, 9, 9, 17, 28, 37, 37, 24, 5, -5, -12, -14, -16, -13, -14, -14, -14, -14, -17, -16, -13, -16, -15, -18, -16, -14, -15, -14, -12, -14, -11, -10, -5, -1, -2
mse: 0.025633386879134426
mae: 0.11124565056503247
rsme: 0.1601043000020125
----------------------
max value: 0.9781542780785814
pred_str: -11, -5, -2, -3, 0, 3, 7, 11, 13, 7, -1, -2, -2, -3, -2, -2, -1, -1, 0, 0, 0, -2, -4, -4, -6, -11, 45, 85, 10, -4, -5, -4, -5, -4, -3, -1, 0, 4, 7, 11, 10, 5, -2, -3, -4, -4, -4, -4, -3, -5, -5, -6, -5, -6, -6, -6, -7, -9, -9, -10, -12, -12, -10, -12, -10, -10, -11, -11, -10, -11, -13, -12, -12, -13, -13, -13, -14, -14, -15, -14, -15, -15, -17, -16, -16, -18, -15, -19, -18, -18, -18, -18, -18, -19, -18, -19, -19, -19, -19, -20, -20, -20, -20, -20, -20
target_str: -5, -6, -5, -5, -1, 0, 4, 9, 10, 5, 0, -3, -4, -5, -4, -3, -6, -5, -4, -4, -5, -4, -5, -5, -5, -4, -6, -5, -4, -2, 1, -2, -3, -6, -6, -14, -7, 88, 31, -6, -5, -10, -8, -8, -6, -5, -4, 0, 6, 9
mse: 0.038579516693872176
mae: 0.08940330101638233
rsme: 0.19641669148489438
----------------------
max value: 0.5570912375663158
pred_str: 53, 12, -38, -10, -14, -10, -9, -4, 0, 9, 25, 33, 24, 10, -1, -4, -8, -10, -10, -11, -7, -4, -5, -5, -6, -4, -6, -4, -6, -6, -6, -5, -4, 0, 1, -3, -11, -1, 93, 33, -37, -12, -10, -6, -6, -5, 0, 6, 17, 33, 29, 12, 3, -2, -6, -9, -9, -9, -10, -7, -6, -5, -5, -5, -6, -5, -5, -6, -6, -4, -3, 3, -4, -10, -13, 32, 94, -22, -11, -12, -10, -7, -4, 0, 6, 18, 33, 28
target_str: -4, -2, -1, -2, -2, -4, -2, -3, 0, 0, 8, -10, -2, -22, 65, 45, -49, -3, -18, -3, -9, 0, 3, 13, 23, 29, 16, 2, -5, -10, -12, -14, -12, -10, -9, -8, -8, -8, -7, -6, -10, 0, -14, -3, -23, 44, 49, -48, -1, -12
mse: 0.027159405817916
mae: 0.11698915988892633
rsme: 0.16480110988071653
----------------------
max value: 0.006170146630727074
pred_str:  -78, -79, -80, -81, -81, -81, -81, -81, -81, -81, -81, -81, -81, -81, -81, -81, -81, -81, -81, -81, -81, -81, -81, -81, -81, -81, -81, -81, -81, -81, -81, -81, -81, -81, -81, -81, -81, -81, -81, -81, -81, -81, -81, -81, -81, -81, -81, -81, -81
target_str: -81, -81, -81, -81, -81, -81, -81, -81, -81, -81, -81, -81, -81, -81, -81, -81, -81, -81, -81, -81, -81, -81, -81, -81, -81, -81, -81, -81, -81, -81, -81, -81, -81, -81, -81, -81, -81, -81, -81, -81, -81, -81, -81, -81, -81, -81, -81, -81, -81, -81
mse: 5.006298291974456e-07
mae: 0.0001073605513746511
rsme: 0.0007075519975220518
----------------------
max value: 0.48549672876854877
pred_str: 0, -1, -10, -10, -18, 28, 98, -45, -12, -16, -12, -15, -10, -7, -2, 11, 29, 38, 33, 18, 7, -3, -4, -5, -4, -4, -3, -3, -4, -4, -4, -4, -5, -3, -2, 2, -1, -10, -1, -24, 21, 80, -34, -13, -14, -9, -10, -6, -5, 3, 16, 33, 34, 22, 5, -4, -7, -7, -6, -5, -4, -4, -5, -5, -5, -6, -6, -6, -6, -6, -5, -7, 0, 2, -12, -2, -24, 10, 82, -33, -14, -16, -11, -11, -8
target_str: -1, 0, 4, -17, 0, -29, 47, 76, -41, -8, -23, -10, -14, -8, -7, 2, 15, 30, 32, 17, 3, -3, -4, -6, -8, -8, -6, -3, -6, -6, -7, -5, -5, -6, -6, 0, 5, 5, -11, 1, -23, 26, 87, -36, -6, -18, -8, -12, -6, -3
mse: 0.020663496318159225
mae: 0.07078542305445441
rsme: 0.14374803065836841
----------------------
max value: 0.7643707894092603
pred_str: 2, 13, 20, 29, 24, 15, 0, -4, -7, -8, -8, -7, -7, -7, -6, -5, -6, -5, -5, -6, -4, -5, -4, -4, -2, 2, 10, -2, -6, -6, -10, -2, 92, -1, -12, -4, -7, -5, -6, -5, -1, 0, 4, 11, 21, 31, 27, 13, 0, -4, -5, -6, -7, -7, -6, -6, -6, -5, -5, -5, -5, -5, -5, -5, -6, -6, -4, 0, 1, 0, -4, -3, -6, -2, 92, -3, -13, -5, -8, -5, -6, -4, -3, 0, 4, 10, 21, 31, 28, 17, 1, -2, -6, -6, -6, -7, -6, -6, -5
target_str: -7, -7, -8, -6, -7, -7, -7, -6, -10, -7, -9, -8, -8, -7, -10, -7, -7, -4, 3, 6, -3, -8, -9, -11, 0, 108, 8, -16, -5, -9, -6, -4, -3, -3, 3, 9, 20, 29, 30, 22, 4, -3, -7, -7, -6, -7, -7, -9, -6, -6
mse: 0.03908717487767288
mae: 0.1152671150429164
rsme: 0.1977047669573824
----------------------
AVG MSE: 0.026158846300110884
Median MSE: 0.02008426723880971
AVG RMSE: 0.15177864930617185
Median RMSE: 0.1417042347178203
AVG MAE: 0.0997573089034729
Median MAE: 0.09753862818906378
Number of False Outputs: 50
----------------------
