max value: 0.5059274783669776
pred_str: -14, -14, -16, -13, -16, -12, -10, -12, -13, -12
target_str: -10, -8, 3, -1, 0, -16, -10, -22, 50, 25
mse: 0.016041176979695388
mae: 0.08651359880075317
rsme: 0.12665376812276605
----------------------
max value: 0.374644169405007
pred_str: 84, 73, 46, 0, -10, -11, -10, -12, -12, -10, -10
target_str: 72, -92, -16, -7, 1, 4, 8, 10, 22, 39
mse: 0.050491074592409646
mae: 0.14798444691497775
rsme: 0.2247021908936574
----------------------
max value: 0.26328929729390066
pred_str: 70, 46, -44, -25, -17, -23, -24, -22, -17, -20
target_str: 91, 94, 71, 22, -10, -12, -33, -25, -29, -17
mse: 0.012888207556604418
mae: 0.07266784605311657
rsme: 0.11352624170915031
----------------------
max value: 0.2696186761236342
pred_str: 106, -16, -18, -23, -20, -24, -19, -20, -21, -23
target_str: -16, -1, 11, 13, -23, -2, -47, 62, 55, -68
mse: 0.024023989300485223
mae: 0.12348535366462446
rsme: 0.15499673964469454
----------------------
max value: 0.48549672876854877
pred_str:  -10, -7, -10, -6, -7, -6, -6, -5, -7, -10
target_str: -1, 0, 4, -17, 0, -29, 47, 76, -41, -8
mse: 0.027235952359675335
mae: 0.11700471163322027
rsme: 0.16503318563148242
----------------------
max value: 1.0306748524485334
pred_str: 54, 75, 73, 68, 57, 45, 35, 27, 18, 8
target_str: 34, 24, 7, -4, -10, -15, -17, -13, -15, -12
mse: 0.2806890588378669
mae: 0.4957546040277446
rsme: 0.5298009615297682
----------------------
max value: 0.9781542780785814
pred_str: 6, 1, 0, 0, 1, 0, 0, 0, 0, 0
target_str: -5, -6, -5, -5, -1, 0, 4, 9, 10, 5
mse: 0.0042672646310865005
mae: 0.05673294812855771
rsme: 0.06532430352546058
----------------------
max value: 0.5076317676199769
pred_str: 10, 13, 18, 26, 30, 35, 39, 39, 33, 12
target_str: 30, 42, 45, 36, 10, -4, -7, -11, -14, -8
mse: 0.02890251168950152
mae: 0.15635058442695288
rsme: 0.17000738716156283
----------------------
max value: 0.24583677141229052
pred_str: -22, -17, -14, -26, -20, -17, -10, -21, -23, -30
target_str: -14, 5, -6, 0, -13, 3, -15, 0, -14, -2
mse: 0.0018541678337138882
mae: 0.037858862797492746
rsme: 0.04306004916060696
----------------------
max value: 0.5461180099718109
pred_str: 13, 16, 19, 17, 12, 0, -3, -6, -7, -5
target_str: 9, 0, -8, -8, -11, -10, -9, -8, -8, -4
mse: 0.006850684912333665
mae: 0.06280357114675826
rsme: 0.0827688643895376
----------------------
max value: 0.5703371606863332
pred_str: 0, -4, -7, -6, -8, -12, -12, -13, -14, -15
target_str: 0, -8, -9, -8, -6, -10, -10, -9, -8, -8
mse: 0.000445639733297855
mae: 0.01768045198127633
rsme: 0.021110180797374877
----------------------
max value: 1.1852284490423035
pred_str: 56, 17, -1, 0, -1, 0, -1, -2, -3, -4
target_str: 0, 5, 10, 24, 37, 37, 26, 12, 3, 1
mse: 0.10923464120635884
mae: 0.2726025432797298
rsme: 0.3305066432106302
----------------------
max value: 0.3394267338185406
pred_str: -18, -17, -14, -13, -12, -11, -11, -10, -10, -10
target_str: 0, -1, 0, -3, -6, -6, -6, -9, -8, -3
mse: 0.0011705387575281399
mae: 0.028511845640757417
rsme: 0.03421313720675349
----------------------
max value: 0.4814011836150589
pred_str:  -1, -10, -9, -11, -12, -13, -13, -13, -13, -14
target_str: 6, -2, -15, -13, -17, 5, 87, -12, -11, -12
mse: 0.024358937637482325
mae: 0.07269157872587391
rsme: 0.1560735007535947
----------------------
max value: 0.9329780208280937
pred_str: 0, 3, 9, 14, 18, 15, 4, 0, -3, -5
target_str: 12, 4, -1, -3, -5, -4, -3, -3, -5, -4
mse: 0.012943561571869325
mae: 0.0886329119786689
rsme: 0.11376977442128171
----------------------
max value: 0.5827268928899484
pred_str: -23, -22, -23, -24, -25, -24, -24, -24, -23, -23
target_str: 3, -11, -2, -1, 2, 5, 13, 27, 35, 41
mse: 0.05014439518272159
mae: 0.20220623183281208
rsme: 0.22392944242042312
----------------------
max value: 0.3308537673821901
pred_str:  -20, 0, -10, -10, -11, -13, -11, -9, -5, -1
target_str: -23, -41, -15, 70, -55, -26, -25, -18, -12, -13
mse: 0.011701724625296653
mae: 0.07543465896313935
rsme: 0.10817451005341625
----------------------
max value: 0.39385413861669377
pred_str: 1, 6, 15, 27, 42, 59, 55, 34, 7, -7, -8
target_str: 3, 10, 23, 38, 55, 68, 67, 53, 23, 2
mse: 0.0020119204400963074
mae: 0.04056697627751946
rsme: 0.04485443612505131
----------------------
max value: 1.0172737027256264
pred_str: -11, -10, -10, -9, -8, -8, -9, -9, -9, -9, -9, -9, -8, -8, -7, -6, -5, -4, -3, -2, -1, -1, -1, -2, -3, -4, -4, -4, -4, -5, -5, -5, -5, -6, -6, -6, -6, -7, -7, -7, -7, -8, -8, -8, -8, -9, -9, -9, -9, -9, -10, -10, -10, -10, -11, -11, -11, -12, -12, -12, -12, -13, -13, -13, -13, -14, -14, -14, -14, -15, -15, -15, -15, -16, -16, -16, -16, -17, -17, -17, -17, -18, -18, -18, -18, -19, -19, -19, -19, -20, -20, -20, -20, -21, -21, -21, -21, -22, -22, -22, -22, -22, -23, -23, -23, -23, -24, -24, -24, -24, -25, -25, -25, -25, -26, -26, -26, -26, -27, -27, -27, -27, -28, -28, -28, -28, -29, -29, -29, -29, -29, -30, -30, -30, -30, -31, -31, -31, -31, -32
target_str: -3, -5, -4, -5, -5, -4, -6, -9, -9, -10
mse: 0.0018213285838125071
mae: 0.034587305892671304
rsme: 0.04267702641717798
----------------------
max value: 0.3648640357837354
pred_str: -16, -13, -20, -16, -14, -11, -8, -12, -10, -13
target_str: 0, -8, -1, 5, 17, 0, -12, -14, -9, -13
mse: 0.002910129214339513
mae: 0.04013504393621089
rsme: 0.053945613485616356
----------------------
max value: 0.25812287143869844
pred_str: 50, 50, 45, 45, 35, 35, 32, 27, 27, 22
target_str: 92, 55, 11, -11, -13, -21, -24, -10, -11, -12
mse: 0.012410022645672683
mae: 0.10479788580411158
rsme: 0.1114002811741186
----------------------
max value: 0.29350288319129203
pred_str: 13, 21, 32, 49, 63, 69, 61, 30, 1, 0
target_str: -2, 3, 3, -1, -11, 1, -19, 27, 99, -66
mse: 0.029598197183509763
mae: 0.14704494447883731
rsme: 0.17204126593207156
----------------------
max value: 0.5038998767895255
pred_str: 6, 1, 0, -10, -15, -1, -13, -10, -1, -15, 10
target_str: -1, -13, -3, 5, 0, -17, -5, -8, 19, -60
mse: 0.00876768791365807
mae: 0.07306548213448119
rsme: 0.09363593281245225
----------------------
max value: 0.7263826898248835
pred_str: 21, 16, 11, 5, 1, 0, 3, 10, 24
target_str: -11, -8, -5, -1, 6, 13, 23, 32, 31, 18
mse: 0.02181757542939358
mae: 0.13438079761760344
rsme: 0.14770773652518537
----------------------
max value: 0.6898785427301292
pred_str: 20, 28, 38, 45, 41, 21, -2, -11, -12, -13
target_str: -10, -6, -16, -10, -11, -11, -14, -13, -15, -10
mse: 0.056593122126279406
mae: 0.19109635633624575
rsme: 0.23789308969845974
----------------------
max value: 0.7447405605878279
pred_str: 44, 41, 11, 16, 23, 13, 12, 12, 11, 12
target_str: 38, 46, 43, 30, 20, 20, 18, 8, -2, -7
mse: 0.010654605634651551
mae: 0.08117672110407323
rsme: 0.10322114916358736
----------------------
max value: 0.006170146630727074
pred_str: 104, 101, 97, 92, 89, 85, 81, 77, 72, 68
target_str: -81, -81, -81, -81, -81, -81, -81, -81, -81, -81
mse: 0.00010744924750826636
mae: 0.010341165753098576
rsme: 0.010365772885234673
----------------------
max value: 0.5431916531495725
pred_str: -11, -11, -10, -9, -8, -7, -6, -5, -5, -4
target_str: 1, 9, 15, 11, 5, 5, -4, 6, -14, 95
mse: 0.03507934718518684
mae: 0.12113173865235467
rsme: 0.18729481355656072
----------------------
max value: 0.37438341644052264
pred_str: -20, -20, -20, -21, -17, -15, -13, -11, -10, -10
target_str: -12, -18, -20, -13, -17, -15, -15, -20, -12, -14
mse: 0.0003321861737384563
mae: 0.013103419575418291
rsme: 0.01822597524793821
----------------------
max value: 0.2613380174531786
pred_str: 35, 46, 45, 6, -1, -16, -13, -12, -16, -18
target_str: -12, -2, -8, 0, 4, 8, 16, 18, 50, 60
mse: 0.013755128456384474
mae: 0.10087647473692693
rsme: 0.1172822597684086
----------------------
max value: 0.4820464842265821
pred_str: 16, 16, 17, 19, 20, 21, 22, 23, 24, 25
target_str: 12, 18, 30, 37, 39, 26, -1, -14, -9, -15
mse: 0.012747753078722737
mae: 0.09351701793995693
rsme: 0.11290594793332519
----------------------
max value: 0.5570912375663158
pred_str: 1, 2, 2, 2, 2, 2, 1, 1, 1
target_str: -4, -2, -1, -2, -2, -4, -2, -3, 0, 0
mse: 0.00018000337524443826
mae: 0.011141824751326317
rsme: 0.01341653365234248
----------------------
max value: 0.5438453641955051
pred_str:  -1, -3, -1, -2, -3, -4, -1, -3, -2, -2
target_str: -4, 0, 2, 16, 23, 21, 3, -4, -11, -14
mse: 0.005601841756172474
mae: 0.05655991787633254
rsme: 0.07484545247489974
----------------------
max value: 0.3751911591592724
pred_str: 41, 68, 62, 59, 27, 0, -10, -15, -17
target_str: 57, 62, 36, 3, -11, -20, -22, -16, -19, -17
mse: 0.008989470401494245
mae: 0.07278708487689885
rsme: 0.09481281770675443
----------------------
max value: 0.6413415682706141
pred_str: 65, 68, 64, 11, 1, -11, -14, -12, -12, -10
target_str: -23, -4, -15, -10, -9, -3, 2, -2, 5, 20
mse: 0.08768909914322212
mae: 0.22511089046298555
rsme: 0.2961234525383326
----------------------
max value: 0.4675018210485248
pred_str:  -4, -3, -4, -2, -2, -3, -2, -2, 0, 1
target_str: 33, 24, 5, -5, -6, -8, -7, -6, -3, -1
mse: 0.004989678059768573
mae: 0.04628268028380396
rsme: 0.07063765327195244
----------------------
max value: 0.6815929574679479
pred_str:  1, 4, 10, 18, 30, 35, 30, 23, 13, 0
target_str: -5, -7, -6, -6, -12, -4, -6, -8, -7, -4
mse: 0.03227360562826821
mae: 0.15608478726016006
rsme: 0.17964856144224536
----------------------
max value: 0.23076062473186015
pred_str: -18, -16, -21, -16, -15, -22, -15, -14, -17, -21
target_str: 5, 33, 48, 87, 52, 17, -5, -6, -4, -25
mse: 0.013131032392849762
mae: 0.08884284052176618
rsme: 0.1145907168703022
----------------------
max value: 1.2334026676596268
pred_str: 3, 0, 3, 0, 3, 0, 3, 0, 3, 0
target_str: -1, -7, -8, -8, -9, -9, -8, -8, -8, -8
mse: 0.012854834087984518
mae: 0.10977283742170678
rsme: 0.11337916073064096
----------------------
max value: 0.347842579348822
pred_str: -17, -19, -22, -23, -25, -26, -27, -28, -28, -28
target_str: -10, -6, -13, -6, 14, 114, -24, -51, -12, -20
mse: 0.027304819790014735
mae: 0.09565670932092607
rsme: 0.16524170112297543
----------------------
max value: 0.8780585637531843
pred_str: 0, -1, -1, -2, -2, -2, -3, -3, -3, -4
target_str: -9, -10, -11, -13, -10, -6, -2, -13, -12, -17
mse: 0.006275832888835682
mae: 0.07375691935526749
rsme: 0.07922015456205372
----------------------
max value: 0.49830573767242065
pred_str: -8, -9, -9, -12, -13, -16, -15, -20, -22, -26
target_str: -7, -8, -9, -6, -14, -8, -5, -3, -2, -13
mse: 0.0026345543329728788
mae: 0.03836954180077639
rsme: 0.051327909883151085
----------------------
max value: 0.5359585981714126
pred_str: 0, 6, 11, 17, 20, 22, 27, 29, 30, 33
target_str: -4, -1, -4, -6, -1, 2, 14, 9, 26, 37
mse: 0.006494759104546902
mae: 0.07021057636045505
rsme: 0.0805900682748619
----------------------
max value: 1.0303882250761076
pred_str: 0, 1, 2, 3, 4, 5, 6, 7, 8, 9
target_str: -1, -5, -7, -8, -5, -10, 87, 40, -13, -1
mse: 0.0927501027726429
mae: 0.20195609211491705
rsme: 0.30454901538609985
----------------------
max value: 0.8297031561139074
pred_str: 0, 0, -1, -1, -1, -1, -1, -1, -1, -2, -2, -2, -2, -3, -3, -3, -3, -4, -4, -4, -4, -4, -4, -5, -5, -5, -5, -5, -5, -5, -6, -6, -6, -6, -6, -6, -6, -6, -6, -6, -6, -6, -6, -6, -6, -6, -6, -6, -6, -6, -6, -6, -6, -6, -6, -6, -6, -6, -6, -6, -6, -6, -6, -6, -6, -6, -6, -6, -6, -6, -6, -6, -6, -6, -6, -6, -6, -6, -6, -6, -6, -6, -6, -6, -6, -6, -6, -6, -6, -6, -6, -6, -6, -6, -6, -6, -6, -6, -6, -6, -6, -6, -6, -6, -6, -6, -6, -6, -6, -6, -6, -6, -6, -6, -6, -6, -6, -6, -6, -6, -6, -6, -6, -6, -6, -6, -6, -6, -6, -6, -6, -6, -6, -6, -6, -6, -6, -6, -6, -6, -6, -6, -6, -6, -6, -6, -6, -6, -6, -6, -6, -6, -6, -6, -6, -6, -6, -6, -6, -6, -6, -6, -6, -6, -6, -6, -6, -6, -6, -6, -6
target_str: -6, -6, -7, -5, -7, -7, -7, -6, -9, -7
mse: 0.0023818893523382114
mae: 0.048122783054606634
rsme: 0.04880460380269685
----------------------
max value: 0.30373810308888555
pred_str: -14, -17, -22, -19, -18, -21, -25, -25, -25, -25
target_str: -12, -9, -14, -18, -12, 8, -14, -19, -22, -22
mse: 0.0010932434979262083
mae: 0.02338783393784418
rsme: 0.03306423290999216
----------------------
max value: 0.6358788304996957
pred_str: -12, -16, -19, -19, -21, -24, -25, -26, -26, -25, -25, -25, -25, -25, -25, -25, -25, -25, -25, -25, -25, -25, -25, -25, -25, -25, -25, -25, -25, -25, -25, -25, -25, -25, -25, -25, -25, -25, -25, -25, -25, -25, -25, -25, -25, -25, -25, -25, -25, -25, -25, -25, -25, -25, -25, -25, -25, -25, -25, -25, -25, -25, -25, -25, -25, -25, -25, -25, -25, -25, -25, -25, -25, -25, -25, -25, -25, -25, -25, -25, -25, -25, -25, -25, -25, -25, -25, -25, -25, -25, -25, -25, -25, -25, -25, -25, -25, -25, -25, -25, -25, -25, -25, -25, -25, -25, -25, -25, -25, -25, -25, -25, -25, -25, -25, -25, -25, -25, -25, -25, -25, -25, -25, -25, -25, -25, -25, -25,
target_str: -5, -8, -8, -6, -7, -5, -4, -6, -6, -8
mse: 0.010068112988233754
mae: 0.09538182457495438
rsme: 0.1003399869854175
----------------------
max value: 0.6569031778328429
pred_str: 0, 1, 1, 1, 2, 2, 2, 2, 2, 3
target_str: 4, 15, 23, 20, 20, 8, 0, -8, -12, -10
mse: 0.0081385008659843
mae: 0.08014218769560681
rsme: 0.09021364013265566
----------------------
max value: 0.5770504865198544
pred_str: -15, -16, -16, -15, -16, -15, -16, -15, -16, -16
target_str: 7, -1, -1, 2, -12, -22, -23, -29, -20, -22
mse: 0.00527784813428589
mae: 0.06405260400370383
rsme: 0.07264879995076236
----------------------
max value: 0.7229541131901488
pred_str: 0, -4, -4, -5, -3, -4, -5, -4, -4, -4
target_str: -6, -6, -1, 2, -1, -5, -10, -5, -12, -1
mse: 0.00105577855255268
mae: 0.027472256301225656
rsme: 0.032492746152836635
----------------------
AVG MSE: 0.024020699756924398
Median MSE: 0.011178165129974101
AVG RMSE: 0.12266098778416647
Median RMSE: 0.1056978296085018
AVG MAE: 0.09771660544422461
Median MAE: 0.07778842332937308
Number of False Outputs: 9
----------------------
