max value: 0.5059274783669776
pred_str: 2, 22, 28, 42, 63, 61, 41, 8, 2, 7, -1, -16
target_str: -10, -8, 3, -1, 0, -16, -10, -22, 50, 25
mse: 0.05002789278253491
mae: 0.20085320891169012
rsme: 0.22366915921184777
----------------------
max value: 0.374644169405007
pred_str: 20, 30, 40, 50, 60, 70, 80, 90, 100
target_str: 72, -92, -16, -7, 1, 4, 8, 10, 22, 39
mse: 0.07158130578873877
mae: 0.25513267936480977
rsme: 0.26754682915097083
----------------------
max value: 0.26328929729390066
pred_str: 0, 2, 10, 20, 30, 40, 50, 60, 70, 80, 90, 100
target_str: 91, 94, 71, 22, -10, -12, -33, -25, -29, -17
mse: 0.04027426218930741
mae: 0.18482908670031825
rsme: 0.2006844841767978
----------------------
max value: 0.2696186761236342
pred_str: 32, 44, 55, 64, 62, 46, 19
target_str: -16, -1, 11, 13, -23, -2, -47, 62, 55, -68
mse: 0.024893412297440565
mae: 0.15422188274271878
rsme: 0.1577764630654413
----------------------
max value: 0.48549672876854877
pred_str: 0, 1, 2, 3, 4, 5, 6, 7, 8, 9
target_str: -1, 0, 4, -17, 0, -29, 47, 76, -41, -8
mse: 0.025244227587375406
mae: 0.1155482214469146
rsme: 0.1588843214020043
----------------------
max value: 1.0306748524485334
pred_str: 0, 2, 8, 15, 22, 32, 42, 43, 42, 27, 12, 5, 0, 3, 0
target_str: 34, 24, 7, -4, -10, -15, -17, -13, -15, -12
mse: 0.1765739520873112
mae: 0.3772269959961633
rsme: 0.4202070347903652
----------------------
max value: 0.9781542780785814
pred_str: 13, 21, 23, 25, 25, 25, 26, 27, 27, 28, 28, 29
target_str: -5, -6, -5, -5, -1, 0, 4, 9, 10, 5
mse: 0.05419234724321511
mae: 0.22888810107038804
rsme: 0.23279249825373477
----------------------
max value: 0.5076317676199769
pred_str: 1, 4, 11, 23, 35, 53, 71, 91, 115, 145, 183, 225, 267, 313, 361, 419, 477, 535, 593, 651, 711, 771, 833, 895, 959, 1021, 1083, 1145, 1207, 1269, 1331, 1393, 1455, 1517
target_str: 30, 42, 45, 36, 10, -4, -7, -11, -14, -8
mse: 0.16497829916059797
mae: 0.3340217030939448
rsme: 0.40617520746667685
----------------------
max value: 0.24583677141229052
pred_str: 4, 11, 21, 31, 41, 52, 64, 78
target_str: -14, 5, -6, 0, -13, 3, -15, 0, -14, -2
mse: 0.012021873060051064
mae: 0.08800956416559999
rsme: 0.10964430245138625
----------------------
max value: 0.5461180099718109
pred_str: 34, 41, 48, 55, 62, 69, 76, 83, 89, 96, 100
target_str: 9, 0, -8, -8, -11, -10, -9, -8, -8, -4
mse: 0.16670695858067153
mae: 0.38774378707998575
rsme: 0.4082976347968128
----------------------
max value: 0.5703371606863332
pred_str: 14, 16, 17, 22, 23, 24, 25, 26, 27, 28, 29, 30, 31, 32, 33, 34, 35, 36, 37, 38, 39, 40
target_str: 0, -8, -9, -8, -6, -10, -10, -9, -8, -8
mse: 0.03030350186425415
mae: 0.1699604738845273
rsme: 0.17407901040692456
----------------------
max value: 1.1852284490423035
pred_str: 1, 2, 3, 4, 5, 6, 7, 8, 9, 10, 11, 12, 13, 14, 15, 16, 17, 18, 19, 20, 21, 22, 23, 24, 25, 26, 27, 28, 29, 30, 31, 32, 33, 34, 35, 36, 37, 38, 39, 40, 41, 42, 43, 44, 45, 46, 47, 48, 49, 50, 51, 52, 53, 54, 55, 56, 57, 58, 59, 60, 61, 62, 63, 64, 65, 66, 67, 68, 69, 70, 71, 72, 73, 74, 75, 76, 77, 78, 79, 80, 81, 82, 83, 84, 85, 86, 87, 88, 89, 90, 91, 92, 93, 94, 95, 96, 97, 98, 99, 100, 101, 102, 103, 104, 105, 106, 107, 108, 109, 110, 111, 112, 113, 114, 115, 116, 117, 118, 119, 120, 121, 122, 123, 124, 
target_str: 0, 5, 10, 24, 37, 37, 26, 12, 3, 1
mse: 0.04127203907719681
mae: 0.15645015527358405
rsme: 0.20315520932822964
----------------------
max value: 0.3394267338185406
pred_str: 0, 1, 2, 3, 4, 5, 6, 7, 8, 9, 10, 11, 12, 13, 14, 15, 16, 17, 18, 19, 20, 21, 22, 23, 24, 25, 26, 27, 28, 29, 30, 31, 32, 33, 34, 35, 36, 37, 38, 39, 40, 41, 42, 43, 44, 45, 46, 47, 48, 49, 50, 51, 52, 53, 54, 55, 56, 57, 58, 59, 60, 61, 62, 63, 64, 65, 66, 67, 68, 69, 70, 71, 72, 73, 74, 75, 76, 77, 78, 79, 80, 81, 82, 83, 84, 85, 86, 87, 88, 89, 90, 91, 92, 93, 94, 95, 96, 97, 98, 99, 100, 101, 102, 103, 104, 105, 106, 107, 108, 109, 110, 111, 112, 113, 114, 115, 116, 117, 118, 119, 120, 121, 122, 123, 12
target_str: 0, -1, 0, -3, -6, -6, -6, -9, -8, -3
mse: 0.0012269919062671939
mae: 0.029530125842213033
rsme: 0.035028444245601226
----------------------
max value: 0.4814011836150589
pred_str: 25, 30, 35, 39, 43, 45, 47, 53, 63, 72, 81, 90, 100
target_str: 6, -2, -15, -13, -17, 5, 87, -12, -11, -12
mse: 0.06986248064118944
mae: 0.24840301074537038
rsme: 0.2643151161798913
----------------------
max value: 0.9329780208280937
pred_str: 18, 19, 20, 21, 22, 23, 24, 25
target_str: 12, 4, -1, -3, -5, -4, -3, -3, -5, -4
mse: 0.03734221865724236
mae: 0.1716679558323692
rsme: 0.19324134820799185
----------------------
max value: 0.5827268928899484
pred_str: 39, 40, 41, 42, 43, 44, 45
target_str: 3, -11, -2, -1, 2, 5, 13, 27, 35, 41
mse: 0.05248403683511512
mae: 0.22609803444129994
rsme: 0.2290939476178171
----------------------
max value: 0.3308537673821901
pred_str: 19, 24, 26, 25, 24, 23, 22, 21, 20, 19, 18
target_str: -23, -41, -15, 70, -55, -26, -25, -18, -12, -13
mse: 0.02639729554153684
mae: 0.1558321244370115
rsme: 0.16247244548395534
----------------------
max value: 0.39385413861669377
pred_str: 31, 44, 60, 63, 51, 21, -3, -6, -9, -8, -9, -10, -10, -8, -5, -9, -6, -11, -12, -9, -10, -9, -14, -12, -11, -11, -12, -13, -11, -11, -13, -5, 10, 14, 0, -15, -14, -23, 91, -9, -61, -10, -15, -7, -11, 1, -2, 8, 10, 30, 42, 54, 58, 51, 24, 0, -7, -14, -11, -12, -12, -9, -11, -7, -8, -10, -9, -14, -11, -12, -14, -9, -11, -15, -13, -7, -10, -10, -5, 0
target_str: 3, 10, 23, 38, 55, 68, 67, 53, 23, 2
mse: 0.02429816636366118
mae: 0.13627353196137604
rsme: 0.15587869117894587
----------------------
max value: 1.0172737027256264
pred_str: 13, 18, 25, 35, 46, 56, 65, 76, 85, 95, 105, 114, 124, 134, 144, 154, 164, 174, 184, 194, 204, 214, 224, 234, 244, 254, 264, 274, 284, 294, 304, 314, 324, 334, 344, 354, 364, 374, 384, 394, 404, 414, 424, 434, 444, 454, 464, 474, 484, 494, 504, 514, 524, 534, 544, 554, 564, 574, 584, 594, 604, 614, 624, 634, 644, 654, 664, 674, 684, 694, 704, 714, 724, 734, 744, 754, 764, 774, 784, 794, 804, 814, 824, 834, 844, 854, 864, 874, 884, 894, 904, 914, 924, 934, 944, 954, 964, 974, 984, 994, 1004, 1014, 1024, 1034
target_str: -3, -5, -4, -5, -5, -4, -6, -9, -9, -10
mse: 0.430019818021278
mae: 0.5839151053645096
rsme: 0.655758963355651
----------------------
max value: 0.3648640357837354
pred_str: 0, 11, 21, 36, 56, 76, 59, 26, 4, -11, -10, -4, -7, -10
target_str: 0, -8, -1, 5, 17, 0, -12, -14, -9, -13
mse: 0.02118962795271822
mae: 0.11420244320030919
rsme: 0.14556657567147144
----------------------
max value: 0.25812287143869844
pred_str: 0, 0, -1, 1, 2, 3, 4, 5, 6, 7, 8, 9, 10, 11, 12, 13, 14
target_str: 92, 55, 11, -11, -13, -21, -24, -10, -11, -12
mse: 0.009485745324086867
mae: 0.07459750984578384
rsme: 0.09739479105212387
----------------------
max value: 0.29350288319129203
pred_str: 4, 11, 14, 16, 17, 18, 19, 20, 21, 22, 23
target_str: -2, 3, 3, -1, -11, 1, -19, 27, 99, -66
mse: 0.014561772030328268
mae: 0.08746385919100504
rsme: 0.12067216758775931
----------------------
max value: 0.5038998767895255
pred_str: 29, 14, 10, 4, 2, 1, 0, 1, 2, 3, 4, 5, 6, 7, 8, 9, 10, 11, 12, 13, 14, 15, 16, 17, 18, 19, 20
target_str: -1, -13, -3, 5, 0, -17, -5, -8, 19, -60
mse: 0.016481628221127875
mae: 0.09322147720606225
rsme: 0.12838079381717452
----------------------
max value: 0.7263826898248835
pred_str: 2, 9, 14, 21, 28, 35, 39, 44, 49, 54, 59, 64, 69, 74, 79, 84, 89, 94, 99
target_str: -11, -8, -5, -1, 6, 13, 23, 32, 31, 18
mse: 0.022640681056234062
mae: 0.14309738989550205
rsme: 0.15046820613084366
----------------------
max value: 0.6898785427301292
pred_str: 48, 38, 30, 22, 13, 4, 1, 1
target_str: -10, -6, -16, -10, -11, -11, -14, -13, -15, -10
mse: 0.047531369159461136
mae: 0.18833684216532526
rsme: 0.21801690108673027
----------------------
max value: 0.7447405605878279
pred_str: 33, 27, 28, 25, 24, 23, 20, 19, 18, 17, 16, 15, 14, 13, 12, 11, 10, 9, 8, 7, 6, 5, 4, 3, 2, 1, 0, 0
target_str: 38, 46, 43, 30, 20, 20, 18, 8, -2, -7
mse: 0.009772730415541922
mae: 0.08043198054348541
rsme: 0.0988571212181597
----------------------
max value: 0.006170146630727074
pred_str: 0, 0, 0, 0, 0, 0, 0, 0, 0, 0, 0, 0, 0, 0, 0, 0, 0, 0, 0, 0, 0, 0, 0, 0, 0, 0, 0, 0, 0, 0, 0, 0, 0, 0, 0, 0, 0, 0, 0, 0, 0, 0, 0, 0, 0, 0, 0, 0, 0, 0, 0, 0, 0, 0, 0, 0, 0, 0, 0, 0, 0, 0, 0, 0, 0, 0, 0, 0, 0, 0, 0, 0, 0, 0, 0, 0, 0, 0, 0, 0, 0, 0, 0, 0, 0, 0, 0, 0, 0, 0, 0, 0, 0, 0, 0, 0, 0, 0, 0, 0, 0, 0, 0, 0, 0, 0, 0, 0, 0, 0, 0, 0, 0, 0, 0, 0, 0, 0, 0, 0, 0, 0, 0, 0, 0, 0, 0, 0, 0, 0, 0, 0, 0, 0, 0, 0, 0, 0, 0, 0, 0, 0, 0, 0, 0, 0, 0, 0, 0, 0, 0, 0, 0, 0, 0, 0, 0, 0, 0, 0, 0, 0, 0, 0, 0, 0, 0, 0, 0, 0, 0,
target_str: -81, -81, -81, -81, -81, -81, -81, -81, -81, -81
mse: 2.4978192466649738e-05
mae: 0.00499781877088893
rsme: 0.00499781877088893
----------------------
max value: 0.5431916531495725
pred_str: 12, 12, 12, 12, 12, 12, 12, 12, 12, 12, 12, 12
target_str: 1, 9, 15, 11, 5, 5, -4, 6, -14, 95
mse: 0.023884878077558035
mae: 0.08854023946338033
rsme: 0.1545473328063543
----------------------
max value: 0.37438341644052264
pred_str: 0, 20, 43, 82, 98, 90, 54, 18
target_str: -12, -18, -20, -13, -17, -15, -15, -20, -12, -14
mse: 0.06360173842080143
mae: 0.2100290966231332
rsme: 0.25219385087825086
----------------------
max value: 0.2613380174531786
pred_str: 100, 14, 1, 10, 2, -11, -13, -17, -18, -20, -10, -10, -11, -5, -18, -18, -21, -9, -16, -33, -26, -26, -24, -15, -28, 48, 96, -16, -13, -12, -10, -12, -7, -6
target_str: -12, -2, -8, 0, 4, 8, 16, 18, 50, 60
mse: 0.018055142794090366
mae: 0.09930844663220786
rsme: 0.13436942656010095
----------------------
max value: 0.4820464842265821
pred_str: 12, 12, 15, 24, 29, 38, 27, 3, 0, -2, 5, 12, 15, 24, 29, 38
target_str: 12, 18, 30, 37, 39, 26, -1, -14, -9, -15
mse: 0.004640405194715512
mae: 0.059291717559869596
rsme: 0.06812051963039853
----------------------
max value: 0.5570912375663158
pred_str: 25, 26, 27, 28, 29, 30, 31
target_str: -4, -2, -1, -2, -2, -4, -2, -3, 0, 0
mse: 0.02024727620852957
mae: 0.12033170731432426
rsme: 0.14229292395804358
----------------------
max value: 0.5438453641955051
pred_str: 19, 100, 12, -5, -6, -6, -9, -3, -4, 2, 7, 14, 19, 20, 0, -8, -15, 29, 100
target_str: -4, 0, 2, 16, 23, 21, 3, -4, -11, -14
mse: 0.03871600242254365
mae: 0.13378595959209424
rsme: 0.19676382396808528
----------------------
max value: 0.3751911591592724
pred_str: 11, 20, 29, 44, 57, 72, 84, 92, 100
target_str: 57, 62, 36, 3, -11, -20, -22, -16, -19, -17
mse: 0.07889787614515337
mae: 0.24237348881688997
rsme: 0.28088765751658323
----------------------
max value: 0.6413415682706141
pred_str: 1, 2, 13, 27, 41, 47, 53, 57, 61, 65, 69, 73, 77, 81, 85, 89, 93, 97, 101, 105, 109, 113, 117
target_str: -23, -4, -15, -10, -9, -3, 2, -2, 5, 20
mse: 0.07818351688701938
mae: 0.26038467671786936
rsme: 0.279613155783163
----------------------
max value: 0.4675018210485248
pred_str: 0, 4, 2, 2, 2, 5, 7, 11, 14, 15, 17, 20, 21, 22, 23, 24, 25, 26, 27, 28, 29, 30, 31
target_str: 33, 24, 5, -5, -6, -8, -7, -6, -3, -1
mse: 0.0061414784704116035
mae: 0.06919026951518167
rsme: 0.07836758558493176
----------------------
max value: 0.6815929574679479
pred_str: 2, 2, 0, 0, 0, 0, 0, 0, 0, 0, 0, 0, 0, 0, 0, 0, 0, 0, 0, 0, 0, 0, 0
target_str: -5, -7, -6, -6, -12, -4, -6, -8, -7, -4
mse: 0.0024482784174603934
mae: 0.047029914065288406
rsme: 0.049480081017116304
----------------------
max value: 0.23076062473186015
pred_str: 2, -1, -10, 21, -21, 0, -10, 3, 14, -17, -24
target_str: 5, 33, 48, 87, 52, 17, -5, -6, -4, -25
mse: 0.00798597237501796
mae: 0.06715134179697133
rsme: 0.08936426788721519
----------------------
max value: 1.2334026676596268
pred_str: 0, 0, -3, -1, -4, -3, -5, -5, -2, -4, -3, -2, -3
target_str: -1, -7, -8, -8, -9, -9, -8, -8, -8, -8
mse: 0.0038792694585042036
mae: 0.05796992538000245
rsme: 0.06228378166508681
----------------------
max value: 0.347842579348822
pred_str: 1, 2, 3, 4, 5, 6, 7, 8, 9, 10, 11, 12, 13, 14, 15, 16, 17, 18, 19, 20, 21
target_str: -10, -6, -13, -6, 14, 114, -24, -51, -12, -20
mse: 0.021862488978853026
mae: 0.10539630154269305
rsme: 0.14785969355728093
----------------------
max value: 0.8780585637531843
pred_str: 0, -3, -2, -5, -3, -2, 0, -3, -2, -1, -1
target_str: -9, -10, -11, -13, -10, -6, -2, -13, -12, -17
mse: 0.0061678947310424385
mae: 0.0720008022277611
rsme: 0.07853594547111811
----------------------
max value: 0.49830573767242065
pred_str: 1, 2, 3, 4, 5, 6, 7, 8, 9, 10, 11, 12, 13, 14, 15, 16
target_str: -7, -8, -9, -6, -14, -8, -5, -3, -2, -13
mse: 0.0046682018341084
mae: 0.06477974589741468
rsme: 0.06832424045760332
----------------------
max value: 0.5359585981714126
pred_str: 38, 100, 3, 3, -9, -4, 2, -4, 4, 7, 17, 29, 32, 36, 18, 0, 4, -5, -6, -2, -5, 0, -4, -9, -9, -3, -1, -10, -17, -7, -3, -5, -1, -14, -18, -20, -19, -3, 88, 19, -20, -12, -18, -10, -17, -8, -8
target_str: -4, -1, -4, -6, -1, 2, 14, 9, 26, 37
mse: 0.03990499490507102
mae: 0.13398964954285314
rsme: 0.19976234606419455
----------------------
max value: 1.0303882250761076
pred_str: 15, 20, 25, 30, 35, 40, 45, 50
target_str: -1, -5, -7, -8, -5, -10, 87, 40, -13, -1
mse: 0.10068100098362784
mae: 0.27511365609532074
rsme: 0.3173026961493202
----------------------
max value: 0.8297031561139074
pred_str: 13, 22, 30, 29, 16, 5, -1, -5, -6, -6, -7, -5, -6, -6, -6, -5, -4, -5, -7, -5, -6, -4, -6, -7, -6, -7, -6, -8
target_str: -6, -6, -7, -5, -7, -7, -7, -6, -9, -7
mse: 0.030221081666950134
mae: 0.13607131760268082
rsme: 0.17384211706876482
----------------------
max value: 0.30373810308888555
pred_str: 49, 61, 84, 100, 118, 120, 106, 79, 48, 14, 21
target_str: -12, -9, -14, -18, -12, 8, -14, -19, -22, -22
mse: 0.08468531679758687
mae: 0.2773128881201525
rsme: 0.29100741708346006
----------------------
max value: 0.6358788304996957
pred_str: 15, 27, 34, 30
target_str: -5, -8, -8, -6, -7, -5, -4, -6, -6, -8
mse: 0.019857230074383923
mae: 0.10746352235444856
rsme: 0.14091568427390871
----------------------
max value: 0.6569031778328429
pred_str: 99, 20, -23, -5, -14, -8, -1, -4, -2, 7, 14, 27, 24, 9, 0
target_str: 4, 15, 23, 20, 20, 8, 0, -8, -12, -10
mse: 0.058725799727030945
mae: 0.1661965039917093
rsme: 0.24233406637745125
----------------------
max value: 0.5770504865198544
pred_str: 26, 38, 41, 43, 45, 46, 48, 50, 51, 52, 53, 54
target_str: 7, -1, -1, 2, -12, -22, -23, -29, -20, -22
mse: 0.11654221252484029
mae: 0.3237253229376383
rsme: 0.3413827947112161
----------------------
max value: 0.7229541131901488
pred_str: 0, 0, 0, 0, 0, 0, 0, 0, 0, 0, 0, 0, 0, 0, 0, 0, 0, 0, 0, 0, 0, 0, 0, 0, 0, 0, 0, 0, 0, 0, 0, 0, 0, 0, 0, 0, 0, 0, 0, 0, 0, 0, 0, 0, 0, 0, 0, 0, 0, 0, 0, 0, 0, 0, 0, 0, 0, 0, 0, 0, 0, 0, 0, 0, 0, 0, 0, 0, 0, 0, 0, 0, 0, 0, 0, 0, 0, 0, 0, 0, 0, 0, 0, 0, 0, 0, 0, 0, 0, 0, 0, 0, 0, 0, 0, 0, 0, 0, 0, 0, 0, 0, 0, 0, 0, 0, 0, 0, 0, 0, 0, 0, 0, 0, 0, 0, 0, 0, 0, 0, 0, 0, 0, 0, 0, 0, 0, 0, 0, 0, 0, 0, 0, 0, 0, 0, 0, 0, 0, 0, 0, 0, 0, 0, 0, 0, 0, 0, 0, 0, 0, 0, 0, 0, 0, 0, 0, 0, 0, 0, 0, 0, 0, 0, 0, 0, 0, 0, 0, 0, 0,
target_str: -6, -6, -1, 2, -1, -5, -10, -5, -12, -1
mse: 0.0019495316836740083
mae: 0.03542475154631729
rsme: 0.0441535013750213
----------------------
AVG MSE: 0.04946674401631848
Median MSE: 0.025820761564456125
AVG RMSE: 0.1891352079190173
Median RMSE: 0.16067838344297983
AVG MAE: 0.1628763262901872
Median MAE: 0.13617242478202843
Number of False Outputs: 49
----------------------
