max value: 0.24583677141229052
pred_str: -5, -2, 0, 1, 0, -3, -10, -12, -14, -26, -30, -23, -18, -10, -21, -16, -18, -11, -10, -18, -16, -14, -16, -10, -12, -13, -15, -20, -14, -16, -11, -17, -14, -13, -14, -15, -11, -12, -14, -14
target_str: -14, 5, -6, 0, -13, 3, -15, 0, -14, -2, -5, -6, -16, -14, -8, -15, -1, -8, -9, 1, 14, -5, -13, -8, -20
mse: 0.0009522251756191664
mae: 0.023305325929885132
rsme: 0.030858146017205348
----------------------
max value: 0.8297031561139074
pred_str: -13, -3, -11, -5, 0, 2, 11, 20, 30, 26, 15, 4, -3, -5, -6, -6, -6, -6, -5, -5, -4, -5, -5, -6, -5, -5, -4, -4, -3, -3, 6, 5, -2, -9, -1, -14, 22, 93, -10, -5, -10, -5, -6, -5, -2, 0, 3, 13, 22, 30, 28, 19, 4, -2, -5, -5, -5
target_str: -6, -6, -7, -5, -7, -7, -7, -6, -9, -7, -8, -7, -8, -6, -9, -6, -6, -4, 3, 5, -3, -7, -8, -10, 0
mse: 0.01300263759738848
mae: 0.0743414027878061
rsme: 0.11402910855298519
----------------------
max value: 0.6413415682706141
pred_str: -2, -12, -15, -1, -8, 0, 1, 5, 21, 31, 21, 10, -2, -6, -5, -5, 1, 0, -1, -6, -3, -4, -4, -4, -4, -1, -7, -4, -6, -7, -6, -4, -8, -10, -10, -9, -11, -11, -9, -8, -7, -13, -10, -11, -13, -13, -13, -15, -13, -12, -12, -14, -11, -11, -13
target_str: -23, -4, -15, -10, -9, -3, 2, -2, 5, 20, 39, 29, 1, 3, 1, -8, -19, -6, -2, -8, -6, -9, -5, -3, -10
mse: 0.0038762703237756246
mae: 0.046176592915484205
rsme: 0.06225970063994546
----------------------
max value: 0.3308537673821901
pred_str: -16, -20, -13, -11, -11, -14, -10, -11, -12, -12, -10, -11, -10, -11, -12, -13, -14, -15, -14, -14, -13, -14, -14, -12, -12, -13, -12, -11
target_str: -23, -41, -15, 70, -55, -26, -25, -18, -12, -13, -4, 9, 27, 38, 33, 7, -17, -26, -28, -26, -25, -21, -19, -15, -7
mse: 0.00733979457039655
mae: 0.05809792155231259
rsme: 0.08567260104838974
----------------------
max value: 0.5770504865198544
pred_str: -5, -10, -15, -16, -17, -14, -16, -15, -16, -17, -15, -17, -17, -17, -16, -17, -17, -17, -17, -16, -14, -15, -13, -11, -9, -9, -6, -8, -11, -7, -6, -5, -6, -6, -7, -5, -3, 0, 0, -6, -9, -10, -12, -12, -6, 0, 50, 1
target_str: 7, -1, -1, 2, -12, -22, -23, -29, -20, -22, 75, 9, -34, -17, -28, -16, -23, -12, -10, 2, 11, 26, 38, 38, 14
mse: 0.024775584390120335
mae: 0.10779303088190882
rsme: 0.1574026187524221
----------------------
max value: 0.5703371606863332
pred_str: -4, -1, 1, 12, 18, 28, 36, 40, 34, 24, 16, 2, -2, -10, -10, -11, -10, -10, -10, -10, -9, -9, -10, -10, -10, -11, -10, -10, -10, -10, -11
target_str: 0, -8, -9, -8, -6, -10, -10, -9, -8, -8, -10, -11, -11, -11, -12, -11, -12, -13, -11, -4, 4, 0, -7, -20, -4
mse: 0.0146586196652077
mae: 0.08577870896722452
rsme: 0.1210727866417871
----------------------
max value: 0.4820464842265821
pred_str: -1, -4, -1, -1, -2, -4, -1, -2, 0, 0, -1, -1, -4, -3, -4, -4, -4, -3, -3, -4, -5, -2, -2, -1, -3, -2, -2, -4, -1, -4, -2, -2, -2, -3, -2, -2, -3, -2, -2, -3, -1, -2, -2, -1, -1, -1, -2, -1, -2, -1, -2, -2, -2, -3, -1, -2, -2, -1, -2, -2, -1, -1, -1, -1
target_str: 12, 18, 30, 37, 39, 26, -1, -14, -9, -15, -22, -14, -19, -16, -20, -16, -19, -20, -21, -18, -15, -13, -19, -19, -23
mse: 0.009072607933023159
mae: 0.08503299981756907
rsme: 0.09525023849326131
----------------------
max value: 0.7263826898248835
pred_str: -1, -11, -10, -11, -12, -10, -7, -10, -8, -8, -9, -9, -9, -8, -8, -7, -9, -11, -10, -10, -11, -12, -11, -10, -11, -10, -11
target_str: -11, -8, -5, -1, 6, 13, 23, 32, 31, 18, 3, -5, -4, -6, -8, -6, -7, -7, -6, -3, -4, -7, -6, -7, -7
mse: 0.01339551644501679
mae: 0.07873988357701736
rsme: 0.11573900139977358
----------------------
max value: 0.5827268928899484
pred_str: -1, -4, -6, -11, -14, -12, -14, -10, -11, -13, -12, -11, -13, -11, -13, -12, -10, -12, -12, -12, -11, -12, -11, -11, -12, -12, -11, -10, -11, -10, -10, -10, -9, -10, -9, -9, -10, -10, -10, -10, -9, -9, -9, -9, -9, -9, -9, -9, -9, -10, -10
target_str: 3, -11, -2, -1, 2, 5, 13, 27, 35, 41, 31, 15, 2, -7, -6, -8, -6, -4, -5, -5, -6, -7, -7, -8, -7
mse: 0.014893567906238024
mae: 0.08601048939055637
rsme: 0.12203920643071235
----------------------
max value: 1.1852284490423035
pred_str: -1, -11, -14, -19, -18, -20, -20, -22, -21, -22, -22, -23, -22, -22, -21, -21, -22, -21, -20, -21, -19, -18, -17, -15, -15, -14, -12, -11, -10, -10, -11, -11, -10, -10, -9, -9, -8, -8, -8, -7, -8, -8, -8, -8, -9, -9, -9
target_str: 0, 5, 10, 24, 37, 37, 26, 12, 3, 1, 1, 4, 4, 5, 4, 6, 5, 4, 5, 8, 6, -2, 0, -9, 11
mse: 0.12391164135198693
mae: 0.31953758986180497
rsme: 0.35201085402581966
----------------------
max value: 0.432460815366128
pred_str: -6, -4, -3, -2, -1, 0, 2, 4, 7, 11, 17, 22, 27, 31, 34, 37, 41, 44, 46, 46, 47, 45, 44, 43, 42, 41, 38, 35, 32, 29, 27, 25, 22, 19, 16
target_str: 36, 26, 5, -5, -6, -9, -8, -6, -3, -1, -4, -5, -6, -4, -5, -3, 9, 1, -9, -7, -11, -14, 108, -15, -21
mse: 0.027584301453147983
mae: 0.1416741631139435
rsme: 0.16608522346418414
----------------------
max value: 0.3648640357837354
pred_str: -21, -27, -25, -26, -24, -26, -21, -24, -24, -25, -23, -25, -25, -25, -23, -26, -25, -25, -26, -26, -25, -25, -26, -24, -26, -24, -24
target_str: 0, -8, -1, 5, 17, 0, -12, -14, -9, -13, 40, 85, -47, -10, -10, -6, -6, -5, 2, 7, 20, 48, 70, 58, 10
mse: 0.026527704861985645
mae: 0.12886997743881534
rsme: 0.1628732785388249
----------------------
max value: 0.374644169405007
pred_str: -1, -4, -7, -11, -11, -16, -17, -15, -17, -18, -19, -17, -17, -17, -18, -17, -16, -15, -15, -15, -15, -14, -15, -14, -14, -14, -14, -13, -13, -13, -13
target_str: 72, -92, -16, -7, 1, 4, 8, 10, 22, 39, 51, 56, 29, 0, -4, -10, -12, -14, -14, -12, -11, -11, -11, -12, -14
mse: 0.018350438084706974
mae: 0.09006445832496367
rsme: 0.13546378883194937
----------------------
max value: 0.5461180099718109
pred_str: -11, -10, -8, -8, -11, -9, -10, -8, -10, -8, -7, -8, -9, -7, -8, -7, -6, -7, -7, -6, -5, -5, -4, -4, -5, -4, -4, -4, -4, -4, -4, -4, -4, -4, -4, -4, -4, -5, -4, -5, -5, -4, -4, -4, -4
target_str: 9, 0, -8, -8, -11, -10, -9, -8, -8, -4, -4, -6, -8, -6, -4, -1, 10, 3, -12, -6, -15, -3, -18, 67, 50
mse: 0.011137656829176683
mae: 0.05199043454931641
rsme: 0.10553509761769628
----------------------
max value: 1.0172737027256264
pred_str: -3, -1, -2, -3, -2, -3, -3, -4, -4, -3, -2, -2, -2, -2, -1, -2, -2, -2, -2, -1, -2, -1, -2, -2, -2, -1, -2, -2, -1, -1, -1, -1, -1, -1, -1, -1, -1, -1, -1, -1, -1, -1, -1, -1, -1, -1, -1, -1, -1, -1
target_str: -3, -5, -4, -5, -5, -4, -6, -9, -9, -10, -6, -9, -9, -8, -3, -4, -7, -11, -8, -11, -10, -11, 89, 20, -37
mse: 0.044274842119224035
mae: 0.10416882715910415
rsme: 0.21041587896169822
----------------------
max value: 0.6898785427301292
pred_str: -12, -12, -13, -14, -14, -13, -14, -15, -12, -13, -11, -11, -12, -11, -11, -10, -9, -10, -8, -11, -10, -11, -10, -10, -9, -10, -9, -9, -9, -9, -8, -9, -10, -11, -10, -11, -11, -11, -11, -11, -11, -10, -11, -11, -12, -12, -11
target_str: -10, -6, -16, -10, -11, -11, -14, -13, -15, -10, -7, -1, -3, -7, -22, -9, -13, 80, 23, -41, 0, -17, -2, -7, 1
mse: 0.02040988520110475
mae: 0.07147141702684139
rsme: 0.14286316950531636
----------------------
max value: 0.49830573767242065
pred_str: -12, -9, -10, -11, -8, -12, -10, -11, -10, -11, -12, -11, -10, -10, -11, -12, -10, -11, -11, -11, -10, -10, -9, -9, -10, -10, -9, -10, -9, -10, -10, -10, -9, -10, -9, -9, -9, -10, -10, -9, -9, -10, -10, -10, -9, -9, -10, -10, -9, -9, -9, -9, -10, -9, -9, -9
target_str: -7, -8, -9, -6, -14, -8, -5, -3, -2, -13, -12, -20, -15, -24, 82, 37, -24, -3, -16, -6, -7, -3, 5, 11, 24
mse: 0.013640088465491626
mae: 0.0647797458974147
rsme: 0.11679078930074763
----------------------
max value: 0.5076317676199769
pred_str: 65, 54, 45, 35, 14, -5, -1, 0, 1, 14, 25, 40, 50, 48, 29, 5, -3, -4, -3, 0, 2, 11, 24, 67, -4, -1, -9, -1, -4, 0, 2, 4, 11, 23, 39, 49, 43, 25, 0, -2, -3, -7, -10, -11, -12, -13
target_str: 30, 42, 45, 36, 10, -4, -7, -11, -14, -8, -7, -7, -7, -7, -8, -10, -11, -11, -7, -12, -8, -9, -12, -6, -4
mse: 0.021390332474341495
mae: 0.10558740766495518
rsme: 0.14625434172817398
----------------------
max value: 0.7447405605878279
pred_str: -1, 0, 2, 5, 8, 11, 14, 14, 16, 16, 14, 12, 8, 4, 2, 0, -1, -1, -5, -13, -23, -26, -27, -29, -29, -31, -32, -31, -30, -29, -29, -29, -28, -26, -24
target_str: 38, 46, 43, 30, 20, 20, 18, 8, -2, -7, -12, -15, -17, -21, -23, -23, -25, -27, -28, -27, -23, -28, -27, -33, -25
mse: 0.028608253963317388
mae: 0.14030912161474676
rsme: 0.169139746846557
----------------------
max value: 0.26328929729390066
pred_str: -14, -25, -27, -30, -31, -33, -37, -41, -45, -49, -51, -55, -56, -59, -63, -64
target_str: 91, 94, 71, 22, -10, -12, -33, -25, -29, -17, -19, -17, -17, -16, -17, -16, -21, -19, -20, -22, -16, -17, -28, -22, -17
mse: 0.014966181468592226
mae: 0.09604793565281496
rsme: 0.12233634565652281
----------------------
max value: 1.2334026676596268
pred_str: -3, -5, -10, -1, -2, -2, -3, -3, -4, -5, -4, -5, -5, -5, -6, -6, -6, -6, -7, -6, -6, -6, -6, -6, -6, -6, -6, -6, -6, -6, -6, -6, -6, -6, -6, -6, -6
target_str: -1, -7, -8, -8, -9, -9, -8, -8, -8, -8, -7, -8, -7, -7, -8, -8, -6, -4, -5, -5, -12, -5, -24, 56, 82
mse: 0.07439678180340767
mae: 0.11741993396119646
rsme: 0.27275773463534936
----------------------
max value: 0.9781542780785814
pred_str: -4, -3, -3, -2, -1, -1, -1, -2, -2, -2, -1, -2, -2, -2, -2, -2, -1, -2, -1, -1, -2, -2, -1, -1, 0, 1, 0, 0, 0, 0, 0, 0, 0, 0, 0, 0, 0, 0, 0, 0, 0, 0, 0, 0, 0, 0, 0, 0, 0, 0, 0, 0, 0, 0, 0, 0, 0, 0, 0, 0, 0, 0, 0, 0, 0, 0, 0, 0, 0, 0, 0, 0, 0, 0, 0, 0, 0, 0, 0, 0, 0
target_str: -5, -6, -5, -5, -1, 0, 4, 9, 10, 5, 0, -3, -4, -5, -4, -3, -6, -5, -4, -4, -5, -4, -5, -5, -5
mse: 0.0019327072992813298
mae: 0.03403976887713462
rsme: 0.04396256702333623
----------------------
max value: 0.2613380174531786
pred_str: -2, -16, -14, -14, -14, -15, -15, -16, -17, -18, -16, -19, -20, -19, -18, -15, -17, -14, -12, -20, -21, -15, -2, -10, -16, -15, -12, -11, -13, -13, -13, -11, -10, -12
target_str: -12, -2, -8, 0, 4, 8, 16, 18, 50, 60, 63, 56, 32, -1, -11, -18, -17, -11, -11, -2, -2, 0, -3, 0, 10
mse: 0.008392404094938057
mae: 0.06502089874235083
rsme: 0.09161006546738222
----------------------
max value: 0.6358788304996957
pred_str: -4, -12, -11, -9, -7, -1, 0, 2, 14, 27, 33, 28, 10, -2, -10, -10, -12, -9, -9, -9, -10, -10, -9, -10, -11, -11, -10, -11, -11, -12, -11, -11, -12, -12, -13, -12, -12, -12, -12, -13, -12, -12, -12, -13, -13, -12, -13, -13, -12
target_str: -5, -8, -8, -6, -7, -5, -4, -6, -6, -8, -7, -3, -2, 1, -1, -10, -7, -14, -3, -26, 47, 82, -29, -2, -12
mse: 0.027663454546305238
mae: 0.0986883944935528
rsme: 0.16632334335956947
----------------------
max value: 0.2696186761236342
pred_str: -7, -11, -12, -13, -13, -14, -12, -11, -10, -12, -11, -11, -12, -12, -12, -13, -12, -11, -11, -12, -12, -11, -11, -12, -12, -12, -12, -12, -12, -12, -12, -12, -12, -12, -12, -12
target_str: -16, -1, 11, 13, -23, -2, -47, 62, 55, -68, -5, -23, -4, -11, 2, 16, 32, 52, 59, 68, 52, 28, -6, -20, -19
mse: 0.011569141397947293
mae: 0.08293470477562986
rsme: 0.10755994327791035
----------------------
max value: 0.5431916531495725
pred_str: -3, -3, -1, 3, 7, 11, 16, 24, 29, 32, 28, 18, 2, 0, -2, -2, -1, -2, -2, -1, -3, -4, -4, -5, -6, -6, -5, -5, -5, -5, -5, -7, -6, -6, -7, -6, -5, -7, -6, -8, -8, -8, -8, -8, -8, -8, -9, -9, -8, -8
target_str: 1, 9, 15, 11, 5, 5, -4, 6, -14, 95, 65, -17, 12, 0, 7, 2, 9, 9, 17, 28, 37, 37, 24, 5, -5
mse: 0.01822509140326874
mae: 0.10342369075967861
rsme: 0.13500033853020052
----------------------
max value: 0.6815929574679479
pred_str: -5, -7, -11, -7, -13, -1, -6, 0, 5, -3, -8, -1, -5, -1, 0, 1, 4, 21, 34, 38, 34, 11, -3, -8, -9, -8, -8, -7, -7, -7, -7, -7, -8, -7, -8, -7, -7, -7, -6
target_str: -5, -7, -6, -6, -12, -4, -6, -8, -7, -4, -3, -6, -11, -5, -9, -5, -7, -8, -2, 2, -3, -5, -9, -5, -16
mse: 0.010660928486504954
mae: 0.06734138419783325
rsme: 0.10325177231653196
----------------------
max value: 0.6569031778328429
pred_str: -3, -4, -2, -1, 0, 1, 2, 5, 7, 9, 10, 13, 15, 17, 19, 21, 23, 24, 25, 25, 24, 24, 23, 22, 22, 21, 20, 19, 18, 17, 16, 15, 14
target_str: 4, 15, 23, 20, 20, 8, 0, -8, -12, -10, -6, -4, -7, -8, -9, -4, -3, -8, -5, -2, 0, -8, -10, -14, 99
mse: 0.03301314264322709
mae: 0.15818228522214858
rsme: 0.1816951915798189
----------------------
max value: 0.9329780208280937
pred_str: -1, -10, -10, -11, -10, -7, -5, -5, 1, 2, 4, 10, 15, 20, 18, 14, 10, 9, 6, 1, 0, -1, -1, -2, -2, -2, -2, -2, -1, -2, -2, -2, -2, -2, -2, -2, -2, -2
target_str: 12, 4, -1, -3, -5, -4, -3, -3, -5, -4, -3, -2, -1, -2, -2, 0, -1, -2, -3, 0, 6, 9, -3, 0, -7
mse: 0.009212821498094482
mae: 0.0806093009995473
rsme: 0.09598344387494377
----------------------
max value: 0.5038998767895255
pred_str: -4, -4, -12, -4, -5, -2, -6, -6, -4, -2, -6, -1, -11, -14, -12, -13, -14, -15, -12, -12, -13, -11, -10, -11, -13, -12, -14, -13, -13, -12, -12, -11, -11, -12, -11, -10, -12, -12, -12, -10, -12, -11, -11, -12, -11, -12, -12, -12, -12, -12, -11
target_str: -1, -13, -3, 5, 0, -17, -5, -8, 19, -60, -91, 0, -10, 2, 12, 14, 12, 19, 42, 54, 30, 25, 14, 0, -9
mse: 0.026559517977660995
mae: 0.11811413111946477
rsme: 0.1629709114463713
----------------------
max value: 0.8780585637531843
pred_str: -2, -6, -6, -5, -5, -5, -6, -5, -6, -5, -3, -4, -4, -3, -4, -4, -4, -3, -4, -3, -3, -4, -5, -4, -5, -5, -4, -4, -5, -5, -6, -6, -6, -7, -7, -7, -7, -7, -8, -8, -8, -9
target_str: -9, -10, -11, -13, -10, -6, -2, -13, -12, -17, -9, -33, 32, 64, -16, -7, -13, -7, -7, -2, 2, 9, 21, 27, 21
mse: 0.030435476550328914
mae: 0.11625495384092162
rsme: 0.17445766406302968
----------------------
max value: 0.29350288319129203
pred_str: -3, -1, 0, -2, 1, 0, -2, -3, -6, -2, 0, 1, 2, -2, -1, 1, -2, -1, 2, 1, -1, -2, -2, -3, -1, -4, -1, -5, -2, -4, -3, -2, -3, -2, -2, -2, -4, -3, -4, -4, -5, -4, -3, -2, -2, -1, -2, -1, -2
target_str: -2, 3, 3, -1, -11, 1, -19, 27, 99, -66, -25, -9, 0, 0, 2, 8, 15, 34, 49, 57, 56, 18, 0, -15, -18
mse: 0.009723239071268413
mae: 0.06457063430208425
rsme: 0.0986064859492945
----------------------
max value: 0.25812287143869844
pred_str: -4, -10, -2, 2, 2, 14, 15, 26, 40, 64, 86, 98, 91, 74, 38, 1, -9, -14, -13, -12, -12, -12, -11, -8, -11, -10, -12, -12, -11, -10, -9, -11, -11, -13, -15, -17, -15, -18, -16
target_str: 92, 55, 11, -11, -13, -21, -24, -10, -11, -12, -15, -19, -9, -15, -22, -15, -15, -20, -18, -17, -14, -11, -17, -6, 6
mse: 0.019334210305013862
mae: 0.10035817241536597
rsme: 0.1390475109630297
----------------------
max value: 0.7229541131901488
pred_str: -1, -4, -6, 0, 1, 1, 0, 2, 4, 1, 1, 1, 1, 0, -2, -3, -3, -3, -3, -4, -3, -2, -2, -3, -2, -1, -2, -2, -1, -1, -1, -1, -1, -1, -1
target_str: -6, -6, -1, 2, -1, -5, -10, -5, -12, -1, -19, 56, 57, -18, 0, -12, -3, -5, -2, -3, 0, 3, 15, 23, 36
mse: 0.02075179784680773
mae: 0.08964631003557845
rsme: 0.14405484319108375
----------------------
max value: 0.48549672876854877
pred_str: -2, -7, -10, -10, -10, -11, -9, -10, -7, -8, -9, -10, -10, -10, -11, -10, -9, -10, -10, -11, -10, -10, -10, -10, -10, -10, -10, -10, -10, -10, -10, -10, -10, -10, -10, -10, -10, -10, -10, -10, -10, -10, -10
target_str: -1, 0, 4, -17, 0, -29, 47, 76, -41, -8, -23, -10, -14, -8, -7, 2, 15, 30, 32, 17, 3, -3, -4, -6, -8
mse: 0.016764429905924264
mae: 0.08447643080572748
rsme: 0.12947752664429554
----------------------
max value: 0.3751911591592724
pred_str: -10, -9, -12, -11, -12, -13, -13, -15, -14, -15, -14, -13, -12, -10, -11, -11, -12, -11, -12, -10, -12, -10, -12, -11, -10, -12, -10, -10, -9, -11, -9, -10, -11, -10, -10, -10, -10, -9, -10, -10, -11
target_str: 57, 62, 36, 3, -11, -20, -22, -16, -19, -17, -9, -11, -16, -16, -18, -15, -15, -4, -6, -7, -7, -7, -7, -5, -5
mse: 0.007072204712982631
mae: 0.04442263324445784
rsme: 0.08409640130815724
----------------------
max value: 0.4814011836150589
pred_str: -9, -9, -10, -12, -12, -10, -9, -10, -11, -10, -10, -9, -11, -12, -12, -11, -10, -12, -11, -12, -12, -12, -11, -11, -10, -11, -12, -13, -12, -11, -10, -12, -13, -11, -12, -10, -10, -10, -9, -10, -10, -10, -9, -9, -10, -10, -10, -10, -9, -10, -9, -10, -10, -11
target_str: 6, -2, -15, -13, -17, 5, 87, -12, -11, -12, -11, -10, -5, -4, -6, 0, 7, 12, 24, 35, 34, 20, 4, -3, -9
mse: 0.016465167931384684
mae: 0.07817955221908558
rsme: 0.12831667051238776
----------------------
max value: 0.5570912375663158
pred_str: -6, -3, 1, 6, 17, 25, 31, 19, 17, 24, 30, 33, 42, 52, 66, 69, 66, 61, 58, 56, 54, 52, 50, 49
target_str: -4, -2, -1, -2, -2, -4, -2, -3, 0, 0, 8, -10, -2, -22, 65, 45, -49, -3, -18, -3, -9, 0, 3, 13, 23
mse: 0.0637087808106522
mae: 0.2005528455238737
rsme: 0.25240598410230336
----------------------
max value: 1.0303882250761076
pred_str: -3, -1, -5, -3, -2, 1, 2, -4, -4, -1, -1, -3, -4, -4, -4, -5, -4, -2, 0, 2, 2, 2, 0, -2, -2, -2, -2, -3, -3, -1, 0, 1, 2, 1, -1, -1, -2, -1
target_str: -1, -5, -7, -8, -5, -10, 87, 40, -13, -1, -13, -7, -7, -8, -4, -3, 0, 4, 7, 7, 1, -5, -5, -5, -6
mse: 0.04177152064430933
mae: 0.09562002728706281
rsme: 0.2043808225942672
----------------------
max value: 0.5359585981714126
pred_str: -12, -13, -14, -13, -11, -13, -10, -9, -9, -12, -10, -11, -11, -10, -10, -10, -9, -11, -11, -11, -10, -9, -10, -10, -10, -9, -9, -11, -12, -11, -11, -11, -10, -11, -12
target_str: -4, -1, -4, -6, -1, 2, 14, 9, 26, 37, 38, 18, 4, 0, -7, -15, -15, -5, -8, -17, -13, -8, -14, -13, -12
mse: 0.010189389427531524
mae: 0.07117530183716358
rsme: 0.10094250555406045
----------------------
max value: 0.5438453641955051
pred_str: -5, -9, -10, -9, -1, 0, 2, 12, 26, 12, -7, -3, -3, -2, 0, 2, 6, 13, 21, 27, 25, 14, 0, -5, -4, -11, -8, -14, -13, -12, -11, -10, -13, -13, -11, -13, -10, -12, -12, -14
target_str: -4, 0, 2, 16, 23, 21, 3, -4, -11, -14, -15, -9, -8, -11, -4, -9, -7, -6, -12, 0, -7, -8, -8, -4, -4
mse: 0.009978021831374582
mae: 0.08048911390093473
rsme: 0.09989004871044253
----------------------
max value: 0.23076062473186015
pred_str: -15, -1, -16, 1, -1, -10, 0, -11, 14, 52, 67, 67, 17, -3, -16, -14, -10, -16, -15, 4, 10, -18, -23, -24, 12, 16, -66, -20, -2, -16, -10, -2, 5
target_str: 5, 33, 48, 87, 52, 17, -5, -6, -4, -25, 0, 2, -5, 9, -2, -9, -13, -8, 43, -55, -45, -7, -10, 2, 4
mse: 0.00924960593145709
mae: 0.0752279636625864
rsme: 0.09617487162173438
----------------------
max value: 0.5059274783669776
pred_str: -2, -12, -14, -16, -9, -2, -1, -1, -11, -15, -27, 46, -1, -69, -16, -29, -21, -17, -14, 1, 11, 30, 53, 59, 37, 3, -10, -12, -14, -16, -14, -12, -11, -10, -8, -11, -15, -20, -17, 53
target_str: -10, -8, 3, -1, 0, -16, -10, -22, 50, 25, -69, -5, -15, 0, 2, 15, 37, 56, 61, 46, 19, -4, -4, -7, -9
mse: 0.04666710366902925
mae: 0.18172915022941838
rsme: 0.2160257014084881
----------------------
max value: 1.0306748524485334
pred_str: -7, -9, -13, -14, -10, -15, -13, -11, -10, -9, -12, -12, -11, -10, -9, -8, -11, -9, -10, -7, -10, -7, -10, -12, -15, -15, -16, -16, -14, -16, -14, -11, -12, -14, -15, -15, -15, -15, -16, -15
target_str: 34, 24, 7, -4, -10, -15, -17, -13, -15, -12, -12, -8, -3, -5, -2, -2, -4, -5, 0, 3, 4, 11, 12, 12, 13
mse: 0.02610260588791608
mae: 0.11749693317913282
rsme: 0.1615630090333678
----------------------
max value: 0.30373810308888555
pred_str: -21, -26, -26, -25, -22, -23, -21, -19, -17, -12, -2, -10, -11, -10, -13, -14, -15, -14, -14, -13, -14, -15, -15, -15, -16, -14, -14, -15, -14, -13, -13, -13, -13, -14, -13, -12, -13, -12
target_str: -12, -9, -14, -18, -12, 8, -14, -19, -22, -22, -18, 60, 46, -41, -15, -22, -9, -13, -1, 2, 8, 31, 46, 72, 83
mse: 0.013046592616264362
mae: 0.0779999448732258
rsme: 0.11422168190087363
----------------------
max value: 0.347842579348822
pred_str: -12, -1, -1, -2, -1, -1, -3, -4, -4, -3, -2, -1, 0, 0, 2, 2, 2, 3, 3, 4, 4, 4, 4, 4, 5, 5, 6, 6, 6, 6, 6, 6, 6, 7, 7, 7, 7, 7, 7, 7, 8, 8, 8, 8, 8, 8, 8, 8
target_str: -10, -6, -13, -6, 14, 114, -24, -51, -12, -20, -6, -7, 3, 5, 20, 38, 73, 93, 95, 71, 25, 3, -8, -13, -9
mse: 0.022027283433383983
mae: 0.09781333331288873
rsme: 0.14841591367971288
----------------------
max value: 0.37438341644052264
pred_str: -11, -10, -11, -13, -11, -12, -11, -10, -10, -10, -10, -10, -10, -11, -11, -10, -10, -10, -11, -10, -9, -10, -9, -10, -11, -10, -11, -11, -12, -11, -12, -12, -12, -12
target_str: -12, -18, -20, -13, -17, -15, -15, -20, -12, -14, -14, -7, 5, -3, -13, -14, -18, -16, -6, 69, -49, -50, -16, -21, -9
mse: 0.005831339060006218
mae: 0.042080696007914746
rsme: 0.07636320488302084
----------------------
max value: 0.39385413861669377
pred_str: -2, -10, -11, -11, -10, -11, -11, -11, -11, -10, -10, -10, -10, -10, -10, -10, -10, -10, -10, -10, -10, -10, -10, -10, -10, -10, -10, -10, -10, -10, -10, -10, -10, -10, -10, -10, -10, -10, -10, -10, -10, -10, -10, -10
target_str: 3, 10, 23, 38, 55, 68, 67, 53, 23, 2, -2, -7, -9, -8, -4, -5, -6, -8, -8, -12, -8, -8, -13, -9, -12
mse: 0.016205189247184348
mae: 0.07640770289163858
rsme: 0.12729960426955123
----------------------
max value: 0.006170146630727074
pred_str: -82, -80, -80, -80, -80, -80, -80, -80, -80, -80, -80, -80, -80, -80, -80, -80, -80, -80, -80, -80, -80, -80, -80, -80, -80
target_str: -81, -81, -81, -81, -81, -81, -81, -81, -81, -81, -81, -81, -81, -81, -81, -81, -81, -81, -81, -81, -81, -81, -81, -81, -81
mse: 3.807070944467244e-09
mae: 6.170146630727056e-05
rsme: 6.170146630727056e-05
----------------------
max value: 0.3394267338185406
pred_str: -11, -11, -11, -10, -11, -11, -11, -11, -11, -11, -12, -12, -12, -12, -13, -13, -13, -14, -14, -13, -14, -14, -14, -13, -14, -15, -14, -14, -14, -14, -14, -15, -15, -15, -15, -15, -15
target_str: 0, -1, 0, -3, -6, -6, -6, -9, -8, -3, 0, 2, -9, -14, -12, -20, -19, 81, -24, -44, -1, -6, -1, 1, 3
mse: 0.005509366474901147
mae: 0.04249622707408129
rsme: 0.07422510676921353
----------------------
AVG MSE: 0.02130454941190578
Median MSE: 0.015585685357888287
AVG RMSE: 0.13330468985180016
Median RMSE: 0.12481797496303701
AVG MAE: 0.09245223110764943
Median MAE: 0.08475471531164827
Number of False Outputs: 49
----------------------
