max value: 1.0172737027256264
pred_str: -2, -2, -2, -3, -3, -4, -3, -3, -3, -3, -3, -3, -3, -3, -4, -4, -4, -4, -4, -4, -4, -4, -4, -4, -4, -5, -5, -5, -5, -6, 2, 96, 1, -22, -5, -7, -4, -3, 0, 3, 11, 20, 29, 36, 35, 16, 1, -3, -5, -6, -6, -6, -5, -5, -5, -5, -5, -5, -5, -6, -6, -6, -6, -7, -6, -6, -7, -8, -8, -8, -8, -7, -5, 4, 96, -15, -13
target_str: -3, -5, -4, -5, -5, -4, -6, -9, -9, -10, -6, -9, -9, -8, -3, -4, -7, -11, -8, -11, -10, -11, 89, 20, -37, -8, -12, -1, -3, 1, 7, 16, 25, 32, 32, 19, 5, -6, -8, -8, -9, -7, -7, -8, -7, -7, -9, -8, -11, -13
mse: 0.062109374399579004
mae: 0.14994614378175733
rsme: 0.24921752426259877
----------------------
max value: 0.6358788304996957
pred_str: -19, -19, -17
target_str: -5, -8, -8, -6, -7, -5, -4, -6, -6, -8, -7, -3, -2, 1, -1, -10, -7, -14, -3, -26, 47, 82, -29, -2, -12, 0, -5, 2, 6, 12, 24, 33, 34, 21, 6, -4, -9, -10, -11, -9, -7, -6, -7, -7, -8, -9, -10, -8, -6, -3
mse: 0.013035173755609628
mae: 0.07363476857186478
rsme: 0.1141716854373694
----------------------
max value: 0.8780585637531843
pred_str: 10, 10, 11, 13, 14, 14, 16, 17, 18, 20, 21, 22, 21, 17, 17, 14, 12, 10, 8, 6, 3, -2, -3, -5, -7, -6, -6, -5, -4, -4, -7, -8
target_str: -9, -10, -11, -13, -10, -6, -2, -13, -12, -17, -9, -33, 32, 64, -16, -7, -13, -7, -7, -2, 2, 9, 21, 27, 21, 10, -1, -2, -4, -8, -5, 2, 0, 0, 3, 0, 0, -2, -2, 0, 4, 5, -4, -4, -4, -2, -14, 78, 35, -7
mse: 0.0400265528570999
mae: 0.14189426390251458
rsme: 0.20006637112993253
----------------------
max value: 0.5703371606863332
pred_str: -10, -11, -10
target_str: 0, -8, -9, -8, -6, -10, -10, -9, -8, -8, -10, -11, -11, -11, -12, -11, -12, -13, -11, -4, 4, 0, -7, -20, -4, -26, 89, 27, -34, 3, -13, 1, -1, 4, 9, 18, 26, 36, 40, 26, 3, -7, -11, -11, -10, -11, -9, -9, -8, -7
mse: 0.011973721593207334
mae: 0.07448603318563511
rsme: 0.10942450179556375
----------------------
max value: 0.2582175326783534
pred_str: 37, 33, 31, 28, 26, 26, 22, 20, 17, 13, 9, 2, 0, 0, 0, -1, 0, -1, 0, 0, 0, 0, 0, -1, -1, -4, -3, -11, -11, -13, -17, -15, -16, -13, -11, -14, 1, 12, -1, -10, -12, -19, 95, -42, -47, -11, -14, -14, -14, -12, -16, -13, -12
target_str: -17, -1, 12, 14, -24, -2, -49, 65, 57, -71, -6, -24, -4, -11, 2, 16, 34, 54, 61, 71, 55, 29, -7, -21, -20, -26, -25, -24, -25, -27, -28, -34, -32, -33, -31, -27, -25, -28, -36, -21, -4, 8, -4, -26, -12, -20, 104, -30, -56, -2
mse: 0.010353895018423154
mae: 0.07958264357146849
rsme: 0.10175409091738354
----------------------
max value: 0.6815929574679479
pred_str: 1, 0, -1, -1, -4, -5, -5, -4, -3, -3, -3, -4, -3, -6, -5, -5, -7, -6, -6, -6, -6, -4, -5, -3, -3, -5, -5, -3, -2, -4, -2, -5, -4, -3, -2, -4, -2, -2, -2, -2, -2, -2, -2, -2, -2, -2, -1, -1, -2, -1, -2, -2, -2, -2, -2, -1, -2, -2, -3, -1, -1, -1, -3, -2, -2, -1, -2, -2, -2, -3, -2, -1, -2, -1, -2, -2, -2, -2, -2, -3, -3, -3, -3, -3
target_str: -5, -7, -6, -6, -12, -4, -6, -8, -7, -4, -3, -6, -11, -5, -9, -5, -7, -8, -2, 2, -3, -5, -9, -5, -16, -4, -20, 50, 72, -15, 1, -11, -5, -10, -2, -5, -3, 3, 12, 25, 36, 40, 28, 5, -5, -11, -9, -9, -9, -8
mse: 0.013708500861939523
mae: 0.06434237518497427
rsme: 0.11708330735822046
----------------------
max value: 0.4814011836150589
pred_str: 0, -1, -3, -4, -5, -5, -5, -6, -4, -5, -4, -4, -4, -5, -4, -4, -4, -5, -4, -5, -4, -4, -4, -4, -5, -4, -3, -4, -5, -4, -4, -4, -4, -4, -4, -4, -4, -4, -5, -4, -5, -3, -1, -2, 4, 13, 14, 16, 12, -2, 0, 0, 0, -2, -2, 1, 1, 2, 2, 2, 2, 1, 0, 0, 1, 0, 0, 0, 0, 0, 0, 0, 0, 0, 0, 0, 0, 0, 0, 0
target_str: 6, -2, -15, -13, -17, 5, 87, -12, -11, -12, -11, -10, -5, -4, -6, 0, 7, 12, 24, 35, 34, 20, 4, -3, -9, -11, -11, -11, -10, -10, -8, -9, -9, -8, -10, -9, -8, -11, -9, -8, -9, 1, 4, -1, -14, -9, -20, 6, 99, -1
mse: 0.011244832766110905
mae: 0.059790027004990316
rsme: 0.10604165580615434
----------------------
max value: 0.5770504865198544
pred_str: 0, 5, 9, 19, 33, 47, 52, 42, 17, -3, -10, -11, -10, -9, -9, -8, -6, -6, -6, -8, -7, -7, -7, -8, -8, -9, -10, -11, -10, -9, -9, -6, -3, -4, -11, -13, -11, -11, -11, 1, 98, 15, -11, -3, -8, -4, 1, 1, 6, 16, 29, 44, 54, 44, 18, -3, -7, -10, -7, -10, -5, -7, -6, -5
target_str: 7, -1, -1, 2, -12, -22, -23, -29, -20, -22, 75, 9, -34, -17, -28, -16, -23, -12, -10, 2, 11, 26, 38, 38, 14, -13, -20, -27, -30, -28, -29, -26, -27, -21, -20, -24, -16, -16, -7, -13, -24, -20, -27, -13, -30, 54, 60, -27, 0, -7
mse: 0.04210956940452957
mae: 0.1498023063005542
rsme: 0.20520616317384224
----------------------
max value: 0.3648640357837354
pred_str: 0, 1, 1, 8, 14, 23, 42, 63, 64, 35, 3, -13, -16, -14, -12, -15, -12, -13, -11, -12, -12, -13, -15, -13, -16, -15, -11, -12, -13, -12, -12, -13, -12, -13, -11, -14, -15, -12, -12, -14, -10, -14, -10, -14, -10, -15, -10, -10, -14, -12, -13, -12, -11
target_str: 0, -8, -1, 5, 17, 0, -12, -14, -9, -13, 40, 85, -47, -10, -10, -6, -6, -5, 2, 7, 20, 48, 70, 58, 10, -11, -24, -25, -25, -20, -20, -15, -9, -16, -9, -12, -16, -13, -14, -11, -13, -7, 0, 14, -13, -14, -18, -8, -17, 65
mse: 0.014668062996082172
mae: 0.0739214536497848
rsme: 0.12111177893203523
----------------------
max value: 1.1852284490423035
pred_str: 1, 0, -11, -15, -15, -18, -19, -18, -16, -15, -11, -11, -11, -13, -11, -12, -13, -11, -13, -10, -13, -14, -16, -15, -15, -14, -11, -11, -13, -13, -13, -12, -13, -12, -12, -11, -13, -12, -12, -13, -12, -12, -12, -14, -12, -11, -13, -11, -11, -13, -13, -12, -12, -14
target_str: 0, 5, 10, 24, 37, 37, 26, 12, 3, 1, 1, 4, 4, 5, 4, 6, 5, 4, 5, 8, 6, -2, 0, -9, 11, 36, -56, -33, -21, -24, -28, -30, -28, -18, -4, 7, 2, -10, -13, -12, -8, -6, -3, -1, 0, 1, 2, 2, 5, 4
mse: 0.06615888197343979
mae: 0.20765202427221158
rsme: 0.2572136893196779
----------------------
max value: 0.30373810308888555
pred_str: 0, 1, 3, 11, 18, 28, 46
target_str: -12, -9, -14, -18, -12, 8, -14, -19, -22, -22, -18, 60, 46, -41, -15, -22, -9, -13, -1, 2, 8, 31, 46, 72, 83, 74, 30, 0, -21, -20, -23, -25, -23, -17, -24, -23, -23, -29, -34, -32, -24, -18, -6, -21, -21, -25, -21, -21, 66, 42
mse: 0.010109688522341754
mae: 0.08328498786697242
rsme: 0.10054694685738476
----------------------
max value: 0.347842579348822
pred_str: 63, 91, -62, -15, -19, -18, -16, -16, -15, -15, -11, -13, -10, -11, -11, -11, -13, -16, -16, -19, -25, -22, -16, -12, -14, -15, -11, -5, 53, 85, -52, -9, -20, -20, -12, -11, -5, 1, 18, 44, 64, 87, 86, 44, 11, -1, -11, -16, -15, -13
target_str: -10, -6, -13, -6, 14, 114, -24, -51, -12, -20, -6, -7, 3, 5, 20, 38, 73, 93, 95, 71, 25, 3, -8, -13, -9, -12, -6, -10, -8, -5, -6, -8, -10, -10, -20, -27, -22, -31, -24, -22, -27, -17, -17, -15, -7, -6, -20, -21, -20, -35
mse: 0.03385860571081031
mae: 0.13092794686689663
rsme: 0.18400708059966148
----------------------
max value: 0.2530007926888673
pred_str: 63, 73, 61, 46, 15, -11, -24, -24, -20, -18, -18, -15, -13, -17, 56, 99, -22, -20, -14, -11, -9, -14, -5, 1, 16, 32, 55, 58, 49, 16, -5, -15, -14, -18, -17, -15, -11, -14, -14, -15, -15, -18, -14, -22, -24, -19
target_str: -12, -2, -8, 0, 4, 9, 16, 19, 51, 62, 65, 58, 33, -1, -11, -19, -17, -12, -11, -2, -2, 0, -3, 0, 10, 2, -15, -27, -24, -29, -29, -28, 2, 103, 17, -37, -12, -21, -14, -12, -6, -1, 1, 26, 44, 71, 62, 34, 2, -11
mse: 0.01606303118754274
mae: 0.09553309931931633
rsme: 0.1267400141531582
----------------------
max value: 0.5359585981714126
pred_str: 1, 0, -11, -10, -11, -10
target_str: -4, -1, -4, -6, -1, 2, 14, 9, 26, 37, 38, 18, 4, 0, -7, -15, -15, -5, -8, -17, -13, -8, -14, -13, -12, -9, -5, -13, -14, -22, -11, -31, 31, 70, -9, -9, -14, -11, -15, 1, -5, 3, 10, 25, 27, 29, 16, -1, -16, -13
mse: 0.010153770226781243
mae: 0.07739242157595196
rsme: 0.10076591798212947
----------------------
max value: 1.2334026676596268
pred_str: -1, -4, -3, -3, -3, -4, -4, -5, -5, -4, -4, -4, -5, -4, -5, -4, -5, -5, -5, -4, -4
target_str: -1, -7, -8, -8, -9, -9, -8, -8, -8, -8, -7, -8, -7, -7, -8, -8, -6, -4, -5, -5, -12, -5, -24, 56, 82, -14, -3, -10, -3, -5, 0, 3, 9, 16, 22, 15, 6, -4, -6, -7, -7, -7, -6, -7, -6, -7, -6, -6, -7, -7
mse: 0.038731843299418436
mae: 0.10459254621753633
rsme: 0.19680407338116362
----------------------
max value: 0.4820464842265821
pred_str: 0, 4, -2, -1, 2, 1, 2, 4, 5, 5, 5, 2, 0, -2, -3, -2, -3, -2, -1, -1, -3, -4, -2, -5, -7, 99, 73, -13, -5, -12, -5, -4, -6, -1, 1, 12, 23, 27, 29, 17, 0, -6, -6, -3, -5, -3, -5, -5, -4, -5, -5, -7, -6, -7, -3, -5, -1, -10, 0, -4, -5, -6, -6, -3, -3, -2, -2, -5, -4, -2, -4, -7, 95, 67
target_str: 12, 18, 30, 37, 39, 26, -1, -14, -9, -15, -22, -14, -19, -16, -20, -16, -19, -20, -21, -18, -15, -13, -19, -19, -23, -15, -31, 58, 67, -27, -7, -16, -3, -10, -6, 7, 5, 25, 37, 47, 33, 8, 0, -9, -8, -10, -10, -13, -11, -8
mse: 0.022038322958297874
mae: 0.09862671067275869
rsme: 0.1484531001976647
----------------------
max value: 0.7447405605878279
pred_str: 14, 21, 20, 20, 13, 10, 4, 0, 2, 2, 1, 0, -2, -10, -15, -14, -19, -18, -21, -23, -24, -25, -25, -25, -25, -26, -25, -24, -22, -22, -20, -21, -23, -20, -25, -23, -25, -22, -27, -28, -25, -28, -27, -28, -28, -27, -25, -23, -20, -17, -12, -11, -11, -10, -13, -10, -10
target_str: 38, 46, 43, 30, 20, 20, 18, 8, -2, -7, -12, -15, -17, -21, -23, -23, -25, -27, -28, -27, -23, -28, -27, -33, -25, -44, 54, 18, -36, -25, -33, -26, -30, -24, -24, -21, -14, -9, -3, -1, -5, -11, -14, -14, -12, -13, -11, -11, -10, -6
mse: 0.01768298473940451
mae: 0.09666732476430002
rsme: 0.13297738431554634
----------------------
max value: 0.3394267338185406
pred_str: -2, 0, -1, 2, 1, 7
target_str: 0, -1, 0, -3, -6, -6, -6, -9, -8, -3, 0, 2, -9, -14, -12, -20, -19, 81, -24, -44, -1, -6, -1, 1, 3, 10, 20, 27, 46, 59, 63, 43, 14, -5, -11, -10, -10, -11, -6, -9, -10, -6, -9, -8, -12, -11, -10, 0, -11, -12
mse: 0.005779189483772299
mae: 0.04921687640368838
rsme: 0.07602098054992647
----------------------
max value: 0.26328929729390066
pred_str: -19, -20, -21, -20, -18, -21, -17, -15, -18, -18, -18, -17, -15, -18, -12, -14, -14, -15, -13, -15, -13, -16, -13, -17, -13, -18, -14, -20, -16, -15, -15, -19, -16, -14, -13, -13, -12, -12, -14, -13, -16, -13, -11, -14, -12
target_str: 91, 94, 71, 22, -10, -12, -33, -25, -29, -17, -19, -17, -17, -16, -17, -16, -21, -19, -20, -22, -16, -17, -28, -22, -17, -3, 3, -22, -18, -32, 48, 25, -52, -7, -11, 0, 2, 20, 21, 41, 54, 76, 98, 79, 67, 24, -10, -19, -23, -17
mse: 0.012681075649444701
mae: 0.07182532030177613
rsme: 0.11261028216572722
----------------------
max value: 0.49830573767242065
pred_str: -10, -10, -8, -11, -10, -12, -11, -11, -12, -11, -11, -12, -12, -12, -13, -13, -13, -13, -14, -13, -13, -14, -15, -12, -14, -14, -15, -13, -14, -14, -14, -14, -14, -14, -14, -14, -13, -14, -14, -14, -14, -14, -14, -14, -14, -14, -14, -14, -14, -14, -13, -14, -13, -14, -13, -13, -13, -13, -13, -13
target_str: -7, -8, -9, -6, -14, -8, -5, -3, -2, -13, -12, -20, -15, -24, 82, 37, -24, -3, -16, -6, -7, -3, 5, 11, 24, 29, 33, 20, 3, -4, -12, -11, -10, -9, -10, -4, -4, -6, -9, -5, -10, -7, -9, -11, -6, -7, -8, -8, -4, 0
mse: 0.01065442576052783
mae: 0.06198923376644914
rsme: 0.10322027785531208
----------------------
max value: 0.4332330379281967
pred_str: 0, -2, 3, 1, 24, 11, 34, 44, 54, 54, 37, 17, 4, -1, -5, -7, -11, -10, 1, -10, -14, -9, -5, -10, -12, -11, -10, -12, 2, -93, -79, -1, -11, 5, 12, 15, 25, 36, 54, 59, 49, 26, 15, -1, -12, -10, 1, -14, -5, 2, -2, -14, -11, -1, -11, -10, -15, -10, -10
target_str: -1, -15, -4, 6, 0, -20, -5, -10, 22, -70, -105, 0, -12, 2, 15, 16, 14, 22, 49, 63, 34, 29, 16, 0, -10, -6, -5, 0, -3, -5, 0, 0, -5, -10, 0, 0, -5, -14, 3, 15, -17, -4, -15, 29, -42, -116, -10, -3, 4, 12
mse: 0.03762338468327809
mae: 0.13854792552943723
rsme: 0.19396748357206187
----------------------
max value: 0.6062498297873488
pred_str: -6, -10, -11, -11, -14, -8, -12, -7, -13, -13, -13, -12, -8, -14, -15, -13, -13, -12, -16, -12, -12, -14, -10, -13, -10, -10, -11, -10, -10, -6, -13, -6, -13, -7, -12, -7, -10, -10, -10, -9, -5, -13, -9, -12, -10, -13, -7, -10, -12, -9, -13, -8, -11, -9, -11, -12, -10, -10, -10, -10, -10
target_str: -25, -5, -16, -11, -10, -4, 2, -2, 5, 22, 41, 31, 1, 3, 1, -8, -20, -7, -2, -8, -6, -9, -6, -3, -11, -2, -15, 6, 11, 5, -15, -25, 2, -12, -14, -4, 105, 30, -20, -8, -22, 2, -7, -6, -3, 3, 14, 24, 32, 23
mse: 0.022023663336254225
mae: 0.09396872361703902
rsme: 0.14840371739364963
----------------------
max value: 0.25812287143869844
pred_str: 25, 25, 32, 34, 55, 80, 87, 87, 75, 40, -2, -10, -15, -14, -14, -13, -10, -8, -11, -13, -10, -11, -12, -12, -10, -11, -12, -9, -10, -1, -7, -3, -6, -10, -22, -14, -26, 29, 11, -56, -15, -13, -10, -2, 3, 15, 26, 38, 67, 92, 100, 92, 64
target_str: 92, 55, 11, -11, -13, -21, -24, -10, -11, -12, -15, -19, -9, -15, -22, -15, -15, -20, -18, -17, -14, -11, -17, -6, 6, -6, 0, -26, -15, -28, 1, 33, -56, -12, -10, -7, -3, 5, 7, 15, 24, 55, 81, 98, 89, 53, 21, -6, -21, -13
mse: 0.016105045924335388
mae: 0.08998163298353022
rsme: 0.1269056575741814
----------------------
max value: 0.6569031778328429
pred_str: 10, 12, 14, 17, 18, 18, 19, 18, 19, 20, 19, 20, 21, 20, 20, 22, 18, 17, 14, 12, 11, 5, 1, 0, 0, -2, -2, -3, -3, -3, -4, -4, -4, -5, -5, -5, -6, -6, -6, -7
target_str: 4, 15, 23, 20, 20, 8, 0, -8, -12, -10, -6, -4, -7, -8, -9, -4, -3, -8, -5, -2, 0, -8, -10, -14, 99, 20, -23, -5, -14, -8, -1, -4, -2, 7, 14, 27, 24, 9, 0, -5, -4, -7, -8, -7, -6, -5, -3, -10, -9, -6
mse: 0.020454995654792568
mae: 0.10155723129295752
rsme: 0.14302096229152064
----------------------
max value: 0.26096405481995777
pred_str: 4, 16, 22, 36, 57, 67, 74, 64, 25, 4, -9, -10, -11, -11, -10, -10, -8, -12, -13, -14, -15, -17, -14, -16, -17, -16, -14, -17, -15, -14, -18, -16, -19, -15, -12, -10, -12, -11, -12, -14, -13, -16, -15, -15, -10, -11, -15, -13, -17, -12
target_str: -2, 3, 3, -1, -12, 1, -21, 30, 111, -74, -28, -10, 0, 0, 3, 9, 17, 39, 55, 64, 63, 21, -1, -17, -20, -25, -21, -17, -14, -16, -19, -20, -21, -17, -20, -20, -19, -2, -5, -17, -19, -25, -18, -26, 112, -43, -61, -6, -11, 1
mse: 0.010422911307354897
mae: 0.0656585561927014
rsme: 0.10209266039904581
----------------------
max value: 0.23076062473186015
pred_str: 1, 16, 26, 67, 81, 49, 1, -12, -18, -17, 0, -10, -12, 6, 11, -15, -23, -11, 32, -41, -62, 1, -14, -19, -7, -1, 2, 18, 47, 82, 84, 37, -2, -17, -26, -20, -18, -13, -7, -10, 2, -7, -26, -25, 20, -36, -70, 4, -26, -18, -23, -4, 4
target_str: 5, 33, 48, 87, 52, 17, -5, -6, -4, -25, 0, 2, -5, 9, -2, -9, -13, -8, 43, -55, -45, -7, -10, 2, 4, 7, 22, 58, 94, 65, 18, -13, -4, -5, -9, -10, -10, -10, 0, 2, -20, -13, -18, 20, -25, -62, -7, -23, -3, -13
mse: 0.00297489052945758
mae: 0.040936934827432
rsme: 0.05454255704912981
----------------------
max value: 0.361291317875315
pred_str: 5, 8, 13, 17, 21, 31, 42, 59, 65, 47, 2, -7, -12, -13, -12, -10, -10, -10, -10, -8, -11, -11, -13, -16, -18, -14, -15, -14, -12, -14, -13, -11, -15, -14, -10, -11, -11, -10, -11, -12, -12, -13, -13, -11, -13, -10, -11, -12, -13, -10, -10
target_str: 60, 64, 37, 3, -12, -21, -23, -17, -19, -18, -10, -12, -17, -17, -18, -16, -16, -4, -6, -7, -7, -7, -7, -5, -5, 0, 2, 0, -3, -11, -8, -15, -1, 103, -38, -32, 0, 1, 5, 8, 17, 19, 27, 44, 62, 75, 69, 36, 10, -7
mse: 0.020399188687796218
mae: 0.10051124463291262
rsme: 0.1428257283818158
----------------------
max value: 0.5461180099718109
pred_str: 0, 1, 4, 13, 18, 15, 9, 1, 1, -2, -6, -7, -7, -7, -7, -5, -5
target_str: 9, 0, -8, -8, -11, -10, -9, -8, -8, -4, -4, -6, -8, -6, -4, -1, 10, 3, -12, -6, -15, -3, -18, 67, 50, -24, -1, -11, -3, -6, -2, -4, 2, 6, 13, 22, 20, 11, 0, -4, -8, -11, -13, -9, -4, -5, -3, -4, -6, -7
mse: 0.007870682404722919
mae: 0.05843462706698376
rsme: 0.08871686651771983
----------------------
max value: 0.3308537673821901
pred_str: 1, 1, 2, 3, 12, 15, 24, 23, 21, 16, 2, 2, -1, -1, 0, 0, 1, 0, 0, 0, -1, -1, -1, 115, -15, -27, 1, -16, -1, -2, 2, 8, 16, 30, 47, 54, 43, 17, -1, -10, -12, -11, -10, -12, -12, -12, -13, -12, -11, -11, -10, -12, -10, -1, -12, -13, -16, -14, -10
target_str: -23, -41, -15, 70, -55, -26, -25, -18, -12, -13, -4, 9, 27, 38, 33, 7, -17, -26, -28, -26, -25, -21, -19, -15, -7, -1, -3, -34, -11, -40, 54, 45, -70, 0, -18, 3, 2, 16, 19, 40, 53, 64, 51, 22, 0, -6, -6, -3, -2, 3
mse: 0.018653359087916755
mae: 0.10911557248264629
rsme: 0.13657730077841176
----------------------
max value: 0.9329780208280937
pred_str: 0, -1, -1, -2, -3, -2, -1, 1, 4, 10, 12, 7, -2, -4, -7, -8, -7, -8, -8, -8, -8, -8, -7, -5, -3, 0, 2, -4, -5, -10, -1, -18, 27, 62, -20, -5, -7, -5, -6, -2, -3, 0, 6, 12, 16, 14, 3, -2, -4, -6, -6, -6, -5, -5, -5, -5, -5, -5, -4, -5, 1, 1, -5, -5, -10, -1, -17, 29, 54, -23, -2, -6, -4, -4, -3, -1, 0, 4, 10, 15, 14
target_str: 12, 4, -1, -3, -5, -4, -3, -3, -5, -4, -3, -2, -1, -2, -2, 0, -1, -2, -3, 0, 6, 9, -3, 0, -7, 3, -17, 45, 50, -26, 0, -6, 1, -2, 0, 0, 3, 9, 14, 18, 15, 4, 0, -3, -5, -4, -5, -5, -5, -5
mse: 0.026999555671569784
mae: 0.10990481085354946
rsme: 0.16431541519763077
----------------------
max value: 0.6898785427301292
pred_str: -3, -5, -8, -10
target_str: -10, -6, -16, -10, -11, -11, -14, -13, -15, -10, -7, -1, -3, -7, -22, -9, -13, 80, 23, -41, 0, -17, -2, -7, 1, 6, 18, 31, 40, 44, 31, 12, -5, -11, -8, -6, -7, -11, -9, -10, -8, -12, -13, -12, -15, -13, -13, -15, -10, -2
mse: 0.0179074326223479
mae: 0.0945133603540277
rsme: 0.13381865573360055
----------------------
max value: 0.5438453641955051
pred_str: 0, -7, -12, -12, -14, -16, -15, -16, -13, -14, -12, -11, -14, -13, -11, -11, -11, -12, -10, -10, -13, -10, -8, -11, -5, -8, -7, -6, -10
target_str: -4, 0, 2, 16, 23, 21, 3, -4, -11, -14, -15, -9, -8, -11, -4, -9, -7, -6, -12, 0, -7, -8, -8, -4, -4, -1, 4, 0, -2, -10, 0, -12, 81, 66, -5, 0, -7, 4, -9, 4, 3, 9, 16, 23, 30, 24, 7, -2, -10, -3
mse: 0.011084193329161543
mae: 0.06265098595532219
rsme: 0.10528149566358536
----------------------
max value: 0.24583677141229052
pred_str: 4, 16, 37, 58, 69, 75, 60, 31, 11, 16, 20, 25, 23, 11, 13, 13, 8, 11, 11, 1, -2, -1, -13, -10, -20, -16, -17, -20, -27, -22, -23, -27, -21, -26, -31, -23, -17, -32, -23, -15, -17, -22, -19, -2, -28, -19, -15, -16, -31, -24, -12, -15
target_str: -14, 5, -6, 0, -13, 3, -15, 0, -14, -2, -5, -6, -16, -14, -8, -15, -1, -8, -9, 1, 14, -5, -13, -8, -20, 10, 38, -38, -29, 8, -9, -1, -5, 12, 22, 13, 44, 67, 65, 54, 18, 0, -13, -5, -10, -17, -21, -13, -2, -10
mse: 0.00869947988891067
mae: 0.07085015752102211
rsme: 0.09327100240112503
----------------------
max value: 0.7229541131901488
pred_str: 0, 3, 1, 4, 7, 10, 13, 18, 17, 16, 16, 11, 8, 5, 2, 0, 1, 0, -1, -1, 1, -1, -1, -3, -2, -1, 0, -1, 0, 0, 0, -2, -1, -4, -2, -4, -5, -3, -3, -3, -2, -4, -4
target_str: -6, -6, -1, 2, -1, -5, -10, -5, -12, -1, -19, 56, 57, -18, 0, -12, -3, -5, -2, -3, 0, 3, 15, 23, 36, 30, 10, -2, -7, -6, -8, -7, -10, -10, -6, -6, -7, -5, -8, -6, -4, -8, -5, -7, -6, -8, -4, -9, -7, 1
mse: 0.013694806749497685
mae: 0.07909117998300226
rsme: 0.1170248125377592
----------------------
max value: 0.7263826898248835
pred_str: 0, 2, 4, 4, 5, 7, 11, 13, 17, 17, 19, 17, 15, 14, 12, 11, 10, 9, 10
target_str: -11, -8, -5, -1, 6, 13, 23, 32, 31, 18, 3, -5, -4, -6, -8, -6, -7, -7, -6, -3, -4, -7, -6, -7, -7, -6, -7, -7, -7, -7, -3, 3, 7, -4, -6, -7, -11, -2, 96, -2, -15, -2, -7, -3, -5, 0, 0, 5, 9, 21
mse: 0.015690714827552753
mae: 0.0765607355075427
rsme: 0.1252625835098125
----------------------
max value: 0.432460815366128
pred_str: 0, 4, 5, 7, 7, 10, 10, 12, 11, 12, 12, 10, 10, 10, 11, 12, 12, 11, 10, 11, 10, 11, 12, 12, 11, 11, 12, 10, 10, 9, 11, 10, 11, 11, 9, 9, 8, 9, 8, 7, 9, 9, 8, 9, 9, 9, 10, 9, 10, 9, 9, 9, 10, 10, 10, 10, 11, 11, 11, 11, 11, 10, 10, 10, 10, 11
target_str: 36, 26, 5, -5, -6, -9, -8, -6, -3, -1, -4, -5, -6, -4, -5, -3, 9, 1, -9, -7, -11, -14, 108, -15, -21, -12, -13, -10, -9, -6, 0, 9, 22, 35, 27, 7, -7, -10, -12, -12, -7, -7, -8, -7, -10, -9, -10, -8, -13, -10
mse: 0.009587514100386314
mae: 0.08043771165809982
rsme: 0.09791585214042879
----------------------
max value: 1.0303882250761076
pred_str: 0, 3, 4, -3, -7, -5, -6, -6, -7, -7, -6, -6, -6, -6, -7, -7, -7, -6, -5, -5, -6, -6, -5, -5
target_str: -1, -5, -7, -8, -5, -10, 87, 40, -13, -1, -13, -7, -7, -8, -4, -3, 0, 4, 7, 7, 1, -5, -5, -5, -6, -6, -5, -5, -5, -5, -4, -3, 0, 1, -5, -4, -4, -8, -8, 93, 42, -12, -7, -12, -6, -9, -6, -7, -3, 2
mse: 0.048821207942962595
mae: 0.10674822011788479
rsme: 0.22095521705305488
----------------------
max value: 0.374644169405007
pred_str: 23, 3, -12, -17, -16, -16, -15, -14, -12, -10, -9, -10, -11, -11, -10, -11, -12, -13, -13, -14, -14, -11, -11, -11, -12, -12, -14, -13, -11, -11, -13, -12, -12, -13, -13, -12, -13, -13, -13, -13, -13, -12, -13, -14, -12, -12, -13, -12, -12, -13, -13, -13, -13, -13, -12, -14, -14
target_str: 72, -92, -16, -7, 1, 4, 8, 10, 22, 39, 51, 56, 29, 0, -4, -10, -12, -14, -14, -12, -11, -11, -11, -12, -14, -15, -13, -13, -15, -14, -13, -14, -7, -12, -12, -19, -11, -14, 92, -35, -73, -3, -12, 0, -3, 8, 11, 26, 44, 54
mse: 0.014670244673501394
mae: 0.07298068420009536
rsme: 0.12112078547260745
----------------------
max value: 0.39385413861669377
pred_str: 0, 0, 3, 3, 3, 5, 8, 10, 10, 14, 10, 16, 15, 11, 11, 12, 11, 12, 13, 12, 13, 13, 12, 12, 11, 12, 12, 13, 12, 12, 12, 12, 12, 11, 12, 13, 12, 12, 12, 12, 12, 11, 12, 12, 12, 12, 11, 11, 11, 12, 11, 11, 11, 12, 11, 11, 11
target_str: 3, 10, 23, 38, 55, 68, 67, 53, 23, 2, -2, -7, -9, -8, -4, -5, -6, -8, -8, -12, -8, -8, -13, -9, -12, -10, -14, -16, -6, -1, 11, 7, -15, -11, -28, 0, 77, -56, -45, -13, -12, -10, -9, -7, -4, 6, 15, 27, 42, 59
mse: 0.013692537952760294
mae: 0.0983847638264501
rsme: 0.11701511847945245
----------------------
max value: 0.5827268928899484
pred_str: 18, 38, 31, 10, 2, -1, -9, -10, -8, -8, -7, -6, -6, -5, -5, -6, -8, -9, -9, -10, -6, -2, -2, -11, -12, -14, -14, -19, 37, 75, -24, -2, -10, 0, -3, 0, 3, 10, 16, 27, 31, 23, 9, -1, -5, -7, -4, -3, -3, -2, -3, -3, -4, -5, -5, -8, -6, -4, -1, -6, -10, -10, -14, -14, -19, 22, 74, -17
target_str: 3, -11, -2, -1, 2, 5, 13, 27, 35, 41, 31, 15, 2, -7, -6, -8, -6, -4, -5, -5, -6, -7, -7, -8, -7, -10, -10, -11, -11, -12, -6, -3, -1, -1, -14, -9, -17, -9, -29, 68, 65, -31, -1, -12, 0, -7, 1, 6, 10, 22
mse: 0.021936941948900793
mae: 0.1003455709556491
rsme: 0.14811124855628216
----------------------
max value: 0.37438341644052264
pred_str: 0, 3, 5, 13, 15, 17, 21, 18, 19, 22, 20, 20, 21, 17, 19, 21, 18, 15, 15, 14, 11, 9, 3, 0, -3, -2, -6, -6, -7, -6, -8, -7, -11, -12, -11, -12, -15, -16, -15, -16, -18, -16, -14, -17, -15, -13, -11, -11, -10, -11, -13, -11, -13, -10, -12, -12, -14, -13, -14, -10, -10
target_str: -12, -18, -20, -13, -17, -15, -15, -20, -12, -14, -14, -7, 5, -3, -13, -14, -18, -16, -6, 69, -49, -50, -16, -21, -9, -16, -6, -4, 8, 21, 53, 94, 96, 78, 35, 15, 0, -1, -5, -6, -9, -5, -4, -8, -9, -16, -13, -12, -12, -13
mse: 0.01848020364348861
mae: 0.10153278253866974
rsme: 0.13594191275500211
----------------------
max value: 1.0000652545398951
pred_str: 0, 1, 11, 14, 22, 27, 32, 41, 45, 44, 32, 14, 0, 1, -1, -1, 0, -3, -4, -4, -5, -8, -8, -13, -13, -13, -16, -14, -13, -10, -10, -10, -7, -5, -7, -7, 0, -14, 47, 90, -24, -16, -15, -14, -12, -12, -12, -6, 7, 16, 26, 32, 39, 47, 54, 60, 67
target_str: 35, 25, 7, -4, -10, -16, -17, -13, -16, -13, -12, -8, -3, -5, -2, -2, -4, -5, 0, 3, 4, 11, 13, 12, 14, 11, 8, 4, 5, -3, 23, 103, -5, -26, -4, 1, 3, 6, 17, 13, 21, 30, 38, 35, 17, 0, -8, -11, -22, -27
mse: 0.11725530138374068
mae: 0.25761680956947697
rsme: 0.34242561438032154
----------------------
max value: 0.48653293157037325
pred_str: 15, 10, -2, -1, 2, 2, 9, 13, 26, 44, 55, 47, 27, 1, -10, -11, -16, -12, -13, -14, -13, -13, -14, -14, -14, -15, -13, -14, -15, -14, -16, -15, -12, -12, -12, -13, -12, -13, -14, -12, -12, -12, -13, -14, -12, -12, -11, -12, -11, -12, -13, -12
target_str: 31, 44, 47, 38, 11, -4, -7, -11, -14, -8, -8, -7, -8, -7, -8, -10, -12, -12, -7, -13, -8, -9, -12, -7, -5, 3, -2, -8, -15, -13, -19, 0, 104, -3, -14, -6, -8, 0, -1, 3, 11, 27, 38, 45, 43, 20, 0, -6, -12, -15
mse: 0.021885183291476578
mae: 0.0972092797277606
rsme: 0.14793641638040506
----------------------
max value: 0.5059274783669776
pred_str: 0, -11, -10, -17, -15, -20, -17, -16, -11, -23, -20, -27, 61, -1, -81, -15, -27, -13, -13, 6, 20, 37, 54, 54, 35, 4, -12, -19, -16, -17, -13, -14, -9, -10, -1, -13, -13, -26, 65, -1, -81, -14, -23, -14, -8, 4, 22, 47, 60, 48, 16, 0
target_str: -10, -8, 3, -1, 0, -16, -10, -22, 50, 25, -69, -5, -15, 0, 2, 15, 37, 56, 61, 46, 19, -4, -4, -7, -9, -10, -12, -6, -1, -2, -7, -21, -18, -24, 48, -3, -73, -12, -22, -6, 0, 15, 33, 53, 60, 39, 7, -10, -15, -17
mse: 0.05080345950103622
mae: 0.17828884337652295
rsme: 0.2253962277879473
----------------------
max value: 0.5431916531495725
pred_str: -2, -1, -1, 0, 2, 6, 11, 14, 22, 22, 19, 0, -4, -10, -11, -11, -12, -12, -13, -13, -13, -14, -15, -16, -17, -16, -17, -17, -17, -18, -16, -12, -10, -6, 3, 10, 19, 26, 29, 24, 7, -3, -8, -10, -8, -10, -10, -10, -10, -11, -11, -13, -14, -15, -15, -13
target_str: 1, 9, 15, 11, 5, 5, -4, 6, -14, 95, 65, -17, 12, 0, 7, 2, 9, 9, 17, 28, 37, 37, 24, 5, -5, -12, -14, -16, -13, -14, -14, -14, -14, -17, -16, -13, -16, -15, -18, -16, -14, -15, -14, -12, -14, -11, -10, -5, -1, -2
mse: 0.017698119293985005
mae: 0.09701402925251372
rsme: 0.13303427864270548
----------------------
max value: 0.9781542780785814
pred_str: 1, 0, 0, -1, -1, -2, -2, -2, -2, -3, -3, -3, -4, -4, -5, -5, -4, -4, -4, -4, -4, -5, -5, -6, -6, -5, -4, -5, -6, -6, -5, -7, -6, -6, -7, -7, -7, -7, -7, -8, -7, -8, -8, -8, -9, -8, -8
target_str: -5, -6, -5, -5, -1, 0, 4, 9, 10, 5, 0, -3, -4, -5, -4, -3, -6, -5, -4, -4, -5, -4, -5, -5, -5, -4, -6, -5, -4, -2, 1, -2, -3, -6, -6, -14, -7, 88, 31, -6, -5, -10, -8, -8, -6, -5, -4, 0, 6, 9
mse: 0.021590828176030932
mae: 0.052624700160627674
rsme: 0.14693817807510387
----------------------
max value: 0.5570912375663158
pred_str: 2, 1, 2, 4, 7, 10, 11, 11, 10, 11, 10, 9, 10, 10, 10, 11, 11, 11, 11, 10, 9, 11, 10, 10, 10, 10, 11, 10, 10, 11, 11, 10, 10, 11, 10, 11, 10, 11, 11, 10, 11, 11, 11, 10, 10, 11, 10, 11, 11, 11, 10, 10, 11, 11, 11, 11, 11, 11, 11, 11, 11, 11, 11, 11, 11
target_str: -4, -2, -1, -2, -2, -4, -2, -3, 0, 0, 8, -10, -2, -22, 65, 45, -49, -3, -18, -3, -9, 0, 3, 13, 23, 29, 16, 2, -5, -10, -12, -14, -12, -10, -9, -8, -8, -8, -7, -6, -10, 0, -14, -3, -23, 44, 49, -48, -1, -12
mse: 0.016440515172756676
mae: 0.10551308039506024
rsme: 0.12822057234608134
----------------------
max value: 0.006170146630727074
pred_str: -81, -80, -79, -79, -78, -77, -77, -77, -77, -77, -77, -77, -77, -76, -76, -76, -76, -76, -75, -75, -74, -74, -73, -73, -72, -72, -72, -72, -71, -70, -70, -70, -70, -70, -70, -70, -70
target_str: -81, -81, -81, -81, -81, -81, -81, -81, -81, -81, -81, -81, -81, -81, -81, -81, -81, -81, -81, -81, -81, -81, -81, -81, -81, -81, -81, -81, -81, -81, -81, -81, -81, -81, -81, -81, -81, -81, -81, -81, -81, -81, -81, -81, -81, -81, -81, -81, -81, -81
mse: 6.643643363770939e-06
mae: 0.0015968339480321664
rsme: 0.00257752659807245
----------------------
max value: 0.48549672876854877
pred_str: 2, -3, -1, -2, -2, -2, -4, -4, -4, -5, -5, -6, -4, -8, -7, -7, -10, -8
target_str: -1, 0, 4, -17, 0, -29, 47, 76, -41, -8, -23, -10, -14, -8, -7, 2, 15, 30, 32, 17, 3, -3, -4, -6, -8, -8, -6, -3, -6, -6, -7, -5, -5, -6, -6, 0, 5, 5, -11, 1, -23, 26, 87, -36, -6, -18, -8, -12, -6, -3
mse: 0.012550930257446927
mae: 0.0687463367936265
rsme: 0.11203093437728227
----------------------
max value: 0.7643707894092603
pred_str: 1, 0, -1, -5, -7, -11, 32, 98, -18, -3, -12, -4, -7, -5, -3, -2, 0, 4, 14, 24, 34, 25, 10, -2, -7, -7, -7, -7, -7, -7, -7, -7, -6, -6, -7, -8, -7, -7, -5, -6, -7, -7, -6
target_str: -7, -7, -8, -6, -7, -7, -7, -6, -10, -7, -9, -8, -8, -7, -10, -7, -7, -4, 3, 6, -3, -8, -9, -11, 0, 108, 8, -16, -5, -9, -6, -4, -3, -3, 3, 9, 20, 29, 30, 22, 4, -3, -7, -7, -6, -7, -7, -9, -6, -6
mse: 0.040513944400113494
mae: 0.11052801614857907
rsme: 0.20128076013398175
----------------------
AVG MSE: 0.02279358766502524
Median MSE: 0.016272780548546032
AVG RMSE: 0.14040728736740463
Median RMSE: 0.12756311496013137
AVG MAE: 0.09533919697301113
Median MAE: 0.09424104198553336
Number of False Outputs: 48
----------------------
