max value: 0.5076317676199769
pred_str: 11, 12, 13, 14, 15
target_str: 30, 42, 45, 36, 10
mse: 0.014399717842451362
mae: 0.10964846180591499
rsme: 0.11999882433778825
----------------------
max value: 0.5038998767895255
pred_str:  -1, 4, 1, -1, 3, -1
target_str: -1, -13, -3, 5, 0
mse: 0.0017774056007994923
mae: 0.03023399260737153
rsme: 0.04215928842852417
----------------------
max value: 0.8297031561139074
pred_str: -1, -1, -1, -1, -1, -1, -1, -1, -1, -1, -1, -1, -1, -1, -1, -1, -1, -1, -1, -1, -1, -1, -1, -1, -1, -1, -1, -1, -1, -1, -1, -1, -1, -1, -1, -1, -1, -1, -1, -1, -1, -1, -1, -1, -1, -1, -1, -1, -1, -1, -1, -1, -1, -1, -1, -1, -1, -1, -1, -1, -1, -1, -1, -1, -1, -1, -1, -1, -1, -1, -1, -1, -1, -1, -1, -1, -1, -1, -1, -1, -1, -1, -1, -1, -1, -1, -1, -1, -1, -1, -1, -1, -1, -1, -1, -1, -1, -1, -1, -1, -1, -1, -1, -1, -1, -1, -1, -1, -1, -1, -1, -1, -1, -1, -1, -1, -1, -1, -1, -1, -1, -1, -1, -1, -1, -1, -1, -1, -1, -1, -1, -1, -1, -1, -1, -1, -1, -1, -1, -1, -1, -1, -1, -1, -1, -1, -1, -1, -1, -1, -1, -1, -1, -1, -1, -1, -1, -1, -1, -1, -1, -1, -1, -1, -1, -1, -1, -1, -1, -1, -1
target_str: -6, -6, -7, -5, -7
mse: 0.0019000042232524459
mae: 0.04314456411792319
rsme: 0.04358903787940777
----------------------
max value: 1.2334026676596268
pred_str: -2, 1, 5, 3, 4, 0
target_str: -1, -7, -8, -8, -9
mse: 0.015943036833381982
mae: 0.11347304542468566
rsme: 0.12626573895313797
----------------------
max value: 0.2613380174531786
pred_str: -3, -2, -1, 0, 1
target_str: -12, -2, -8, 0, 4
mse: 0.00018986721503847493
mae: 0.009930844663220787
rsme: 0.013779231293453018
----------------------
max value: 0.6413415682706141
pred_str: -7, -15, 0, 7, -4, -10
target_str: -23, -4, -15, -10, -9
mse: 0.007535364211753973
mae: 0.0820917207386386
rsme: 0.08680647563260459
----------------------
max value: 0.39693614856034
pred_str: -11, -16, -11, -14, -20
target_str: -9, -5, -12, -5, 13
mse: 0.00408391129239911
mae: 0.044456848638758074
rsme: 0.06390548718536704
----------------------
max value: 0.4814011836150589
pred_str: 1 2 3 4 5 6 7 8 9 10 11 12 13 14 15 16 17 18 19 20 21 22 23 24 25
target_str: 6, -2, -15, -13, -17
mse: 0.0033510630600132665
mae: 0.05102852546319625
rsme: 0.05788836722531796
----------------------
max value: 0.9329780208280937
pred_str: -1, 3, 10, -10, 2, -2, -4, 3, 1, -5, 6, -5, 2, -2, -2, -4, -6, -5, -2, -2, -2, -2, -1, -2, -1, 1, 0, -1, -1, -1, -1, 0, -1, 0, 1, -1, -1, -1, -1, -1, -1, -1, -1, -1, -1, -1, -1, -1, -1, -1, -1, -1, -1, -1, -1, -1, -1, -1, -1, -1, -1, -1, -1, -1, -1, -1, -1, -1, -1, -1, -1, -1, -1, -1, -1, -1, -1, -1, -1, -1, -1, -1, -1, -1, -1, -1, -1, -1, -1, -1, -1, -1, -1, -1, -1, -1, -1, -1, -1, -1, -1, -1, -1, -1, -1, -1, -1, -1, -1, -1, -1, -1, -1, -1, -1, -1, -1, -1, -1, -1, -1, -1, -1, -1, -1, -1, -1, -1, -1, -1, -1, -1, -1, -1, -1, -1, -1, -1, -1, -1, -1, -1, -1, -1, -1, -1, -1, -1, -1, -1, -1, -1, -1, -1, -1, -1, -1, -1, -1, -1, -1, -1, -1, -1, -1, -1, -1, -1, -1, -1,
target_str: 12, 4, -1, -3, -5
mse: 0.006772085341569827
mae: 0.0727722856245913
rsme: 0.08229268097206353
----------------------
max value: 0.24583677141229052
pred_str: -1, -12, -11, -15, -17, -13
target_str: -14, 5, -6, 0, -13
mse: 0.000875109199223504
mae: 0.026550371312527375
rsme: 0.029582244661680156
----------------------
max value: 0.3648640357837354
pred_str: -12, -3, 10, 1, -7, 0
target_str: 0, -8, -1, 5, 17
mse: 0.0023483384876920865
mae: 0.04086477200777836
rsme: 0.04845965835302687
----------------------
max value: 0.29350288319129203
pred_str: -1, -1, 5, 7, -2
target_str: -2, 3, 3, -1, -11
mse: 0.00028599788890611605
mae: 0.01408813839318202
rsme: 0.016911472109373448
----------------------
max value: 0.5827268928899484
pred_str: -1, 0, 0, 0, 0, 0
target_str: 3, -11, -2, -1, 2
mse: 0.0009915462445557461
mae: 0.023309075715597934
rsme: 0.031488827297245385
----------------------
max value: 1.0172737027256264
pred_str: -1, -1, -1, -1, -1, -1, 0, 1, 1, 1, 1, 1, 1, 1, 1, 1, 1, 1, 1, 1, 1, 1, 1, 1, 1, 1, 1, 1, 1, 1, 1, 1, 1, 1, 1, 1, 1, 1, 1, 1, 1, 1, 1, 1, 1, 1, 1, 1, 1, 1, 1, 1, 1, 1, 1, 1, 1, 1, 1, 1, 1, 1, 1, 1, 1, 1, 1, 1, 1, 1, 1, 1, 1, 1, 1, 1, 1, 1, 1, 1, 1, 1, 1, 1, 1, 1, 1, 1, 1, 1, 1, 1, 1, 1, 1, 1, 1, 1, 1, 1, 1, 1, 1, 1, 1, 1, 1, 1, 1, 1, 1, 1, 1, 1, 1, 1, 1, 1, 1, 1, 1, 1, 1, 1, 1, 1, 1, 1, 1, 1, 1, 1, 1, 1, 1, 1, 1, 1, 1, 1, 1, 1, 1, 1, 1, 1, 1, 1, 1, 1, 1, 1, 1, 1, 1, 1, 1, 1, 1, 1, 1, 1, 1, 1, 1, 1, 1, 1, 1, 1, 1
target_str: -3, -5, -4, -5, -5
mse: 0.0012625118592336695
mae: 0.034587305892671304
rsme: 0.035531842891041686
----------------------
max value: 0.37438341644052264
pred_str: 0 0, 0, 0, 0, 0
target_str: -12, -18, -20, -13, -17
mse: 0.003717121235250575
mae: 0.05990134663048362
rsme: 0.06096819855671131
----------------------
max value: 1.0306748524485334
pred_str: -3, 6, 1, 9, 1, 1, 1
target_str: 34, 24, 7, -4, -10
mse: 0.04289529650635077
mae: 0.1752147249162507
rsme: 0.2071117971201804
----------------------
max value: 0.9781542780785814
pred_str: -2, -2, 1, 0, -3, -3, -4, -1, -1, -1, -1, -1, -1, -1, -1, -1, -1, -1, -1, -1, -1, -1, -1, -1, -1, -1, -1, -1, -1, -1, -1, -1, -1, -1, -1, -1, -1, -1, -1, -1, -1, -1, -1, -1, -1, -1, -1, -1, -1, -1, -1, -1, -1, -1, -1, -1, -1, -1, -1, -1, -1, -1, -1, -1, -1, -1, -1, -1, -1, -1, -1, -1, -1, -1, -1, -1, -1, -1, -1, -1, -1, -1, -1, -1, -1, -1, -1, -1, -1, -1, -1, -1, -1, -1, -1, -1, -1, -1, -1, -1, -1, -1, -1, -1, -1, -1, -1, -1, -1, -1, -1, -1, -1, -1, -1, -1, -1, -1, -1, -1, -1, -1, -1, -1, -1, -1, -1, -1, -1, -1, -1, -1, -1, -1, -1, -1, -1, -1, -1, -1, -1, -1, -1, -1, -1, -1, -1, -1, -1, -1, -1, -1, -1, -1, -1, -1, -1, -1, -1, -1, -1, -1, -1, -1, -1, -1, -1, -1, -1, -1, -1
target_str: -5, -6, -5, -5, -1
mse: 0.0017222144251021747
mae: 0.03912617112314325
rsme: 0.0414995713845598
----------------------
max value: 0.2696186761236342
pred_str: -10, -13, -10, -6, -10, -11, 20, -10, -11, -12, -10, -12, -11, -11, -12, -11, -12, -11, -11, -12, -11, -11, -11, -12, -11, -11, -11, -11, -11, -11, -11, -11, -11, -11, -11, -11, -11, -11, -11, -11, -11, -11, -11, -11, -11, -11, -11, -11, -11, -11, -11, -11, -11, -11, -11, -11, -11, -11, -11, -11, -11, -11, -11, -11, -11, -11, -11, -11, -11, -11, -11, -11, -11, -11, -11, -11, -11, -11, -11, -11, -11, -11, -11, -11, -11, -11, -11, -11, -11, -11, -11, -11, -11, -11, -11, -11, -11, -11, -11, -11, -11, -11, -11, -11, -11, -11, -11, -11, -11, -11, -11, -11, -11, -11, -11, -11, -11, -11, -11, -11, -11, -11, -11, -11, -11, -11, -11, -11, -
target_str: -16, -1, 11, 13, -23
mse: 0.0016734211864475
mae: 0.038285852009556066
rsme: 0.04090747103461054
----------------------
max value: 0.5059274783669776
pred_str: -4, -3, 6, 1, 4
target_str: -10, -8, 3, -1, 0
mse: 0.0004607327040601836
mae: 0.020237099134679103
rsme: 0.021464685044514015
----------------------
max value: 0.006170146630727074
pred_str: -81, -82, -81, -81, -81
target_str: -81, -81, -81, -81, -81
mse: 7.614141888934692e-10
mae: 1.2340293261454277e-05
rsme: 2.759373459489435e-05
----------------------
max value: 0.26328929729390066
pred_str: -2, 1, -1, 2, 2, 0, 0
target_str: 91, 94, 71, 22, -10
mse: 0.03192382392409351
mae: 0.15270779243046237
rsme: 0.17867239273064406
----------------------
max value: 0.5703371606863332
pred_str: -5, -4, -12, -14
target_str: 0, -8, -9, -8, -6
mse: 0.0007936941235377859
mae: 0.027376183712943997
rsme: 0.028172577509659742
----------------------
max value: 0.6569031778328429
pred_str: -1, 0, 1, -1, -1, -1
target_str: 4, 15, 23, 20, 20
mse: 0.013946784092715409
mae: 0.1103597338759176
rsme: 0.11809650330435448
----------------------
max value: 0.5431916531495725
pred_str: -1, 2, 2, 2, 1, 3, 1, 1, 1, 1, 1, 1, 1, 1, 1, 1, 1, 1, 1, 1, 1, 1, 1, 1, 1, 1, 1, 1, 1, 1, 1, 1, 1, 1, 1, 1, 1, 1, 1, 1, 1, 1, 1, 1, 1, 1, 1, 1, 1, 1, 1, 1, 1, 1, 1, 1, 1, 1, 1, 1, 1, 1, 1, 1, 1, 1, 1, 1, 1, 1, 1, 1, 1, 1, 1, 1, 1, 1, 1, 1, 1, 1, 1, 1, 1, 1, 1, 1, 1, 1, 1, 1, 1, 1, 1, 1, 1, 1, 1, 1, 1, 1, 1, 1, 1, 1, 1, 1, 1, 1, 1, 1, 1, 1, 1, 1, 1, 1, 1, 1, 1, 1, 1, 1, 1, 1, 1, 1, 1, 1, 1, 1, 1, 1, 1, 1, 1, 1, 1, 1, 1, 1, 1, 1, 1, 1, 1, 1, 1, 1, 1, 1, 1, 1, 1, 1, 1, 1, 1, 1, 1, 1, 1, 1, 1, 1, 1, 1, 1, 1, 1
target_str: 1, 9, 15, 11, 5
mse: 0.001882464757687712
mae: 0.038023415720470084
rsme: 0.043387380166215524
----------------------
max value: 0.4675018210485248
pred_str: -3, 0, 1, 5, 3, -2, -1, 4, 2, 3, 7, 5, 2, -1, -5, -6, -1, -1, -1, -1, 2, -1, -1, 2, -1, -1, -1, -1, -1, -1, -1, -1, -1, -1, -1, -1, -1, -1, -1, -1, -1, -1, -1, -1, -1, -1, -1, -1, -1, -1, -1, -1, -1, -1, -1, -1, -1, -1, -1, -1, -1, -1, -1, -1, -1, -1, -1, -1, -1, -1, -1, -1, -1, -1, -1, -1, -1, -1, -1, -1, -1, -1, -1, -1, -1, -1, -1, -1, -1, -1, -1, -1, -1, -1, -1, -1, -1, -1, -1, -1, -1, -1, -1, -1, -1, -1, -1, -1, -1, -1, -1, -1, -1, -1, -1, -1, -1, -1, -1, -1, -1, -1, -1, -1, -1, -1, -1, -1, -1, -1, -1, -1, -1, -1, -1, -1, -1, -1, -1, -1, -1, -1, -1, -1, -1, -1, -1, -1, -1, -1, -1, -1, -1, -1, -1, -1, -1, -1, -1, -1, -1, -1, -1, -1, -1, -1, -1, -1, -1, -1, -1
target_str: 33, 24, 5, -5, -6
mse: 0.009043928082050965
mae: 0.07760530229405511
rsme: 0.09509956930528636
----------------------
max value: 0.49830573767242065
pred_str: -2, 3, 2, 2, 1
target_str: -7, -8, -9, -6, -14
mse: 0.002761191723153479
mae: 0.04983057376724206
rsme: 0.052547042953466745
----------------------
max value: 0.3394267338185406
pred_str: -1, -1, 1, 2, 1
target_str: 0, -1, 0, -3, -6
mse: 0.0001751199715986981
mae: 0.009503948546919137
rsme: 0.013233290278638118
----------------------
max value: 0.3751911591592724
pred_str: -1, -1, 0, -1, -2
target_str: 57, 62, 36, 3, -11
mse: 0.024566902199636323
mae: 0.12756499411415262
rsme: 0.1567383239658901
----------------------
max value: 0.3308537673821901
pred_str:   -1, 6, 1, 3, 7, 8, -4, 5, 10, -2, -7, -3, -9, -1, -5, -11, -12, -14, -11, -16, -11, -16, -15, -17, -12, -12, -14, -15, -16, -18, -19, -18, -20, -21, -19, -16, -14, -11, -9, -13, -14, -12, -13, -11, -10, -9, -8, -7, -6, -5, -4, -3, -2, -1, -1, -1, -1, -1, -1, -1, -1, -1, -1, -1, -1, -1, -1, -1, -1, -1, -1, -1, -1, -1, -1, -1, -1, -1, -1, -1, -1, -1, -1, -1, -1, -1, -1, -1, -1, -1, -1, -1, -1, -1, -1, -1, -1, -1, -1, -1, -1, -1, -1, -1, -1, -1, -1, -1, -1, -1, -1, -1, -1, -1, -1, -1, -1, -1, -1, -1, -1, -1, -1, -1, -1, -1, -1, -1, -1, -1, -1, -1, -1, -1, -1, -1, -1, -1, -1, -1, -1, -1, -1, -1, -1, -1, -1, -1, -1, -1, -1, -1, -1, -1, -1, -1, -1, -1, -1, -1,
target_str: -23, -41, -15, 70, -55
mse: 0.024699505560822607
mae: 0.14160541243957733
rsme: 0.15716076342657098
----------------------
max value: 0.23076062473186015
pred_str: -1, -1, 4, -1, -3, -1, -2, -2, -2, 0
target_str: 5, 33, 48, 87, 52
mse: 0.014800434499649875
mae: 0.10476532362826452
rsme: 0.1216570363754184
----------------------
max value: 0.7447405605878279
pred_str: 22, 22, 12, 20, 24, 16, 18
target_str: 38, 46, 43, 30, 20
mse: 0.021176098028682783
mae: 0.12660589529993074
rsme: 0.1455200949308472
----------------------
max value: 0.5438453641955051
pred_str:   -5, 2, 3, 4, 5, 1, 0
target_str: -4, 0, 2, 16, 23
mse: 0.002803878555887806
mae: 0.03698148476529435
rsme: 0.05295166244687513
----------------------
max value: 0.6815929574679479
pred_str: -1, 2, 3, 4, 5, 6, 7, 8, 9, 10, 11, 12, 13, 14, 15, 16, 17, 18, 19, 20, 21, 22, 23, 24, 25, 26, 27, 28, 29, 30, 31, 32, 33, 34, 35, 36, 37, 38, 39, 40, 41, 42, 43, 44, 45, 46, 47, 48, 49, 50, 51, 52, 53, 54, 55, 56, 57, 58, 59, 60, 61, 62, 63, 64, 65, 66, 67, 68, 69, 70, 71, 72, 73, 74, 75, 76, 77, 78, 79, 80, 81, 82, 83, 84, 85, 86, 87, 88, 89, 90, 91, 92, 93, 94, 95, 96, 97, 98, 99, 100, 101, 102, 103, 104, 105, 106, 107, 108, 109, 110, 111, 112, 113, 114, 115, 116, 117, 118, 119, 120, 121, 122, 123, 124,
target_str: -5, -7, -6, -6, -12
mse: 0.0052682120026567095
mae: 0.0667961098318589
rsme: 0.07258244968762566
----------------------
max value: 0.5359585981714126
pred_str: -1, -2, -4, -5, 1, 0, 1, 0, -2, -4, -6, -7, 0, -3, -6, -4, -2, -2, -1, -2, -1, -2, -1, -2, -2, -2, -2, -2, -2, -2, -2, -2, -2, -2, -2, -2, -2, -2, -2, -2, -2, -2, -2, -2, -2, -2, -2, -2, -2, -2, -2, -2, -2, -2, -2, -2, -2, -2, -2, -2, -2, -2, -2, -2, -2, -2, -2, -2, -2, -2, -2, -2, -2, -2, -2, -2, -2, -2, -2, -2, -2, -2, -2, -2, -2, -2, -2, -2, -2, -2, -2, -2, -2, -2, -2, -2, -2, -2, -2, -2, -2, -2, -2, -2, -2, -2, -2, -2, -2, -2, -2, -2, -2, -2, -2, -2, -2, -2, -2, -2, -2, -2, -2, -2, -2, -2, -2, -2, -2, -2, -2, -2, -2, -2, -2, -2, -2, -2, -2, -2, -2, -2, -2, -2, -2, -2, -2, -2, -2, -2, -2, -2, -2, -2, -2, -2, -2, -2, -2, -2, -2, -2, -2, -2, -2, -2, -2, -2, -2, -2, -2
target_str: -4, -1, -4, -6, -1
mse: 8.61754856861597e-05
mae: 0.007503420374399776
rsme: 0.009283075227862786
----------------------
max value: 0.7229541131901488
pred_str: 0, 3, 1, 2, 4, 5, 7, 8, 10, 11, 12, 13, 14, 15, 16, 17, 18, 19, 20, 21, 22, 23, 24, 25, 26, 27, 28, 29, 30, 31, 32, 33, 34, 35, 36, 37, 38, 39, 40, 41, 42, 43, 44, 45, 46, 47, 48, 49, 50, 51, 52, 53, 54, 55, 56, 57, 58, 59, 60, 61, 62, 63, 64, 65, 66, 67, 68, 69, 70, 71, 72, 73, 74, 75, 76, 77, 78, 79, 80, 81, 82, 83, 84, 85, 86, 87, 88, 89, 90, 91, 92, 93, 94, 95, 96, 97, 98, 99, 100, 101, 102, 103, 104, 105, 106, 107, 108, 109, 110, 111, 112, 113, 114, 115, 116, 117, 118, 119, 120, 121, 122, 123, 124, 125
target_str: -6, -6, -1, 2, -1
mse: 0.001526174937353379
mae: 0.031809980980366546
rsme: 0.039066289014358394
----------------------
max value: 0.6898785427301292
pred_str: -5, 10, 1, 10, 1, -1, 11, 5, 13, 12, 14, 2, 1, 13, 4, 14, 1, 15, 3, 12, 4, 2, 13, 11, 12, 2, 13, 12, 13, 14, 14, 14, 12, 13, 11, 13, 14, 15, 15, 12, 14, 14, 15, 16, 16, 15, 14, 15, 14, 15, 16, 16, 15, 16, 17, 17, 17, 17, 16, 17, 17, 18, 18, 18, 17, 18, 18, 18, 18, 19, 19, 19, 19, 19, 19, 19, 19, 19, 19, 20, 20, 20, 20, 20, 20, 20, 20, 20, 20, 21, 21, 21, 21, 21, 21, 21, 21, 21, 21, 21, 21, 22, 22, 22, 22, 22, 22, 22, 22, 22, 22, 22, 22, 22, 22, 22, 22, 23, 23, 23, 23, 23, 23, 23, 23, 23, 23, 23, 23, 23, 23, 
target_str: -10, -6, -16, -10, -11
mse: 0.010603773954869273
mae: 0.09658299598221808
rsme: 0.10297462772386833
----------------------
max value: 0.7263826898248835
pred_str: -1, -4, -3, -3, -3, -4, 0, 0, 1, 2, 3, 4, 4, 5, 6, 7, 8, 9, 10, 11, 12, 13, 14, 15, 16, 17, 18, 19, 20, 21, 22, 23, 24, 25, 26, 27, 28, 29, 30, 31, 32, 33, 34, 35, 36, 37, 38, 39, 40, 41, 42, 43, 44, 45, 46, 47, 48, 49, 50, 51, 52, 53, 54, 55, 56, 57, 58, 59, 60, 61, 62, 63, 64, 65, 66, 67, 68, 69, 70, 71, 72, 73, 74, 75, 76, 77, 78, 79, 80, 81, 82, 83, 84, 85, 86, 87, 88, 89, 90, 91, 92, 93, 94, 95, 96, 97, 98, 99, 100, 101, 102, 103, 104, 105, 106, 107, 108, 109, 110, 111, 112, 113, 114, 115, 116, 117, 118, 11
target_str: -11, -8, -5, -1, 6
mse: 0.0021632904295166545
mae: 0.0392246652505437
rsme: 0.04651118606869378
----------------------
max value: 0.5770504865198544
pred_str: -2, -4, -5, -4, 10, 15
target_str: 7, -1, -1, 2, -12
mse: 0.004169000545189863
mae: 0.05078044281374718
rsme: 0.06456779805127215
----------------------
max value: 1.0303882250761076
pred_str: -1, 6, 7, 8, 9, 10
target_str: -1, -5, -7, -8, -5
mse: 0.016328944375495057
mae: 0.11334270475837185
rsme: 0.1277847579936475
----------------------
max value: 0.5461180099718109
pred_str: -1, 10, 13, 4, 1, 4, 6, 4, 6, 4, 4, 1, 10, 2, 13, 2, 10, 10, 10, 4, 4, 4, 1, 10, 2, 10, 10, 10, 4, 10, 10, 10, 4, 10, 10, 10, 4, 10, 10, 10, 10, 10, 10, 10, 10, 10, 10, 10, 10, 10, 10, 10, 10, 10, 10, 10, 10, 10, 10, 10, 10, 10, 10, 10, 10, 10, 10, 10, 10, 10, 10, 10, 10, 10, 10, 10, 10, 10, 10, 10, 10, 10, 10, 10, 10, 10, 10, 10, 10, 10, 10, 10, 10, 10, 10, 10, 10, 10, 10, 10, 10, 10, 10, 10, 10, 10, 10, 10, 10, 10, 10, 10, 10, 10, 10, 10, 10, 10, 10, 10, 10, 10, 10, 10, 10, 10, 10, 10, 10, 10, 10, 10, 10,
target_str: 9, 0, -8, -8, -11
mse: 0.005541389885553308
mae: 0.07099534129633542
rsme: 0.07444051239448388
----------------------
max value: 0.5570912375663158
pred_str: -1, 6, 5, 4, 1, 7
target_str: -4, -2, -1, -2, -2
mse: 0.0009558799926773617
mae: 0.028968744353448428
rsme: 0.03091730894947621
----------------------
max value: 0.374644169405007
pred_str: -1, -2, -1, -3, -1, -1
target_str: 72, -92, -16, -7, 1
mse: 0.03838517521344396
mae: 0.13786905434104257
rsme: 0.19592134956008228
----------------------
max value: 0.4820464842265821
pred_str:   -10, 0, 0, 0, 0, -10, -6, -14, -10, -10, -11, -10, -10, -9, -10, -10, -10, -10, -10, -10, -10, -10, -10, -10, -10, -10, -10, -10, -10, -10, -10, -10, -10, -10, -10, -10, -10, -10, -10, -10, -10, -10, -10, -10, -10, -10, -10, -10, -10, -10, -10, -10, -10, -10, -10, -10, -10, -10, -10, -10, -10, -10, -10, -10, -10, -10, -10, -10, -10, -10, -10, -10, -10, -10, -10, -10, -10, -10, -10, -10, -10, -10, -10, -10, -10, -10, -10, -10, -10, -10, -10, -10, -10, -10, -10, -10, -10, -10, -10, -10, -10, -10, -10, -10, -10, -10, -10, -10, -10, -10, -10, -10, -10, -10, -10, -10, -10, -10, -10, -10, -10, -10, -10, -10, -10, -10, -10, -10, -10,
target_str: 12, 18, 30, 37, 39
mse: 0.021368636039360966
mae: 0.14075757339416195
rsme: 0.14618014926576373
----------------------
max value: 0.30373810308888555
pred_str: -2, -1, -10, -11, -3
target_str: -12, -9, -14, -18, -12
mse: 0.0005719923786618138
mae: 0.023084095834755302
rsme: 0.02391636215359296
----------------------
max value: 0.25812287143869844
pred_str: -1, 0, 1, 3, -2, -12, -13, -2, -4
target_str: 92, 55, 11, -11, -13
mse: 0.016111841920844885
mae: 0.09447297094656362
rsme: 0.12693243053233041
----------------------
max value: 0.8780585637531843
pred_str: -1, -2, -1, 0, -1, 0, -2, -1, -2, 0, -2, -1, -1, -1, -1, -1, -1, -1, -1, -1, -1, -1, -1, -1, -1, -1, -1, -1, -1, -1, -1, -1, -1, -1, -1, -1, -1, -1, -1, -1, -1, -1, -1, -1, -1, -1, -1, -1, -1, -1, -1, -1, -1, -1, -1, -1, -1, -1, -1, -1, -1, -1, -1, -1, -1, -1, -1, -1, -1, -1, -1, -1, -1, -1, -1, -1, -1, -1, -1, -1, -1, -1, -1, -1, -1, -1, -1, -1, -1, -1, -1, -1, -1, -1, -1, -1, -1, -1, -1, -1, -1, -1, -1, -1, -1, -1, -1, -1, -1, -1, -1, -1, -1, -1, -1, -1, -1, -1, -1, -1, -1, -1, -1, -1, -1, -1, -1, -1, -1, -1, -1, -1, -1, -1, -1, -1, -1, -1, -1, -1, -1, -1, -1, -1, -1, -1, -1, -1, -1, -1, -1, -1, -1, -1, -1, -1, -1, -1, -1, -1, -1, -1, -1, -1, -1, -1, -1, -1, -1, -1, -1
target_str: -9, -10, -11, -13, -10
mse: 0.007370634203595715
mae: 0.0842936221203057
rsme: 0.08585239777429467
----------------------
max value: 0.6358788304996957
pred_str: -1, -2, 1, 2, 3, 4, 5, 6, 7, 8, 9, 10
target_str: -5, -8, -8, -6, -7
mse: 0.0024017908092413046
mae: 0.04705503345697749
rsme: 0.049008068817709034
----------------------
max value: 0.39385413861669377
pred_str: 0 0, 0, 0, 0, 0
target_str: 3, 10, 23, 38, 55
mse: 0.015844067367111546
mae: 0.10161436776310699
rsme: 0.12587321941982554
----------------------
max value: 0.48549672876854877
pred_str: -1, -2, -3, -4, -5, -6
target_str: -1, 0, 4, -17, 0
mse: 0.0011643929438061112
mae: 0.026216823353501627
rsme: 0.034123202426004966
----------------------
max value: 1.1852284490423035
pred_str: 0, 2, 1, 3, 4, 5
target_str: 0, 5, 10, 24, 37
mse: 0.045514433835982866
mae: 0.15645015527358405
rsme: 0.21334112082761464
----------------------
AVG MSE: 0.009122687559189206
Median MSE: 0.0035340921476319205
AVG RMSE: 0.07806302874755153
Median RMSE: 0.059428282891014636
AVG MAE: 0.06699411298467901
Median MAE: 0.05030550829049462
Number of False Outputs: 40
----------------------
