pred_str: -19, -21, -22, -20, -15, -15, -11, -2, -8, -14, -16, -21, -22, -19, -21, -21, -20, -16, -13, -10, -11, -2, -15, -19, -21, -11, -12, -16, -16, -20, -21, -24, -13, -17, -18, -14, -15, -12, -2, -14
target_str: -14, 5, -6, 0, -13, 3, -15, 0, -14, -2, -5, -6, -16, -14, -8, -15, -1, -8, -9, 1, 14, -5, -13, -8, -20
mse: 0.0023520838340139218
----------------------
pred_str: -3, -3, -3, -4, -4, -4, -5, -5, -5, -6, -5, -5, -5, -5, -6, -6, -5, -6, -7, -6, -7, -7, -8, -8, -8, -9, -9, -9, -10, -10, -11, -12, -13, -13, -14, -14, -15, -15, -15, -15, -15
target_str: -6, -6, -7, -5, -7, -7, -7, -6, -9, -7, -8, -7, -8, -6, -9, -6, -6, -4, 3, 5, -3, -7, -8, -10, 0
mse: 0.00025682612170301256
----------------------
pred_str: -17, -15, -12, -14, -12, -16, -15, -11, -10, -14, -16, -14, -11, -12, -9, -13, -5, -1
target_str: -23, -4, -15, -10, -9, -3, 2, -2, 5, 20, 39, 29, 1, 3, 1, -8, -19, -6, -2, -8, -6, -9, -5, -3, -10
mse: 0.004938821750447141
----------------------
pred_str: -2, -2, -1, 0, 2, 0, 2, 6, 11, 15, 22, 22, 14, 15, 19, 26, 31, 37, 42, 46, 48, 45, 43, 41, 42, 43, 40, 38, 35, 32, 28, 21, 13, 0, -5, -1, -4, -6, -7, -7, -8, -9, -12, -11, -15, -16, -14
target_str: -23, -41, -15, 70, -55, -26, -25, -18, -12, -13, -4, 9, 27, 38, 33, 7, -17, -26, -28, -26, -25, -21, -19, -15, -7
mse: 0.03148675934279332
----------------------
pred_str: -12, -18, -22, -27, -33, -35, -35, -33, -29, -23, -21, -25, -28, -29, -29, -28, -29, -30, -28, -28, -27, -26, -24, -21, -16, -9, -13, -16, -16, -11, -13, -1, 0, 1, 5, 10, 17, 29, 39, 42, 29, 10, -1, -8, -10
target_str: 7, -1, -1, 2, -12, -22, -23, -29, -20, -22, 75, 9, -34, -17, -28, -16, -23, -12, -10, 2, 11, 26, 38, 38, 14
mse: 0.016898789274070167
----------------------
pred_str: -10, -10, -11, -12, -12, -12, -13, -13, -13, -13, -14, -15, -14, -13, -14, -13, -12, -13, -12, -12
target_str: 0, -8, -9, -8, -6, -10, -10, -9, -8, -8, -10, -11, -11, -11, -12, -11, -12, -13, -11, -4, 4, 0, -7, -20, -4
mse: 0.0005161158033264377
----------------------
pred_str: -1, 0, 1, 3, 5, 10, 17, 22, 32, 34, 28, 14, 6, 14, 11, 13, 15, 15, 16, 18, 20, 22, 23, 24, 24, 26, 24, 25, 22, 24, 24, 24, 25, 25, 25, 23, 23, 24, 23, 23, 21, 22, 21, 22, 21, 22, 21, 22, 22
target_str: 12, 18, 30, 37, 39, 26, -1, -14, -9, -15, -22, -14, -19, -16, -20, -16, -19, -20, -21, -18, -15, -13, -19, -19, -23
mse: 0.01818907878238626
----------------------
pred_str: -14, -18, -16, -18, -17, -18, -16, -13, -11, -11, -11, -11, -10, -9, -7, -7, -8, -6, -1
target_str: -11, -8, -5, -1, 6, 13, 23, 32, 31, 18, 3, -5, -4, -6, -8, -6, -7, -7, -6, -3, -4, -7, -6, -7, -7
mse: 0.005342229687414702
----------------------
pred_str: -12, -12, -13, -13, -12, -12, -11, -11, -11, -10, -10, -12, -11, -10, -10, -10, -8, -10, -7, -6
target_str: 3, -11, -2, -1, 2, 5, 13, 27, 35, 41, 31, 15, 2, -7, -6, -8, -6, -4, -5, -5, -6, -7, -7, -8, -7
mse: 0.006536440358834708
----------------------
pred_str: -1, -1, 1, 0, -1, 1, 2, 5, 10, 15, 15, 18, 22, 25, 29, 33, 41, 52, 55, 44, 28, 17, 10, 5, 1, 0, 0, 0, 0, 0, 0, -1, -4, -7, -10, -14, -18, -22, -23, -23, -22, -20, -15, -13, -10, -6, -1, 0, 0, 1
target_str: 0, 5, 10, 24, 37, 37, 26, 12, 3, 1, 1, 4, 4, 5, 4, 6, 5, 4, 5, 8, 6, -2, 0, -9, 11
mse: 0.009491480483369608
----------------------
pred_str: -2, -3, -5, -4, -2, -4, -3, -1, -3, -4, -5, -4, -5, -5, -5, -5, -6, -5, -7, -7, -6, -6
target_str: 36, 26, 5, -5, -6, -9, -8, -6, -3, -1, -4, -5, -6, -4, -5, -3, 9, 1, -9, -7, -11, -14, 108, -15, -21
mse: 0.009347978118005574
----------------------
pred_str: -2, -2, 0, 0, 2, 10, 23, 47, 57, 46, 17, -6
target_str: 0, -8, -1, 5, 17, 0, -12, -14, -9, -13, 40, 85, -47, -10, -10, -6, -6, -5, 2, 7, 20, 48, 70, 58, 10
mse: 0.021932458081453193
----------------------
pred_str: -24, -27, -29, -30, -30, -31, -32, -33, -34, -34, -35, -34, -32, -34, -32, -34, -35, -33, -33, -32, -30, -28, -27, -21, -16, -13, -1, 0, -6, 0, 0, 0, 0, 0, 0, 1, 1, 3, 6, 12, 16, 25, 29, 31, 34, 35, 36, 38
target_str: 72, -92, -16, -7, 1, 4, 8, 10, 22, 39, 51, 56, 29, 0, -4, -10, -12, -14, -14, -12, -11, -11, -11, -12, -14
mse: 0.03240443541314701
----------------------
pred_str: -1, -1, -4, -6, -8, -10, -14, -15, -17, -17, -18, -19, -19, -20, -19, -20, -18, -18, -18, -17, -17, -17, -15, -15, -16, -16, -16, -16, -15
target_str: 9, 0, -8, -8, -11, -10, -9, -8, -8, -4, -4, -6, -8, -6, -4, -1, 10, 3, -12, -6, -15, -3, -18, 67, 50
mse: 0.008864504483624606
----------------------
pred_str: -3, -2, -3, -3, -4, -4, -4, -4, -4, -5, -5, -5, -5, -5, -5, -5, -5, -5, -6, -6, -6, -6, -7, -6, -7, -7, -7, -7, -6, -7, -7, -7, -7, -7, -7
target_str: -3, -5, -4, -5, -5, -4, -6, -9, -9, -10, -6, -9, -9, -8, -3, -4, -7, -11, -8, -11, -10, -11, 89, 20, -37
mse: 0.006801273050279059
----------------------
pred_str: -10, -11, -12, -12, -10, -12, -11, -12, -12, -11, -13, -11, -14, -13, -13, -14, -15, -15, -15, -16
target_str: -10, -6, -16, -10, -11, -11, -14, -13, -15, -10, -7, -1, -3, -7, -22, -9, -13, 80, 23, -41, 0, -17, -2, -7, 1
mse: 0.007333401993088182
----------------------
pred_str: -8, -1, -2, -10, -11, -14, -11, -13, -11, -11, -10, -9, -8, -8, -5, -11, -11, -14, -14, -16, -12, -15, -11, -11, -14, -12, -11, -13, -13, -12, -11, -12, -10, -9, -10, -7, -6
target_str: -7, -8, -9, -6, -14, -8, -5, -3, -2, -13, -12, -20, -15, -24, 82, 37, -24, -3, -16, -6, -7, -3, 5, 11, 24
mse: 0.008272018322765376
----------------------
pred_str: -5, -11, -18, -15, -24, -17, -25, -19, -22, -22, -23, -24, -26, -25, -26, -27, -27, -27, -27, -28, -27, -29, -29, -28, -29, -29, -30, -28, -29, -29, -29, -30, -29, -28, -28, -29, -29, -30, -28, -28, -29
target_str: 30, 42, 45, 36, 10, -4, -7, -11, -14, -8, -7, -7, -7, -7, -8, -10, -11, -11, -7, -12, -8, -9, -12, -6, -4
mse: 0.010930199476890562
----------------------
pred_str: -11, -13, -14, -15, -14, -16, -18, -17, -17, -17, -19, -18, -18, -19, -19, -19, -19, -20, -19, -17, -16, -14, -10, -11, -10, -12, -13, -14, -15, -13, -13, -11, -12, -10, -11, -12, -13, -13, -14, -13, -12, -13, -13, -12
target_str: 38, 46, 43, 30, 20, 20, 18, 8, -2, -7, -12, -15, -17, -21, -23, -23, -25, -27, -28, -27, -23, -28, -27, -33, -25
mse: 0.010752207272640755
----------------------
pred_str: -19, -23, -16, -20
target_str: 91, 94, 71, 22, -10, -12, -33, -25, -29, -17, -19, -17, -17, -16, -17, -16, -21, -19, -20, -22, -16, -17, -28, -22, -17
mse: 0.026937795949751476
----------------------
pred_str: -6, -6, -6, -4, -5, -7, -6, -7, -6, -5, -6, -7, -7, -6, -7, -7, -7, -8, -6, -7, -7, -7, -8, -8, -9, -11, -10, -18, 90, 48, -16, 3, -8, -2, -3, 0, 4, 10, 16, 19, 17, 2, -2, -5, -5, -5, -4, -5, -5, -5, -5, -5, -5, -5, -5, -5, -5, -5, -5, -5, -5, -5, -5, -5, -5, -5, -5, -5, -5, -5, -5, -5, -5
target_str: -1, -7, -8, -8, -9, -9, -8, -8, -8, -8, -7, -8, -7, -7, -8, -8, -6, -4, -5, -5, -12, -5, -24, 56, 82
mse: 0.007866762715857505
----------------------
pred_str: -3, -3, -4, -5, -4, -5, -4, -4, -2, -1, 0, -2, -2, -5, -4, -4, -5, -5, -6, -4, -5, -5, -6, -6, -7, -8, -8, -7, -10, -11, -13, -14, -13, -14
target_str: -5, -6, -5, -5, -1, 0, 4, 9, 10, 5, 0, -3, -4, -5, -4, -3, -6, -5, -4, -4, -5, -4, -5, -5, -5
mse: 0.00029501130046940774
----------------------
pred_str: -3, -5, -8, -10, -15, -17, -18, -19, -22, -18, -24, -28, -29, -32, -31, -28, -33, -33, -31, -36, -37, -38, -37, -37, -36, -35, -35, -34, -34, -32, -32, -32, -31, -31
target_str: -12, -2, -8, 0, 4, 8, 16, 18, 50, 60, 63, 56, 32, -1, -11, -18, -17, -11, -11, -2, -2, 0, -3, 0, 10
mse: 0.027334429096937903
----------------------
pred_str: -5, -2, -1, -5, -5, -6, -5, -5, -4, -4, -6, -5, -7, -6, -7, -6, -8, -7, -6, -6, -5
target_str: -5, -8, -8, -6, -7, -5, -4, -6, -6, -8, -7, -3, -2, 1, -1, -10, -7, -14, -3, -26, 47, 82, -29, -2, -12
mse: 0.006848696578747002
----------------------
pred_str: -5, -10, -11, -16, -16, -15, -19, -21, -21, -22, -23, -22, -23, -21, -19, -17, -14, -8, -4, -10, -1, -9, -1, -14, -1, -10, -10, -13, -15, -10, -17, -16, -16, -14, -17, -16, -15, -14
target_str: -16, -1, 11, 13, -23, -2, -47, 62, 55, -68, -5, -23, -4, -11, 2, 16, 32, 52, 59, 68, 52, 28, -6, -20, -19
mse: 0.024609731824961577
----------------------
