pred_str: -7, -15, -19, -23, -19, -24, -25, -22, -26, -24
target_str: -10, -8, 3, -1, 0, -16, -10, -22, 50, 25
mse: 0.01809748211671939
----------------------
pred_str: 129, 101, 87, -19, -21, -21, -19, -17, -16, -15
target_str: 72, -92, -16, -7, 1, 4, 8, 10, 22, 39
mse: 0.1068583491917691
----------------------
pred_str: 77, 93, -57, -2, -13, 6, 1, 19, 21, 43
target_str: 91, 94, 71, 22, -10, -12, -33, -25, -29, -17
mse: 0.04900812116495554
----------------------
pred_str: -11, -2, -14, -13, -16, -20, -17, -19, -20, -19
target_str: -16, -1, 11, 13, -23, -2, -47, 62, 55, -68
mse: 0.03156819498021478
----------------------
pred_str: -11, -13, -14, -10, -14, -10, -9, -10, -10
target_str: -1, 0, 4, -17, 0, -29, 47, 76, -41, -8
mse: 0.02342956276066909
----------------------
pred_str: 0, 0, -5, -11, -21, -26, -30, -33, -28, -20
target_str: 34, 24, 7, -4, -10, -15, -17, -13, -15, -12
mse: 0.005453306039230678
----------------------
pred_str: 0, -2, -2, -3, -2, -2, -2, -2, -2, -2
target_str: -5, -6, -5, -5, -1, 0, 4, 9, 10, 5
mse: 0.0007512301010593964
----------------------
pred_str: 15, 14, 10, -4, -1, 1, 6, 8, 16, 24
target_str: 30, 42, 45, 36, 10, -4, -7, -11, -14, -8
mse: 0.011817639291482046
----------------------
pred_str: -19, -19, -18, -18, -19, -19, -19, -18, -19, -19
target_str: -14, 5, -6, 0, -13, 3, -15, 0, -14, -2
mse: 0.004119826691139917
----------------------
pred_str: 140, 49, -20, -1, -11, -8, -4, -3, -1, 1
target_str: 9, 0, -8, -8, -11, -10, -9, -8, -8, -4
mse: 0.0365200687026014
----------------------
pred_str: -1, -13, -12, -12, -12, -13, -11, -11, -11, -11
target_str: 0, -8, -9, -8, -6, -10, -10, -9, -8, -8
mse: 0.0002185730611884306
----------------------
pred_str: -1, -2, -3, -4, -11, 0, -1, -9, -13
target_str: 0, 5, 10, 24, 37, 37, 26, 12, 3, 1
mse: 0.011209675566663801
----------------------
pred_str: -14, -15, -17, -19, -18, -20, -21, -23, -22
target_str: 0, -1, 0, -3, -6, -6, -6, -9, -8, -3
mse: 0.003495332230601543
----------------------
pred_str: 1, 3, -1, -10, -10, -10, -10, -11, -11, -11
target_str: 6, -2, -15, -13, -17, 5, 87, -12, -11, -12
mse: 0.018257279228680683
----------------------
pred_str: 0, -1, 0, 0, 0, -2, 0, 3, -1, -1
target_str: 12, 4, -1, -3, -5, -4, -3, -3, -5, -4
mse: 0.0005106160589107877
----------------------
pred_str: 113, -10, -10, -13, -13, -11, -11, -12, -12, -12
target_str: 3, -11, -2, -1, 2, 5, 13, 27, 35, 41
mse: 0.036560477167695074
----------------------
pred_str: -25, -22, -27, -26, -29, -24, -21, -20, -17
target_str: -23, -41, -15, 70, -55, -26, -25, -18, -12, -13
mse: 0.01950443140134408
----------------------
pred_str: -1, -2, -2, -4, -1, -1, -1, -1, -1, -1
target_str: 3, 10, 23, 38, 55, 68, 67, 53, 23, 2
mse: 0.03411025478428863
----------------------
pred_str: 1, 11, -20, 20, -10, -14, -12, -11, -10, -11
target_str: -3, -5, -4, -5, -5, -4, -6, -9, -9, -10
mse: 0.0024245079056195674
----------------------
pred_str: -18, -25, -27, -33, -38, -42, -41, -41, -40, -38
target_str: 0, -8, -1, 5, 17, 0, -12, -14, -9, -13
mse: 0.019612799557731625
----------------------
pred_str: -12, -16, -10, -14, -17, -16, -19, -14, -14, -18
target_str: 92, 55, 11, -11, -13, -21, -24, -10, -11, -12
mse: 0.03018512342496361
----------------------
pred_str: -18, -21, -17, -17, -17, -16, -18, -15, -19, -21, -20
target_str: -2, 3, 3, -1, -11, 1, -19, 27, 99, -66
mse: 0.035866186267449474
----------------------
pred_str: -14, -15, -8, -2, -14, 0, -13, -9, -1, -14
target_str: -1, -13, -3, 5, 0, -17, -5, -8, 19, -60
mse: 0.006085147493422445
----------------------
pred_str: -10, -13, -12, -13, -12, -12, -11, -10, -11
target_str: -11, -8, -5, -1, 6, 13, 23, 32, 31, 18
mse: 0.011343758200838218
----------------------
pred_str: -17, -11, -9, -10, -14, -13, -13, -15, -12, -15
target_str: -10, -6, -16, -10, -11, -11, -14, -13, -15, -10
mse: 0.0003214309723359275
----------------------
