pred_str: -20, -11, -21, -12, -25, -13, -2, -12, -14, -14, -12
target_str: -10, -8, 3, -1, 0, -16, -10, -22, 50, 25
mse: 0.013263160292787044
----------------------
pred_str: -25, -32, -31, -25, -21, -22, -21, -20, -19, -19, -18
target_str: 72, -92, -16, -7, 1, 4, 8, 10, 22, 39
mse: 0.039497437880638774
----------------------
pred_str: 19, 12, 33, 37, 66, 84, 100, 87, 52, 14, -10
target_str: 91, 94, 71, 22, -10, -12, -33, -25, -29, -17
mse: 0.12182050176690318
----------------------
pred_str: -22, -17, -19, -24, -19, -16, -17, -18, -16, -16
target_str: -16, -1, 11, 13, -23, -2, -47, 62, 55, -68
mse: 0.03272718322903746
----------------------
pred_str: -7, -9, -10, -10, -10, -11, -11, -12, -11, -11
target_str: -1, 0, 4, -17, 0, -29, 47, 76, -41, -8
mse: 0.023515889936096452
----------------------
pred_str: -4, 0, -3, -2, -2, -2, -2, -2, -2, -2, -2
target_str: 34, 24, 7, -4, -10, -15, -17, -13, -15, -12
mse: 0.005458816284470723
----------------------
pred_str: -1, -3, -2, -3, -2, -2, -2, -1, -3, -3, -3
target_str: -5, -6, -5, -5, -1, 0, 4, 9, 10, 5
mse: 0.0007567403462994408
----------------------
pred_str: 0, -10, -14, -15, -13, -13, -14, -14, -13, -14, -14
target_str: 30, 42, 45, 36, 10, -4, -7, -11, -14, -8
mse: 0.019085652763100706
----------------------
pred_str: 14, -29, -26, -27, -20, -23, -22, -17, -14, -16, -12
target_str: -14, 5, -6, 0, -13, 3, -15, 0, -14, -2
mse: 0.007949447132970824
----------------------
pred_str: 0, -5, -3, -5, -4, -3, -1, 2, 10, 15, 19
target_str: 9, 0, -8, -8, -11, -10, -9, -8, -8, -4
mse: 0.001996545525309447
----------------------
pred_str: 1, 1, -1, -2, -3, -5, -4, -4, -5, -6
target_str: 0, -8, -9, -8, -6, -10, -10, -9, -8, -8
mse: 0.0005326570398709658
----------------------
pred_str: 1, -14, -16, -23, -16, -13, -20, -16, -17, -16, -15
target_str: 0, 5, 10, 24, 37, 37, 26, 12, 3, 1
mse: 0.02230730948011337
----------------------
pred_str: -11, -17, -19, -19, -19, -18, -19, -18, -19, -18
target_str: 0, -1, 0, -3, -6, -6, -6, -9, -8, -3
mse: 0.003495332230601544
----------------------
pred_str: -12, -15, -12, -10, -8, -8, -9, -7, -8, -7
target_str: 6, -2, -15, -13, -17, 5, 87, -12, -11, -12
mse: 0.01843360707636211
----------------------
pred_str: -4, -4, -2, -2, 0, 4, 12, 19, 24, 20
target_str: 12, 4, -1, -3, -5, -4, -3, -3, -5, -4
mse: 0.004659830724664275
----------------------
pred_str: -9, -12, -17, -10, -23, -16, -23, -29, -22, -17
target_str: 3, -11, -2, -1, 2, 5, 13, 27, 35, 41
mse: 0.023073233568479547
----------------------
pred_str: -13, -20, -14, -12, -20, -17, -15, -16, -12, -13
target_str: -23, -41, -15, 70, -55, -26, -25, -18, -12, -13
mse: 0.01593562923420861
----------------------
pred_str: 1, -1, -13, -12, -11, -9, -8, -10, -10, -13
target_str: 3, 10, 23, 38, 55, 68, 67, 53, 23, 2
mse: 0.04612809965282562
----------------------
pred_str: -6, -10, -8, -5, -6, -8, -7, -7, -6, -8, -7
target_str: -3, -5, -4, -5, -5, -4, -6, -9, -9, -10
mse: 0.00015612361513459336
----------------------
pred_str: -16, -14, -21, -10, -16, -13, -15, -15, -10, -13
target_str: 0, -8, -1, 5, 17, 0, -12, -14, -9, -13
mse: 0.004015132031579072
----------------------
pred_str: -13, -22, -16, -16, -17, -18, -14, -15, -17, -15
target_str: 92, 55, 11, -11, -13, -21, -24, -10, -11, -12
mse: 0.03288330684417206
----------------------
pred_str: -12, -15, -14, -13, -13, -12, -11, -11, -11, -11
target_str: -2, 3, 3, -1, -11, 1, -19, 27, 99, -66
mse: 0.0324424872249685
----------------------
pred_str: 10, 14, 12, 10, 12, 10, 10, 12, 12, 12
target_str: -1, -13, -3, 5, 0, -17, -5, -8, 19, -60
mse: 0.014383576824929417
----------------------
pred_str: 11, 1, 2, -1, -12, -5, -10, -11, -13, -10
target_str: -11, -8, -5, -1, 6, 13, 23, 32, 31, 18
mse: 0.012710299020369251
----------------------
pred_str: 0, -5, -11, -16, -13, -14, -16, -16, -18, -16
target_str: -10, -6, -16, -10, -11, -11, -14, -13, -15, -10
mse: 0.0004279623803101208
----------------------
