pred_str: 3, 0, -1, -1, -1
target_str: 30, 42, 45, 36, 10
mse: 0.01915105214272215
----------------------
pred_str: -14, -10, -14, -7, -1
target_str: -1, -13, -3, 5, 0
mse: 0.0013941739877633434
----------------------
pred_str: -6, -7, -7, -8, -7
target_str: -6, -6, -7, -5, -7
mse: 3.140031503971494e-05
----------------------
pred_str: -7, -8, -8, -7, -6
target_str: -1, -7, -8, -8, -9
mse: 0.00014758148068666027
----------------------
pred_str: -13, -18, -14, -13, -11
target_str: -12, -2, -8, 0, 4
mse: 0.002157201643228417
----------------------
pred_str: -10, -17, -13, -8, -5
target_str: -23, -4, -15, -10, -9
mse: 0.0011366914044376808
----------------------
pred_str: -23, -20, -15, -10, -3
target_str: -9, -5, -12, -5, 13
mse: 0.002232562399323733
----------------------
pred_str: 0, -1, -5, -4, -3
target_str: 6, -2, -15, -13, -17
mse: 0.0012999730426441988
----------------------
pred_str: -10, -4, -5, -5, -5
target_str: 12, 4, -1, -3, -5
mse: 0.001783537894255809
----------------------
pred_str: -15, -17, -25, -26, -21
target_str: -14, 5, -6, 0, -13
mse: 0.004980089965298791
----------------------
pred_str: 10, -5, -1, 0, 0
target_str: 0, -8, -1, 5, 17
mse: 0.0013282333261799423
----------------------
pred_str: -13, -16, -22, -22, -12
target_str: -2, 3, 3, -1, -11
mse: 0.004863908799651845
----------------------
pred_str: -12, -9, -11, -8, -7
target_str: 3, -11, -2, -1, 2
mse: 0.0013816138617474573
----------------------
pred_str: -4, -4, -3, -3, -2
target_str: -3, -5, -4, -5, -5
mse: 5.024050406354395e-05
----------------------
pred_str: -13, -17, -20, -16, -13
target_str: -12, -18, -20, -13, -17
mse: 8.478085060723036e-05
----------------------
pred_str: 42, 84, 110, 135, 159
target_str: 34, 24, 7, -4, -10
mse: 0.19516865812934822
----------------------
pred_str: -2, -3, -3, -2, -3
target_str: -5, -6, -5, -5, -1
mse: 0.00010990110263900232
----------------------
pred_str:  -10, -12, -13, -14, -15
target_str: -16, -1, 11, 13, -23
mse: 0.0047916880750605
----------------------
pred_str: -8, -11, -21, -14, -19
target_str: -10, -8, 3, -1, 0
mse: 0.003513695252944103
----------------------
pred_str: -81, -81, -81, -81, -81
target_str: -81, -81, -81, -81, -81
mse: 0.0
----------------------
pred_str: 43, 43, 45, 46, 47
target_str: 91, 94, 71, 22, -10
mse: 0.029535136326355883
----------------------
pred_str: 1, 0, -2, -11, -8
target_str: 0, -8, -9, -8, -6
mse: 0.00039878400100437986
----------------------
pred_str: -7, -6, -7, -6, -5
target_str: 4, 15, 23, 20, 20
mse: 0.008675907045473238
----------------------
pred_str: 1, 12, 15, 22, 27
target_str: 1, 9, 15, 11, 5
mse: 0.001927979343438498
----------------------
pred_str: 100, 24, 25, 7, -6
target_str: 33, 24, 5, -5, -6
mse: 0.015803778559488536
----------------------
