pred_str: -1, -1, -1, -1, -2, -1, -2, -1, -1, -1, -1, -1, -1, -1, -1, -2, -2, -2, -2, -3, -3, -3, -3, -3, -3, -3, -3, -3, -3, -3, -3, -3, -4, -4, -4, -4, -5, -5, -5, -5, -5, -5, -5, -6, -6, -6, -6, -6, -6, -6, -6, -6, -6, -6, -6, -7, -6, -7, -7, -6, -7, -7, -7, -7, -7, -7, -6, -6, -7, -6, -8, -8, -9, -7, -9, -9, -8, -8, -8, -9, -9, -9, -9, -10, -9, -10, -9, -9, -10, -10, -10, -10, -10, -10
target_str: -3, -5, -4, -5, -5, -4, -6, -9, -9, -10, -6, -9, -9, -8, -3, -4, -7, -11, -8, -11, -10, -11, 89, 20, -37, -8, -12, -1, -3, 1, 7, 16, 25, 32, 32, 19, 5, -6, -8, -8, -9, -7, -7, -8, -7, -7, -9, -8, -11, -13
mse: 0.015454721346134457
----------------------
pred_str: -2, -9, -10, -12, -11, -11, -10, -9, -10, -10, -10, -11, -11, -12, -12, -12, -12, -12, -13, -12, -13, -14, -14, -14, -13, -12, -13, -14, -15, -16, -16, -16, -16, -17, -16, -16, -16, -16, -15, -16, -15, -15, -15, -16, -16, -15, -16, -15, -15, -16, -16, -16, -15, -16, -16, -16, -16, -16, -16, -16, -16, -16, -17, -16, -16, -16, -17, -16
target_str: -5, -8, -8, -6, -7, -5, -4, -6, -6, -8, -7, -3, -2, 1, -1, -10, -7, -14, -3, -26, 47, 82, -29, -2, -12, 0, -5, 2, 6, 12, 24, 33, 34, 21, 6, -4, -9, -10, -11, -9, -7, -6, -7, -7, -8, -9, -10, -8, -6, -3
mse: 0.024787799210678356
----------------------
pred_str: 10, 2, -2, -5, -2, -2, 2, 5, 17, 28, 24, 17, 7, -2, -7, -9, -10, -9, -10, -11, -10, -11, -11, -13, -11, -6, -11, -13, -14, -12, -12, -17, -14, -19, -15, -18, -25, -23, 41, 58, -16, -12, -16, -10, -8, -10, -1, 7, 17, 25, 23, 17, 2, -2, -10, -12, -11, -11, -11, -12, -11, -13, -14, -14, -11, -13, -13, -12, -17, -16, -15, -13, -23, -23, -29, -19, -28, -23, -23
target_str: -9, -10, -11, -13, -10, -6, -2, -13, -12, -17, -9, -33, 32, 64, -16, -7, -13, -7, -7, -2, 2, 9, 21, 27, 21, 10, -1, -2, -4, -8, -5, 2, 0, 0, 3, 0, 0, -2, -2, 0, 4, 5, -4, -4, -4, -2, -14, 78, 35, -7
mse: 0.032261522307212305
----------------------
pred_str: 18, 12, 1, -13, -1, -8, -2, 2, 6, 12, 17, 28, 33, 29, 16, 0, -6, -11, -10, -10, -7, -8, -9, -11, -11, -12, -12, -13, -12, -13, -14, -12, -12, -11, -10, -4, 1, -1, -11, -10, -19, 1, 98, -27, -12, -8, -5, -3, 2, 6, 13, 22, 31, 40, 38, 20, 2, -6, -11, -11, -11, -8, -7, -8, -8, -8, -10, -10, -11, -11, -12, -13, -13, -14
target_str: 0, -8, -9, -8, -6, -10, -10, -9, -8, -8, -10, -11, -11, -11, -12, -11, -12, -13, -11, -4, 4, 0, -7, -20, -4, -26, 89, 27, -34, 3, -13, 1, -1, 4, 9, 18, 26, 36, 40, 26, 3, -7, -11, -11, -10, -11, -9, -9, -8, -7
mse: 0.04096860104669533
----------------------
pred_str: -11, -1, -1, 4, 15, 27, 40, 48, 59, 56, 33, 14, -6, -10, -11, -14, -13, -16, -14, -17, -19, -19, -17, -15, -14, -1, 3, 13, 1, -16, -17, -21, 5, 95, -38, -24, -16, -7, -2, 3, 17, 29, 48, 58, 65, 64, 34, 11, -4, -5, -12, -10, -12, -13, -15, -16, -17, -18, -18, -17, -17, -12, -1
target_str: -17, -1, 12, 14, -24, -2, -49, 65, 57, -71, -6, -24, -4, -11, 2, 16, 34, 54, 61, 71, 55, 29, -7, -21, -20, -26, -25, -24, -25, -27, -28, -34, -32, -33, -31, -27, -25, -28, -36, -21, -4, 8, -4, -26, -12, -20, 104, -30, -56, -2
mse: 0.11414181538923379
----------------------
pred_str: -1, 1, 4, 1, -2, -2, -1, -1, -2, -1, 0, 2, 6, 12, 20, 37, 44, 31, 3, -2, -10, -9, -12, -12, -11, -10, -11, -10, -10, -11, -10, -11, -11, -12, -13, -11, -13, -14, -13, -13, -12, -11, -13, -15, -12, -12, -13, -12, -12, -13, -12, -12, -13, -12, -12, -11, -14, -12, -12, -12, -12, -12, -12, -13, -11, -13, -13, -12, -13, -13, -12, -13, -12, -12, -12, -13, -13, -13
target_str: -5, -7, -6, -6, -12, -4, -6, -8, -7, -4, -3, -6, -11, -5, -9, -5, -7, -8, -2, 2, -3, -5, -9, -5, -16, -4, -20, 50, 72, -15, 1, -11, -5, -10, -2, -5, -3, 3, 12, 25, 36, 40, 28, 5, -5, -11, -9, -9, -9, -8
mse: 0.02780299562339318
----------------------
pred_str: -9, -6, -2, -1, 0, 5, 21, 32, 42, 38, 19, 0, -9, -7, -10, -6, -5, -7, -5, -6, -6, -7, -6, -7, -7, -8, -7, -6, -4, -2, 1, 4, 14, 29, 38, 35, 21, 2, -12, -9, -9, -11, -8, -8, -7, -7, -9, -9, -10, -9, -10, -10, -10, -10, -10, -7, -3, 0, 4, 10, 24, 34, 36, 26, 6, -10, -11, -11, -11, -11, -12, -10, -10, -12, -11, -10, -11, -12, -11, -9, -11, -10, -7, -1
target_str: 6, -2, -15, -13, -17, 5, 87, -12, -11, -12, -11, -10, -5, -4, -6, 0, 7, 12, 24, 35, 34, 20, 4, -3, -9, -11, -11, -11, -10, -10, -8, -9, -9, -8, -10, -9, -8, -11, -9, -8, -9, 1, 4, -1, -14, -9, -20, 6, 99, -1
mse: 0.03849796500139239
----------------------
pred_str: -12, -12, -14, -14, -14, -15, -15, -15, -15, -15, -14, -14, -13, -12, -13, -13, -12, -11, -12, -13, -10, -12, -11, -11, -13, -12, -13, -13, -12, -11, -10, -10, -11, -12, -12, -11, -11, -12, -10, -11, -10, -10, -11, -11, -11, -11, -11, -12, -12, -11, -11, -10, -11, -12, -11, -11, -11, -11, -11, -10, -11, -11, -10, -11, -11, -11, -11
target_str: 7, -1, -1, 2, -12, -22, -23, -29, -20, -22, 75, 9, -34, -17, -28, -16, -23, -12, -10, 2, 11, 26, 38, 38, 14, -13, -20, -27, -30, -28, -29, -26, -27, -21, -20, -24, -16, -16, -7, -13, -24, -20, -27, -13, -30, 54, 60, -27, 0, -7
mse: 0.030298161414975936
----------------------
pred_str: -15, -12, -12, -15, -12, -14, -13, -16, -15, -16, -14, -13, -14, -13, -13, -14, -12, -13, -11, -11, -10, -10, -12, -11, -10, -11, -11, -10, -10, -10, -10, -11, -11, -11, -10, -11, -10, -12, -12, -13, -14, -14, -16, -14, -14, -14, -15, -14, -15, -13, -14, -15, -13, -14, -15, -13, -13, -14, -15, -14, -12, -13, -12, -12
target_str: 0, -8, -1, 5, 17, 0, -12, -14, -9, -13, 40, 85, -47, -10, -10, -6, -6, -5, 2, 7, 20, 48, 70, 58, 10, -11, -24, -25, -25, -20, -20, -15, -9, -16, -9, -12, -16, -13, -14, -11, -13, -7, 0, 14, -13, -14, -18, -8, -17, 65
mse: 0.03965675021565084
----------------------
pred_str: -1, 0, -1, 3, 1, 10, 13, 17, 14, 7, 3, 0, -1, -3, -3, -2, -2, -3, -4, -4, -4, -4, -5, -3, -4, -5, -11, -9, -14, 13, 32, -48, -26, -15, -12, -12, -11, -6, -1, -3, 1, 9, 14, 16, 10, 1, -3, -4, -6, -8, -11, -11, -12, -12, -12, -12, -11, -10, -11, -11, -15, -13, -15, -18, -21, 4, 23, -58, -26, -18, -15, -17, -16, -12
target_str: 0, 5, 10, 24, 37, 37, 26, 12, 3, 1, 1, 4, 4, 5, 4, 6, 5, 4, 5, 8, 6, -2, 0, -9, 11, 36, -56, -33, -21, -24, -28, -30, -28, -18, -4, 7, 2, -10, -13, -12, -8, -6, -3, -1, 0, 1, 2, 2, 5, 4
mse: 0.015386038056550975
----------------------
pred_str: -2, -13, -16, -13, -16, -14, -20, -17, -13, -16, -17, -12, -17, -18, -16, -14, -12, -13, -10, -15, -20, -22, -18, -25, -23, -33, -29, -32, -26, -12, -1, -10, -10, -7, 3, 12, 21, 41, 62, 86, 97, 72, 36, 1, -10, -14, -11, -15, -11, -12, -8, -10, -11, -13, -11, -17, -16, -20, -16, -11, -14, -1, -13, -1
target_str: -12, -9, -14, -18, -12, 8, -14, -19, -22, -22, -18, 60, 46, -41, -15, -22, -9, -13, -1, 2, 8, 31, 46, 72, 83, 74, 30, 0, -21, -20, -23, -25, -23, -17, -24, -23, -23, -29, -34, -32, -24, -18, -6, -21, -21, -25, -21, -21, 66, 42
mse: 0.1201231487221038
----------------------
pred_str: -13, -16, -10, -2, 1, 14, 41, 61, 91, 83, 52, 14, 0, -9, -16, -15, -17, -14, -11, -10, -4, -3, -3, -4, -7, -4, -12, -10, -11, -12, -9, -11, -10, -7, -7, -5, -12, -12, -14, -11, -18, -10, -18, -12, -15, -10, -14, -16, -12, -18, -18, -21, -17, -17, -17, -17, -16, -14, -13, -12, -14, -14, -15
target_str: -10, -6, -13, -6, 14, 114, -24, -51, -12, -20, -6, -7, 3, 5, 20, 38, 73, 93, 95, 71, 25, 3, -8, -13, -9, -12, -6, -10, -8, -5, -6, -8, -10, -10, -20, -27, -22, -31, -24, -22, -27, -17, -17, -15, -7, -6, -20, -21, -20, -35
mse: 0.09506944706175226
----------------------
pred_str: -10, -18, -18, -17, -13, -17, -12, -14, -17, -18, -18, -14, -11, -1, -12, -10, -15, -21, -18, -15, -19, -18, -18, 75, 33, -24, -13, -13, -13, -9, -8, -5, -3, -6, -7, -1, -14, -19, -16, -19, -22, -20, 44, 100, -18, -11, -13, -12, -10, -14, -13, -10, -12, -14, -13, -15, -12, -15
target_str: -12, -2, -8, 0, 4, 9, 16, 19, 51, 62, 65, 58, 33, -1, -11, -19, -17, -12, -11, -2, -2, 0, -3, 0, 10, 2, -15, -27, -24, -29, -29, -28, 2, 103, 17, -37, -12, -21, -14, -12, -6, -1, 1, 26, 44, 71, 62, 34, 2, -11
mse: 0.0770302716475765
----------------------
pred_str: -10, -15, -13, -13, -15, -14, -13, -10, -11, -13, -16, -10, -10, -9, -12, -2, 0, 4, -6, -11, -1, -10, -12, -15, 24, 92, 0, -12, -9, -3, -5, -7, 1, 8, 18, 24, 31, 37, 16, 5, 2, -6, -11, -12, -11, -13, -11, -11, -10, -12, -10, -14, -13, -2, 0, -14, -14, -11, -21, -12, 93, 33, -13, -17, -14, -14, -17, -11, -11, 2, 10, 18, 17, 13
target_str: -4, -1, -4, -6, -1, 2, 14, 9, 26, 37, 38, 18, 4, 0, -7, -15, -15, -5, -8, -17, -13, -8, -14, -13, -12, -9, -5, -13, -14, -22, -11, -31, 31, 70, -9, -9, -14, -11, -15, 1, -5, 3, 10, 25, 27, 29, 16, -1, -16, -13
mse: 0.040080624231366026
----------------------
pred_str: 5, 3, -1, -2, -1, -4, -6, -4, -7, -6, -7, -5, -5, -6, -7, -7, -7, -6, -6, -6, -5, -3, -4, -5, -9, -7, -16, 58, 62, -17, 0, -8, -2, -3, 0, 4, 10, 15, 18, 15, 1, -3, -5, -5, -4, -5, -5, -5, -5, -5, -5, -5, -5, -5, -5, -5, -5, -5, -4, -4, -4, -5, -9, -11, -22, 9, 106, 44, -23, -4, -8, -2, -2, 1, 5, 12, 16, 21, 16, 0, -4, -5, -5, -4, -4, -5, -5, -5, -4, -5, -5, -5, -5, -5, -6, -6, -5, -4
target_str: -1, -7, -8, -8, -9, -9, -8, -8, -8, -8, -7, -8, -7, -7, -8, -8, -6, -4, -5, -5, -12, -5, -24, 56, 82, -14, -3, -10, -3, -5, 0, 3, 9, 16, 22, 15, 6, -4, -6, -7, -7, -7, -6, -7, -6, -7, -6, -6, -7, -7
mse: 0.024306034993742794
----------------------
pred_str: 1, 1, 0, -4, -7, -11, -13, -15, -15, -15, -14, -13, -13, -15, -13, -12, -11, -11, -14, -12, -10, -13, -12, -12, -13, -10, -13, -14, -12, -10, -11, -14, -12, -11, -10, -10, -13, -11, -11, -12, -12, -14, -12, -13, 35, 73, -11, -2, -6, 1, 3, 6, 13, 27, 35, 29, 14, -5, -6, -5, -7, -10, -9, -11, -13, -13, -12, -12, -12, -14, -12, -14, -15, -12
target_str: 12, 18, 30, 37, 39, 26, -1, -14, -9, -15, -22, -14, -19, -16, -20, -16, -19, -20, -21, -18, -15, -13, -19, -19, -23, -15, -31, 58, 67, -27, -7, -16, -3, -10, -6, 7, 5, 25, 37, 47, 33, 8, 0, -9, -8, -10, -10, -13, -11, -8
mse: 0.038057410758206914
----------------------
pred_str: 25, 20, 18, 18, 17, 22, 21, 17, 9, 1, 0, 2, 5, 1, 3, 3, 0, 3, 1, 4, 10, 3, -4, -6, -12, -11, -14, -14, -18, -15, -16, -16, -13, -15, -14, -15, -14, -16, -15, -15, -15, -16, -15, -15, -16, -16, -17, -16, -17, -16, -17, -16, -16, -16, -17, -17, -16, -17, -17, -17, -17, -17, -17, -18, -17, -17, -17, -17, -17, -17, -17
target_str: 38, 46, 43, 30, 20, 20, 18, 8, -2, -7, -12, -15, -17, -21, -23, -23, -25, -27, -28, -27, -23, -28, -27, -33, -25, -44, 54, 18, -36, -25, -33, -26, -30, -24, -24, -21, -14, -9, -3, -1, -5, -11, -14, -14, -12, -13, -11, -11, -10, -6
mse: 0.019884793524268994
----------------------
pred_str: -2, -18, -26, -41, 27, 88, -65, -20, -18, -6, -4, 2, 8, 14, 27, 41, 56, 65, 66, 46, 19, 2, -8, -11, -13, -10, -14, -11, -13, -14, -12, -13, -15, -14, -12, -12, -10, -1, -10, -10, -15, -23, -18, -26, -21, -34, 100, -18, -54, -1, -15, -3, 0, 3, 7, 16, 28, 46, 60, 64, 44, 12, -4, -11
target_str: 0, -1, 0, -3, -6, -6, -6, -9, -8, -3, 0, 2, -9, -14, -12, -20, -19, 81, -24, -44, -1, -6, -1, 1, 3, 10, 20, 27, 46, 59, 63, 43, 14, -5, -11, -10, -10, -11, -6, -9, -10, -6, -9, -8, -12, -11, -10, 0, -11, -12
mse: 0.08115617497184135
----------------------
pred_str: -22, -20, -20, -16, -20, -18, -16, -14, -14, -12, -15, -14, -16, -13, -17, -18, -17, -16, -19, -17, -21, -19, -17, -21, -19, -13, -24, -18, -17, -12, -13, -13, -10, -11, -16, -20, -22, 1, 36, -33, -13, -4, -3, -1, 1, 11, 21, 34, 53, 82, 88, 88, 64, 22, -12, -20, -23, -24
target_str: 91, 94, 71, 22, -10, -12, -33, -25, -29, -17, -19, -17, -17, -16, -17, -16, -21, -19, -20, -22, -16, -17, -28, -22, -17, -3, 3, -22, -18, -32, 48, 25, -52, -7, -11, 0, 2, 20, 21, 41, 54, 76, 98, 79, 67, 24, -10, -19, -23, -17
mse: 0.1012067895809619
----------------------
pred_str: -11, -11, -11, -13, -15, -11, -14, -15, -12, -14, -13, -11, -12, -12, -10, -11, -10, -11, -11, -13, -12, -11, -12, -13, -12, -10, -11, -12, -13, -13, -13, -11, -13, -14, -13, -14, -13, -14, -14, -15, -13, -14, -15, -14, -14, -15, -14, -15, -15, -15, -15, -14, -14, -14, -13, -14, -15, -15, -15, -15, -15, -15, -16, -16, -15, -15, -14, -15, -15, -14, -15, -16
target_str: -7, -8, -9, -6, -14, -8, -5, -3, -2, -13, -12, -20, -15, -24, 82, 37, -24, -3, -16, -6, -7, -3, 5, 11, 24, 29, 33, 20, 3, -4, -12, -11, -10, -9, -10, -4, -4, -6, -9, -5, -10, -7, -9, -11, -6, -7, -8, -8, -4, 0
mse: 0.019520772089476543
----------------------
pred_str: 21, 22, 36, 40, 43, 47, 31, 11, -7, -11, -11, -7, -16, -10, 1, -10, -14, -7, -7, -11, -3, 13, -13, -1, -10, -27, 2, 15, -96, -72, -12, -6, 8, 12, 18, 31, 46, 51, 46, 24, 7, -14, -12, -12, -12, -18, -10, -2, -2, -18, -10, -6, -7, 1, -14, -12, -11, -3, 0, 1, -24, -13, -13, -11, -14, -2, 0, 2, -12, -19, -16, -1
target_str: -1, -15, -4, 6, 0, -20, -5, -10, 22, -70, -105, 0, -12, 2, 15, 16, 14, 22, 49, 63, 34, 29, 16, 0, -10, -6, -5, 0, -3, -5, 0, 0, -5, -10, 0, 0, -5, -14, 3, 15, -17, -4, -15, 29, -42, -116, -10, -3, 4, 12
mse: 0.0766907799590639
----------------------
pred_str: -15, -12, -14, -12, -15, -17, -17, -12, -11, -12, -12, -15, -17, -16, -16, 100, 11, -19, -13, -12, -11, -16, -11, -11, -10, -13, -10, -8, -6, -9, -9, -5, -8, -6, -5, 0, 2, -5, -13, -11, -16, -11, -15, -12, 6, 103, 12, -19, -9, -11, -10, -12, -10, -11, -10, -13, -10, -13, -10, -13, -10, -10, -10, -11, -10, -11, -13, -12, 5, -5, -14, -14, -14
target_str: -25, -5, -16, -11, -10, -4, 2, -2, 5, 22, 41, 31, 1, 3, 1, -8, -20, -7, -2, -8, -6, -9, -6, -3, -11, -2, -15, 6, 11, 5, -15, -25, 2, -12, -14, -4, 105, 30, -20, -8, -22, 2, -7, -6, -3, 3, 14, 24, 32, 23
mse: 0.048720000871116775
----------------------
pred_str: -18, -22, -27, -29, -23, -25, -17, -19, -16, -11, -10, -1, 0, -9, -22, -17, -27, -16, 30, -41, -23, -15, -12, -4, 0, 13, 20, 33, 49, 75, 100, 100, 77, 44, -2, -10, -11, -19, -10, -14, -12, -12, -15, -13, -11, -18, -16, -17, -17, -16, -13, -21, -11, -17, -12, -11, -5, -4, -12, -12, -15, -13, -12, -10
target_str: 92, 55, 11, -11, -13, -21, -24, -10, -11, -12, -15, -19, -9, -15, -22, -15, -15, -20, -18, -17, -14, -11, -17, -6, 6, -6, 0, -26, -15, -28, 1, 33, -56, -12, -10, -7, -3, 5, 7, 15, 24, 55, 81, 98, 89, 53, 21, -6, -21, -13
mse: 0.12120049517871326
----------------------
pred_str: 1, 10, 14, 25, 17, 2, -7, -1, -8, -7, -5, -5, -7, -7, -9, -6, -5, -6, -5, -7, -8, -6, -7, -7, -6, -5, -6, -1, -4, -10, -15, 44, 86, -26, -2, -16, -8, -6, -6, -4, -3, 7, 8, 15, 24, 18, 11, -3, -6, -8, -7, -6, -5, -6, -6, -5, -5, -6, -7, -6, -7, -8, -7, -9, -5, -3, 4, -5, -10, -20, 28, 75, -28, -1, -16, -8, -8, -7, -8, -4, 0, 6, 12, 24, 21, 11, -4, -5, -7, -5, -5, -5, -5, -6
target_str: 4, 15, 23, 20, 20, 8, 0, -8, -12, -10, -6, -4, -7, -8, -9, -4, -3, -8, -5, -2, 0, -8, -10, -14, 99, 20, -23, -5, -14, -8, -1, -4, -2, 7, 14, 27, 24, 9, 0, -5, -4, -7, -8, -7, -6, -5, -3, -10, -9, -6
mse: 0.029318933943485736
----------------------
pred_str: -12, -18, -24, -20, -12, -12, -10, -20, -19, -23, -22, -16, -10, -5, -10, -15, -21, -25, -19, -22, -28, -11, -1, -11, -16, -14, -21, -17, -20, -14, -16, -15, -14, -13, -10, -9, -14, -2, -16, -25, -18, -30, -40, 56, 87, -92, -11, -15, 0, 2, 13, 24, 38, 56, 73, 82, 66, 17, -7, -11, -15, -12
target_str: -2, 3, 3, -1, -12, 1, -21, 30, 111, -74, -28, -10, 0, 0, 3, 9, 17, 39, 55, 64, 63, 21, -1, -17, -20, -25, -21, -17, -14, -16, -19, -20, -21, -17, -20, -20, -19, -2, -5, -17, -19, -25, -18, -26, 112, -43, -61, -6, -11, 1
mse: 0.06504013166600309
----------------------
