pred_str: 29, 57, 58, 40, 19, 0, -17, -24, -23, -19, -19, -18, -18, -18, -18, -18, -18, -18, -18, -18, -18, -18, -18, -18, -18, -18, -18, -18, -18, -18, -18, -18, -18, -18, -18, -18, -18, -18, -18, -18, -18, -18, -18, -18, -18, -18, -18, -18, -18, -18, -18, -18, -18, -18, -18, -18, -18, -18, -18, -18, -18, -18, -18, -18, -18, -18, -18, -18, -18, -18, -18, -18, -18, -18, -18, -18, -18, -18, -18, -18, -18, -18, -18, -18, -18, -18, -18, -18, -18, -18, -18, -18, -18, -18, -18, -18, -18, -18, -18, -18, -18, -18, -18, -18, -18, -18, -18, -18, -18, -18, -18, -18, -18, -18, -18, -18, -18, -18, -18, -18, -18, -18, -18, -18, -18, -18, -18, -18, -1
target_str: -10, -8, 3, -1, 0, -16, -10, -22, 50, 25
mse: 0.03377229307623257
----------------------
pred_str: 4, 15, 18, 11, 10, 7, 14, 10, 14, 14, 14, 10, 12, 16, 15, 15, 12, 11, 13, 11, 11, 11, 11, 10, 10, 10, 11, 12, 13, 12, 12, 12, 12, 12, 12, 11, 11, 11, 11, 11, 11, 11, 11, 11, 11, 11, 11, 11, 11, 11, 11, 11, 11, 11, 11, 11, 11, 11, 11, 11, 11, 11, 11, 11, 11, 11, 11, 11, 11, 11, 11, 11, 11, 11, 11, 11, 11, 11, 11, 11, 11, 11, 11, 11, 11, 11, 11, 11, 11, 11, 11, 11, 11, 11, 11, 11, 11, 11, 11, 11, 11, 11, 11, 11, 11, 11, 11, 11, 11, 11, 11, 11, 11, 11, 11, 11, 11, 11, 11, 11, 11, 11, 11, 11, 11, 11, 11, 11, 11
target_str: 72, -92, -16, -7, 1, 4, 8, 10, 22, 39
mse: 0.03373739485637896
----------------------
pred_str: 0, -12, -27, -43, -59, -75, -91, -107, -123, -141, -159, -177, -195, -213, -231, -249, -267, -285, -303, -321, -339, -357, -375, -393, -411, -429, -447, -465, -483, -501, -519, -537, -555, -573, -591, -609, -627, -645, -663, -681, -701, -719, -737, -755, -773, -791, -809, -827, -845, -863, -881, -899, -917, -935, -953, -971, -989, -1007, -1025, -1043, -1061, -1079, -1097, -1115, -1133, -1151, -1169, -1187, -1205, -1223, -1241, -1259, -1277, -1295, -1313, -1331, -1349, -1367, -1385, -1403, -1421, -1439, -1457, -1475, -1493, -1511, -1529, -1547, -1565, -1583, -1601, -1619, -1637, -1655, -1673, -1691, -1
target_str: 91, 94, 71, 22, -10, -12, -33, -25, -29, -17
mse: 0.1359487705623772
----------------------
pred_str: 100, -28, -27, -26, -25, -24, -23, -22, -21, -20, -19, -18, -17, -16, -15, -14, -13, -12, -11, -10, -9, -8, -7, -6, -5, -4, -3, -2, -1, 0, 1, 2, 3, 4, 5, 6, 7, 8, 9, 10, 11, 12, 13, 14, 15, 16, 17, 18, 19, 20, 21, 22, 23, 24, 25, 26, 27, 28, 29, 30, 31, 32, 33, 34, 35, 36, 37, 38, 39, 40, 41, 42, 43, 44, 45, 46, 47, 48, 49, 50, 51, 52, 53, 54, 55, 56, 57, 58, 59, 60, 61, 62, 63, 64, 65, 66, 67, 68, 69, 70, 71, 72, 73, 74, 75, 76, 77, 78, 79, 80, 81, 82, 83, 84, 85, 86, 87, 88, 89, 90, 91, 92, 93, 94, 95, 96, 97, 98, 99, 100



target_str: -16, -1, 11, 13, -23, -2, -47, 62, 55, -68
mse: 0.06125555958516103
----------------------
pred_str: 14, 18, 13, 14, 10, 0, -1, -3, -4, -2, -5, -5, -4, -4, -5, -5, -6, -7, -7, -8, -8, -9, -10, -11, -12, -13, -14, -15, -16, -17, -18, -19, -20, -21, -22, -23, -24, -25, -26, -27, -28, -29, -30, -31, -32, -33, -34, -35, -36, -37, -38, -39, -40, -41, -42, -43, -44, -45, -46, -47, -48, -49, -50, -51, -52, -53, -54, -55, -56, -57, -58, -59, -60, -61, -62, -63, -64, -65, -66, -67, -68, -69, -70, -71, -72, -73, -74, -75, -76, -77, -78, -79, -80, -81, -82, -83, -84, -85, -86, -87, -88, -89, -90, -91, -92, -93, -94, -95, -96, -97, -98, -99, -100, -101, -102, -103, -104, -105, -106, -107, -108, -109, -110, -111, -112, -113, -114, -115, -1
target_str: -1, 0, 4, -17, 0, -29, 47, 76, -41, -8
mse: 0.0229262936954117
----------------------
pred_str: 14, 58, 42, 32, 33, 30, 22, 17, 16, 11, 12, 11, 10, 11, 12, 14, 13, 14, 14, 12, 12, 12, 12, 12, 12, 12, 12, 12, 12, 12, 12, 12, 12, 12, 12, 12, 12, 12, 12, 12, 12, 12, 12, 12, 12, 12, 12, 12, 12, 12, 12, 12, 12, 12, 12, 12, 12, 12, 12, 12, 12, 12, 12, 12, 12, 12, 12, 12, 12, 12, 12, 12, 12, 12, 12, 12, 12, 12, 12, 12, 12, 12, 12, 12, 12, 12, 12, 12, 12, 12, 12, 12, 12, 12, 12, 12, 12, 12, 12, 12, 12, 12, 12, 12, 12, 12, 12, 12, 12, 12, 12, 12, 12, 12, 12, 12, 12, 12, 12, 12, 12, 12, 12, 12, 12, 12, 12, 12, 
target_str: 34, 24, 7, -4, -10, -15, -17, -13, -15, -12
mse: 0.021787509679135845
----------------------
pred_str: 0, -2, -2, -1, -2, -2, -1, -1, -1, -1, -1, -1, -1, -1, -1, -1, -1, -1, -1, -1, -1, -1, -1, -1, -1, -1, -1, -1, -1, -1, -1, -1, -1, -1, -1, -1, -1, -1, -1, -1, -1, -1, -1, -1, -1, -1, -1, -1, -1, -1, -1, -1, -1, -1, -1, -1, -1, -1, -1, -1, -1, -1, -1, -1, -1, -1, -1, -1, -1, -1, -1, -1, -1, -1, -1, -1, -1, -1, -1, -1, -1, -1, -1, -1, -1, -1, -1, -1, -1, -1, -1, -1, -1, -1, -1, -1, -1, -1, -1, -1, -1, -1, -1, -1, -1, -1, -1, -1, -1, -1, -1, -1, -1, -1, -1, -1, -1, -1, -1, -1, -1, -1, -1, -1, -1, -1, -1, -1, -1, -1, -1, -1, -1, -1, -1, -1, -1, -1, -1, -1, -1, -1, -1, -1, -1, -1, -1, -1, -1, -1, -1, -1, -1, -1, -1, -1, -1, -1, -1, -1, -1, -1, -1, -1, -1, -1, -1, -1, -1, -1, -1,
target_str: -5, -6, -5, -5, -1, 0, 4, 9, 10, 5
mse: 0.0006483721899118997
----------------------
pred_str: 4, -14, -11, -14, -11, -13, -12, -11, -10, -9, -10, -8, -8, -8, -8, -8, -8, -8, -8, -8, -8, -8, -8, -8, -8, -8, -8, -8, -8, -8, -8, -8, -8, -8, -8, -8, -8, -8, -8, -8, -8, -8, -8, -8, -8, -8, -8, -8, -8, -8, -8, -8, -8, -8, -8, -8, -8, -8, -8, -8, -8, -8, -8, -8, -8, -8, -8, -8, -8, -8, -8, -8, -8, -8, -8, -8, -8, -8, -8, -8, -8, -8, -8, -8, -8, -8, -8, -8, -8, -8, -8, -8, -8, -8, -8, -8, -8, -8, -8, -8, -8, -8, -8, -8, -8, -8, -8, -8, -8, -8, -8, -8, -8, -8, -8, -8, -8, -8, -8, -8, -8, -8, -8, -8, -8, -8, -8, -8, -8, -8, -8, -8, -8, -8, -8, -8, -8, -8, -8, -8, -8, -8, -8, -8, -8, -8, -8, -8, -8, -8, -8, -8, -8, -8, -8, -8, -8, -8, -8, -8, -8, -8, -8, -8, -8, -8, -8, -8,
target_str: 30, 42, 45, 36, 10, -4, -7, -11, -14, -8
mse: 0.01838952511444175
----------------------
pred_str: 26, -19, -24, -15, -10, -3, -17, 2, 12, 35, 57, 79, 101, 89, 78, 51, 25, 23, 29, 20, 13, 18, -1, -9, -11, -8, -14, -9, -15, -27
target_str: -14, 5, -6, 0, -13, 3, -15, 0, -14, -2
mse: 0.008858637597578161
----------------------
pred_str: 22, -13, -3, -2, 2, 7, 10, 12, 14, 17, 19, 22, 24, 25, 26, 27, 28, 29, 30, 31, 32, 33, 34, 35, 36, 37, 38, 39, 40, 41, 42, 43, 44, 45, 46, 47, 48, 49, 50, 51, 52, 53, 54, 55, 56, 57, 58, 59, 60, 61, 62, 63, 64, 65, 66, 67, 68, 69, 70, 71, 72, 73, 74, 75, 76, 77, 78, 79, 80, 81, 82, 83, 84, 85, 86, 87, 88, 89, 90, 91, 92, 93, 94, 95, 96, 97, 98, 99, 100, 101, 102, 103, 104, 105, 106, 107, 108, 109, 110, 111, 112, 113, 114, 115, 116, 117, 118, 119, 120, 121, 122, 123, 124, 125, 126, 127, 128, 129, 130, 131, 132,
target_str: 9, 0, -8, -8, -11, -10, -9, -8, -8, -4
mse: 0.004670851215144363
----------------------
pred_str: 1, -15, -18, -21, -26, -30, -36, -42, -48, -56, -62, -68, -74, -80, -86, -92, -98, -100, -102, -102, -102, -102, -102, -102, -102, -102, -102, -102, -102, -102, -102, -102, -102, -102, -102, -102, -102, -102, -102, -102, -102, -102, -102, -102, -102, -102, -102, -102, -102, -102, -102, -102, -102, -102, -102, -102, -102, -102, -102, -102, -102, -102, -102, -102, -102, -102, -102, -102, -102, -102, -102, -102, -102, -102, -102, -102, -102, -102, -102, -102, -102, -102, -102, -102, -102, -102, -102, -102, -102, -102, -102, -102, -102, -102, -102, -102, -102, -102, -102, -102, -102, -102, -102, -102, -102, -102, -
target_str: 0, -8, -9, -8, -6, -10, -10, -9, -8, -8
mse: 0.012432950009953675
----------------------
pred_str: 14, 11, -15, -20, -19, -18, -17, -16, -15, -14, -13, -12, -11, -10, -9, -8, -7, -6, -5, -4, -3, -2, -1, 0, 1, 2, 3, 4, 5, 6, 7, 8, 9, 10, 11, 12, 13, 14, 15, 16, 17, 18, 19, 20, 21, 22, 23, 24, 25, 26, 27, 28, 29, 30, 31, 32, 33, 34, 35, 36, 37, 38, 39, 40, 41, 42, 43, 44, 45, 46, 47, 48, 49, 50, 51, 52, 53, 54, 55, 56, 57, 58, 59, 60, 61, 62, 63, 64, 65, 66, 67, 68, 69, 70, 71, 72, 73, 74, 75, 76, 77, 78, 79, 80, 81, 82, 83, 84, 85, 86, 87, 88, 89, 90, 91, 92, 93, 94, 95, 96, 97, 98, 99, 100, 101, 102, 103, 104, 105, 106, 107,
target_str: 0, 5, 10, 24, 37, 37, 26, 12, 3, 1
mse: 0.02229077874439324
----------------------
pred_str: 0, -2, -11, -17, -21, -23, -22, -21, -20, -19, -18, -17, -16, -15, -14, -13, -12, -11, -10, -9, -8, -7, -6, -5, -4, -3, -2, -1, 0, 1, 2, 3, 4, 5, 6, 7, 8, 9, 10, 11, 12, 13, 14, 15, 16, 17, 18, 19, 20, 21, 22, 23, 24, 25, 26, 27, 28, 29, 30, 31, 32, 33, 34, 35, 36, 37, 38, 39, 40, 41, 42, 43, 44, 45, 46, 47, 48, 49, 50, 51, 52, 53, 54, 55, 56, 57, 58, 59, 60, 61, 62, 63, 64, 65, 66, 67, 68, 69, 70, 71, 72, 73, 74, 75, 76, 77, 78, 79, 80, 81, 82, 83, 84, 85, 86, 87, 88, 89, 90, 91, 92, 93, 94, 95, 96, 97, 98, 99, 100, 101, 102, 103, 1
target_str: 0, -1, 0, -3, -6, -6, -6, -9, -8, -3
mse: 0.002997573410584193
----------------------
pred_str: 2, -14, -24, -42, -61, -83, -102, -125, -144, -162, -180, -196, -204, -210, -210, -206, -202, -198, -194, -188, -182, -176, -170, -164, -158, -152, -146, -140, -134, -128, -122, -116, -110, -104, -100, -96, -92, -88, -84, -80, -76, -72, -68, -64, -60, -56, -52, -48, -44, -40, -36, -32, -28, -24, -20, -16, -12, -8, -4, 0, 4, 12, 24, 35, 34, 20, 4, -3, -9, -11, -11, -11, -10, -10, -9, -8, -9, 1, 4, -1, -14, -9, -20, 6, 99, -1, -9, -13, -13, -7, -9, -4, -2, -1, 7, 18, 31
target_str: 6, -2, -15, -13, -17, 5, 87, -12, -11, -12
mse: 0.18264809897175413
----------------------
pred_str: 2, -3, -4, -4, -5, -6, -6, -5, -5, -5, -5, -6, -6, -7, -7, -8, -8, -8, -8, -9, -9, -9, -9, -10, -10, -10, -11, -11, -11, -12, -12, -12, -13, -13, -13, -14, -14, -14, -15, -15, -15, -16, -16, -16, -16, -17, -17, -17, -18, -18, -18, -19, -19, -19, -20, -20, -21, -21, -22, -22, -23, -23, -24, -24, -25, -25, -26, -26, -27, -27, -28, -28, -29, -29, -30, -30, -31, -31, -32, -32, -33, -33, -34, -34, -35, -35, -36, -36, -37, -37, -38, -38, -39, -39, -40, -40, -41, -41, -42, -42, -43, -43, -44, -44, -45, -45, -46, -46, -47, -47, -48, -48, -49, -49, -50, -50, -51, -51, -52, -52, -53, -53, -54, -54, -55, -55, -56, -56, -57, -57, -58, -58, -59, -59,
target_str: 12, 4, -1, -3, -5, -4, -3, -3, -5, -4
mse: 0.00032510446916262384
----------------------
pred_str: 12, 31, 40, 28, 11, -3, -11, -10, -13, -10, -12, -10, -13, -12, -12, -13, -13, -12, -12, -12, -12, -12, -12, -12, -12, -12, -12, -12, -12, -12, -12, -12, -12, -12, -12, -12, -12, -12, -12, -12, -12, -12, -12, -12, -12, -12, -12, -12, -12, -12, -12, -12, -12, -12, -12, -12, -12, -12, -12, -12, -12, -12, -12, -12, -12, -12, -12, -12, -12, -12, -12, -12, -12, -12, -12, -12, -12, -12, -12, -12, -12, -12, -12, -12, -12, -12, -12, -12, -12, -12, -12, -12, -12, -12, -12, -12, -12, -12, -12, -12, -12, -12, -12, -12, -12, -12, -12, -12, -12, -12, -12, -12, -12, -12, -12, -12, -12, -12, -12, -12, -12, -12, -12, -12, -12, -12, -12, -12, -1
target_str: 3, -11, -2, -1, 2, 5, 13, 27, 35, 41
mse: 0.02102158559076966
----------------------
pred_str: 12, 1, 1, 1, 3, 1, 3, 0, 1, 2, 3, 1, 2, 3, 4, 2, 1, 1, 1, 2, 3, 2, 1, 2, 3, 1, 1, 1, 1, 2, 1, 3, 1, 2, 3, 1, 1, 2, 1, 3, 2, 1, 1, 2, 3, 1, 1, 2, 3, 1, 1, 2, 3, 1, 1, 2, 3, 1, 1, 2, 3, 1, 1, 2, 3, 1, 1, 2, 3, 1, 1, 2, 3, 1, 1, 2, 3, 1, 1, 2, 3, 1, 1, 2, 3, 1, 1, 2, 3, 1, 1, 2, 3, 1, 1, 2, 3, 1, 1, 2, 3, 1, 1, 2, 3, 1, 1, 2, 3, 1, 1, 2, 3, 1, 1, 2, 3, 1, 1, 2, 3, 1, 1, 2, 3, 1, 1, 2, 3, 1, 1, 2, 3, 1, 1, 2, 3, 1, 1, 2, 3, 1, 1, 2, 3, 1, 1, 2, 3, 1, 1, 2, 3, 1, 1, 2, 3, 1, 1, 2, 3, 1, 1, 2, 3, 1, 1, 2, 3, 1, 1
target_str: -23, -41, -15, 70, -55, -26, -25, -18, -12, -13
mse: 0.024981615169948283
----------------------
pred_str: 4, 3, 1, -1, -1, 1, -2, -2, -2, -3, -3, -3, -4, -4, -5, -5, -6, -6, -6, -7, -7, -7, -8, -8, -9, -9, -10, -10, -11, -11, -12, -12, -13, -13, -14, -14, -15, -15, -16, -16, -17, -17, -18, -18, -19, -19, -20, -20, -21, -21, -22, -22, -23, -23, -24, -24, -25, -25, -26, -26, -27, -27, -28, -28, -29, -29, -30, -30, -31, -31, -32, -32, -33, -33, -34, -34, -35, -35, -36, -36, -37, -37, -38, -38, -39, -39, -40, -40, -41, -41, -42, -42, -43, -43, -44, -44, -45, -45, -46, -46, -47, -47, -48, -48, -49, -49, -50, -50, -51, -51, -52, -52, -53, -53, -54, -54, -55, -55, -56, -56, -57, -57, -58, -58, -59, -59, -60, -60, -61, -61, -62, -62, -63, -63, -64
target_str: 3, 10, 23, 38, 55, 68, 67, 53, 23, 2
mse: 0.03327453425621522
----------------------
pred_str: 1, -2, 0, -4, -6, -10, -12, -14, -16, -18, -20, -22, -24, -26, -28, -30, -32, -34, -36, -38, -40, -42, -44, -46, -48, -50, -52, -54, -56, -58, -60, -62, -64, -66, -68, -70, -72, -74, -76, -78, -80, -82, -84, -86, -88, -90, -92, -94, -96, -98, -100, -102, -104, -106, -108, -110, -112, -114, -116, -118, -120, -122, -124, -126, -128, -130, -132, -134, -136, -138, -140, -142, -144, -146, -148, -150, -152, -154, -156, -158, -160, -162, -164, -166, -168, -170, -172, -174, -176, -178, -180, -182, -184, -186, -188, -190, -192, -194, -196, -198, -200, -202, -204, -206, -208, -210, -212, -214, -216, -218, -220, -222, -224, -22
target_str: -3, -5, -4, -5, -5, -4, -6, -9, -9, -10
mse: 0.0004646973485770838
----------------------
pred_str: 10, -10, -21, -35, -35, -28, -17, -10, -6, -1, 10, 21, 35, 44, 10, -9, -10, -21, -35, -35, -28, -17, -10, -6, 0, 10, 21, 35, 44, 10, -9, -10, -21, -35, -35, -28, -17, -10, -6, 0, 10, 21, 35, 44, 10, -9, -10, -21, -35, -35, -28, -17, -10, -6, 0, 10, 21, 35, 44, 10, -9, -10, -21, -35, -35, -28, -17, -10, -6, 0, 10, 21, 35, 44, 10, -9, -10, -21, -35, -35, -28, -17, -10, -6, 0, 10, 21, 35, 44, 10, -9, -10, -21, -35, -35, -28, -17, -10, -6, 0, 10, 21, 35, 44, 10, -9, -10, -21, -35, -35, -28, -17, -10, -6, 0, 10, 21, 35, 44, 10, -9, -10, -21, -35, -35, -28, -17, -10, -6, 0, 10, 21, 35, 44, 10
target_str: 0, -8, -1, 5, 17, 0, -12, -14, -9, -13
mse: 0.010627426319632437
----------------------
pred_str: 10, 4, 0, -1, -14, -20, -10, -18, -17, -26, -14, -36, -21, -35, -13, -23, -14, -16, -14, -11, -11, -22, -11, -15, -14, -11, -2, 11, 13, 22, 33, 52, 68, 84, 87, 65, 4, -3, -7, -12, -13, -16, -16, -17, -19, -16, -16, -18, -18, -19, -20, -21, -16, -19, -21, -15, -21, -18, -22, -20, -22, -20, -22, -21, -21, -21, -20, -19, -19, -20, -19, -19, -19, -19, -19, -19, -19, -19, -19, -19, -19, -19, -19, -19, -19, -19, -19, -19, -19, -19, -19, -19, -19, -19, -19, -19, -19, -19, -19, -19, -19, -19, -19, -19, -19, -19, -19, -19, -19, -19, -19, -19, -19, -19, -19, -19, -19, -19, -19, -19, -19, -19, -19, -19, -19, -19, -19, -19, -19, -19,
target_str: 92, 55, 11, -11, -13, -21, -24, -10, -11, -12
mse: 0.0184409540700155
----------------------
pred_str: 19, -10, -30, 0, 4, -17, -31, -39, -44, -47, -51, -53, -57, -59, -61, -62, -64, -65, -66, -66, -66, -66, -66, -66, -66, -66, -66, -66, -66, -66, -66, -66, -66, -66, -66, -66, -66, -66, -66, -66, -66, -66, -66, -66, -66, -66, -66, -66, -66, -66, -66, -66, -66, -66, -66, -66, -66, -66, -66, -66, -66, -66, -66, -66, -66, -66, -66, -66, -66, -66, -66, -66, -66, -66, -66, -66, -66, -66, -66, -66, -66, -66, -66, -66, -66, -66, -66, -66, -66, -66, -66, -66, -66, -66, -66, -66, -66, -66, -66, -66, -66, -66, -66, -66, -66, -66, -66, -66, -66, -66, -66, -66, -66, -66, -66, -66, -66, -66, -66, -66, -66, -66, -66, -66, -66, -66, -66, -66, -66
target_str: -2, 3, 3, -1, -11, 1, -19, 27, 99, -66
mse: 0.050618949523461874
----------------------
pred_str: 40, 40, 40, 40, 40, 40, 40, 40, 40, 40, 40, 40, 40, 40, 40, 40, 40, 40, 40, 40, 40, 40, 40, 40, 40, 40, 40, 40, 40, 40, 40, 40, 40, 40, 40, 40, 40, 40, 40, 40, 40, 40, 40, 40, 40, 40, 40, 40, 40, 40, 40, 40, 40, 40, 40, 40, 40, 40, 40, 40, 40, 40, 40, 40, 40, 40, 40, 40, 40, 40, 40, 40, 40, 40, 40, 40, 40, 40, 40, 40, 40, 40, 40, 40, 40, 40, 40, 40, 40, 40, 40, 40, 40, 40, 40, 40, 40, 40, 40, 40, 40, 40, 40, 40, 40, 40, 40, 40, 40, 40, 40, 40, 40, 40, 40, 40, 40, 40, 40, 40, 40, 40, 40, 40, 40, 40, 40, 40, 
target_str: -1, -13, -3, 5, 0, -17, -5, -8, 19, -60
mse: 0.04992833212004296
----------------------
pred_str: 16, 15, 14, 13, 12, 11, 10, 9, 8, 7, 6, 5, 4, 3, 2, 1, 0, -1, -2, -3, -4, -5, -6, -7, -8, -9, -10, -11, -12, -13, -14, -15, -16, -17, -18, -19, -20, -21, -22, -23, -24, -25, -26, -27, -28, -29, -30, -31, -32, -33, -34, -35, -36, -37, -38, -39, -40, -41, -42, -43, -44, -45, -46, -47, -48, -49, -50, -51, -52, -53, -54, -55, -56, -57, -58, -59, -60, -61, -62, -63, -64, -65, -66, -67, -68, -69, -70, -71, -72, -73, -74, -75, -76, -77, -78, -79, -80, -81, -82, -83, -84, -85, -86, -87, -88, -89, -90, -91, -92, -93, -94, -95, -96, -97, -98, -99, -100, -101, -102, -103, -104, -105, -106, -107, -108, -109, -110, -111, -112, -11
target_str: -11, -8, -5, -1, 6, 13, 23, 32, 31, 18
mse: 0.005883105167954149
----------------------
pred_str: 1, -2, -2, -2, -2, -2, -2, -2, -2, -2, -2, -2, -2, -2, -2, -2, -2, -2, -2, -2, -2, -2, -2, -2, -2, -2, -2, -2, -2, -2, -2, -2, -2, -2, -2, -2, -2, -2, -2, -2, -2, -2, -2, -2, -2, -2, -2, -2, -2, -2, -2, -2, -2, -2, -2, -2, -2, -2, -2, -2, -2, -2, -2, -2, -2, -2, -2, -2, -2, -2, -2, -2, -2, -2, -2, -2, -2, -2, -2, -2, -2, -2, -2, -2, -2, -2, -2, -2, -2, -2, -2, -2, -2, -2, -2, -2, -2, -2, -2, -2, -2, -2, -2, -2, -2, -2, -2, -2, -2, -2, -2, -2, -2, -2, -2, -2, -2, -2, -2, -2, -2, -2, -2, -2, -2, -2, -2, -2, -2, -2, -2, -2, -2, -2, -2, -2, -2, -2, -2, -2, -2, -2, -2, -2, -2, -2, -2, -2, -2, -2, -2, -2, -2, -2, -2, -2, -2, -2, -2, -2, -2, -2, -2, -2, -2, -2, -2, -2, -2, -2, -2,
target_str: -10, -6, -16, -10, -11, -11, -14, -13, -15, -10
mse: 0.0019414430729090021
----------------------
