pred_str: -13, -12, -10, -10, -11
target_str: 30, 42, 45, 36, 10
mse: 0.032489905971593055
----------------------
pred_str: -8, -9, -1, 1, -7
target_str: -1, -13, -3, 5, 0
mse: 0.0004207642215321802
----------------------
pred_str: -6, -6, -6, -6, -6
target_str: -6, -6, -7, -5, -7
mse: 9.42009451191448e-06
----------------------
pred_str: -5, -7, -5, -5, -6
target_str: -1, -7, -8, -8, -9
mse: 0.00013502135467077428
----------------------
pred_str: 6, 34, 45, 48, 27
target_str: -12, -2, -8, 0, 4
mse: 0.022802908781841
----------------------
pred_str: -21, -17, -24, -12, -14
target_str: -23, -4, -15, -10, -9
mse: 0.0008886289156239326
----------------------
pred_str: 11, -26, -23, -15, -1
target_str: -9, -5, -12, -5, 13
mse: 0.00395015963199614
----------------------
pred_str: -8, -10, -10, -10, -9
target_str: 6, -2, -15, -13, -17
mse: 0.0011241312784217952
----------------------
pred_str: -6, -3, -2, -2, -1
target_str: 12, 4, -1, -3, -5
mse: 0.001227752318052854
----------------------
pred_str: -18, -19, -18, -20, -22
target_str: -14, 5, -6, 0, -13
mse: 0.0038214183403333093
----------------------
pred_str: 13, 13, 24, 34, 55
target_str: 0, -8, -1, 5, 17
mse: 0.011052910893979664
----------------------
pred_str: -20, -21, -20, -19, -17
target_str: -2, 3, 3, -1, -11
mse: 0.0056175163606050045
----------------------
pred_str: -20, -15, -13, -11, -10
target_str: 3, -11, -2, -1, 2
mse: 0.00285742866861406
----------------------
pred_str: -7, -10, -9, -9, -10
target_str: -3, -5, -4, -5, -5
mse: 0.0003359833709249499
----------------------
pred_str: -16, -12, -14, -13, -13
target_str: -12, -18, -20, -13, -17
mse: 0.0003265632764130357
----------------------
pred_str: -15, -12, -10, -8, -3
target_str: 34, 24, 7, -4, -10
mse: 0.012720267622588525
----------------------
pred_str: -12, -11, -10, -10, -10
target_str: -5, -6, -5, -5, -1
mse: 0.0006437064583141563
----------------------
pred_str: -21, -14, -11, -4, -1
target_str: -16, -1, 11, 13, -23
mse: 0.004556185712262638
----------------------
pred_str: -25, -21, -19, -18, -17
target_str: -10, -8, 3, -1, 0
mse: 0.004571885869782496
----------------------
pred_str: -75, -82, -75, -82, -75
target_str: -81, -81, -81, -81, -81
mse: 0.0003454034654368639
----------------------
pred_str: -18, -20, -20, -16, -21
target_str: 91, 94, 71, 22, -10
mse: 0.10903131391240221
----------------------
pred_str: -11, -10, -11, -11, -12
target_str: 0, -8, -9, -8, -6
mse: 0.0005463654816910401
----------------------
pred_str: -8, -7, -6, -5, -1
target_str: 4, 15, 23, 20, 20
mse: 0.007959979862567738
----------------------
pred_str: -13, -11, -15, -15, -13
target_str: 1, 9, 15, 11, 5
mse: 0.007837518633912851
----------------------
pred_str: -10, -10, -9, -9, -9
target_str: 33, 24, 5, -5, -6
mse: 0.010129741631812038
----------------------
