max value: 323.8033973066421
pred_str: 7, 10, 12, 13, 15, 17, 19, 21, 22, 23, 23, 24, 25, 26, 27, 28, 29, 29, 30, 31, 31, 32, 33, 33, 34, 35, 36, 37, 38, 38, 39, 39, 40, 41, 42, 43, 43, 44, 44, 45, 45, 46, 47, 48, 49, 50, 51, 52, 53, 54, 55, 56, 57, 58, 59, 60, 61, 62, 63, 64, 65, 66, 67, 68, 69, 70, 71, 72, 73, 74, 75, 76, 77, 78, 79, 80, 81, 82, 83, 84, 85, 86, 87, 88, 89, 90, 91, 92, 93, 94, 95, 96, 97, 98, 99, 100, 101, 102, 103, 104, 105, 106, 107, 108, 109, 110, 1111, 112, 113, 114, 115, 116, 117, 118, 119, 120, 121, 122, 123, 124, 125, 12
target_str: -17, -4, 4, 8, 9
mse: 1880.984603525377
mae: 36.9135872929572
rsme: 43.3703193846365
----------------------
max value: 1.3270199072442206
pred_str: 60, 60, 60, 60, 60, 60, 60, 60, 60, 60, 60, 60, 60, 60, 60, 60, 60, 60, 60, 60, 60, 60, 60, 60, 60, 60, 60, 60, 60, 60, 60, 60, 60, 60, 60, 60, 60, 60, 60, 60, 60, 60, 60, 60, 60, 60, 60, 60, 60, 60, 60, 60, 60, 60, 60, 60, 60, 60, 60, 60, 60, 60, 60, 60, 60, 60, 60, 60, 60, 60, 60, 60, 60, 60, 60, 60, 60, 60, 60, 60, 60, 60, 60, 60, 60, 60, 60, 60, 60, 60, 60, 60, 60, 60, 60, 60, 60, 60, 60, 60, 60, 60, 60, 60, 60, 60, 60, 60, 60, 60, 60, 60, 60, 60, 60, 60, 60, 60, 60, 60, 60, 60, 60, 60, 60, 60, 60, 60, 
target_str: 58, 51, 43, 36, 35
mse: 0.05547092777800746
mae: 0.2043610657156099
rsme: 0.23552266935054778
----------------------
max value: 1.0657992415411246
pred_str: 84, 85, 86, 87, 88, 89, 90, 91, 92, 93, 94, 95, 96, 97, 98, 99, 100, 101, 102, 103, 104, 105, 106, 107, 108, 109, 110, 1111, 112, 113, 114, 115, 116, 117, 118, 119, 120, 121, 122, 123, 124, 125, 126, 127, 128, 129, 130, 131, 132, 133, 134, 135, 136, 137, 138, 139, 140, 141, 142, 143, 144, 145, 146, 147, 148, 149, 150, 151, 152, 153, 154, 155, 156, 157, 158, 159, 160, 161, 162, 163, 164, 165, 166, 167, 168, 169, 170, 171, 172, 173, 174, 175, 176, 177, 178, 179, 180, 181, 182, 183, 184, 185, 186, 187, 188, 18
target_str: 74, 75, 76, 74, 72
mse: 0.016470956337409727
mae: 0.12576431050185272
rsme: 0.12833922369022546
----------------------
max value: 68.76971772643536
pred_str: 16, 34, 50, 56, 56, 47, 33, 14, -4, -20, -34, -39, -42, -43, -39, -37, -36, -37, -40, -47, -54, -66, -77, -88, -96, -100, -97, -94
target_str: 43, 29, 14, -1, -13
mse: 951.5299441261279
mae: 26.682650477856917
rsme: 30.846879001385666
----------------------
max value: 115.00403143508265
pred_str: 29, 36, 35, 34, 35, 34, 33, 32, 31, 30, 30, 29, 28, 27, 26, 26, 26, 25, 24, 23, 22, 22, 21, 20, 20, 19, 18, 17, 16, 15, 14, 14, 13, 12, 11, 11, 10, 10, 9, 9, 8, 8, 7, 7, 6, 6, 6, 6, 5, 5, 5, 4, 4, 4, 3, 3, 3, 2, 2, 2, 2, 1, 1, 1, 0, 0, 0, 0, 0, 0, 0, 0, 0, 0, 0, 0, 0, 0, 0, 0, 0, 0, 0, 0, 0, 0, 0, 0, 0, 0, 0, 0, 0, 0, 0, 0, 0, 0, 0, 0, 0, 0, 0, 0, 0, 0, 0, 0, 0, 0, 0, 0, 0, 0, 0, 0, 0, 0, 0, 0, 0, 0, 0, 0, 0, 0, 0, 0, 0, 0, 0, 0, 0, 0, 0, 0, 0, 0, 0, 0, 0, 0, 0, 0, 0, 0, 0, 0, 0, 0, 0, 0, 0, 0, 0, 0, 0, 0, 
target_str: 52, 40, 22, 2, -18
mse: 1202.7658237804753
mae: 28.751007858770663
rsme: 34.680914402311764
----------------------
max value: 4.032283656964537
pred_str: 79, 78, 77, 76, 75, 74, 73, 72, 71, 70, 69, 68, 67, 66, 65, 64, 63, 62, 61, 60, 59, 58, 57, 56, 55, 54, 53, 52, 51, 50, 49, 48, 47, 46, 45, 44, 43, 42, 41, 40, 39, 38, 37, 36, 35, 34, 33, 32, 31, 30, 29, 28, 27, 26, 25, 24, 23, 22, 21, 20, 19, 18, 17, 16, 15, 14, 13, 12, 11, 10, 9, 8, 7, 6, 5, 4, 3, 2, 1
target_str: 27, 19, 10, 0, -10
mse: 7.698783990620731
mae: 2.733888319421956
rsme: 2.7746682667700533
----------------------
max value: 1.2373675175263328
pred_str: 0, 1, 2, 3, 4, 5, 6, 7, 8, 9, 10, 11, 12, 13, 14, 15, 16, 17, 18, 19, 20, 21, 22, 23, 24, 25, 26, 27, 28, 29, 30, 31, 32, 33, 34, 35, 36, 37, 38, 39, 40, 41, 42, 43, 44, 45, 46, 47, 48, 49, 50, 51, 52, 53, 54, 55, 56, 57, 58, 59, 60, 61, 62, 63, 64, 65, 66, 67, 68, 69, 70, 71, 72, 73, 74, 75, 76, 77, 78, 79, 80, 81, 82, 83, 84, 85, 86, 87, 88, 89, 90, 91, 92, 93, 94, 95, 96, 97, 98, 99, 100, 101, 102, 103, 104, 105, 106, 107, 108, 109, 110, 1111, 112, 113, 114, 115, 116, 117, 118, 119, 120, 121, 122, 123, 1
target_str: -13, -17, -18, -18, -20
mse: 0.058487193864998475
mae: 0.2375745633650559
rsme: 0.24184125757405098
----------------------
max value: 4.059336781248802
pred_str: 0, 1, 1, 2, 2, 2, 3, 3, 3, 3, 3, 4, 4, 4, 5, 5, 5, 5, 5, 6, 6, 6, 6, 6, 6, 6, 6, 6, 6, 6, 6, 6, 6, 6, 6, 6, 6, 6, 6, 6, 6, 6, 6, 6, 6, 6, 6, 6, 6, 6, 6, 6, 6, 6, 6, 6, 6, 6, 6, 6, 6, 6, 6, 6, 6, 6, 6, 6, 6, 6, 6, 6, 6, 6, 6, 6, 6, 6, 6, 6, 6, 6, 6, 6, 6, 6, 6, 6, 6, 6, 6, 6, 6, 6, 6, 6, 6, 6, 6, 6, 6, 6, 6, 6, 6, 6, 6, 6, 6, 6, 6, 6, 6, 6, 6, 6, 6, 6, 6, 6, 6, 6, 6, 6, 6, 6, 6, 6, 6, 6, 6, 6, 6, 6, 6, 6, 6, 6, 6, 6, 6, 6, 6, 6, 6, 6, 6, 6, 6, 6, 6, 6, 6, 6, 6, 6, 6, 6, 6, 6, 6, 6, 6, 6, 6, 6, 6, 6, 6, 6, 6,
target_str: 1, 2, 2, 1, 1
mse: 0.0016478215103599384
mae: 0.04059336781248802
rsme: 0.04059336781248802
----------------------
max value: 3.53249676378062
pred_str: 74, 75, 63, 40, 23, 12, 6, 5, 6, 5, 4, 2, 0, 0, 2, 10, 26, 54, 89, 100, 81, 56, 37, 24, 14, 7, 3, 0, -1, -1, 0, 2, 5, 7, 7, 14, 28, 42, 61, 76, 75, 56, 35, 21, 12, 7, 6, 5, 4, 1, 0, 0, 1, 8, 19, 38, 63, 83, 83, 68, 51, 37, 27, 20, 15, 11, 6, 2, -2, -6, -6, -3, 2, 8, 17, 36, 57, 70, 70, 60, 47, 32, 21, 14, 10, 7, 4, 1, 0, -3, -5, -4, 0, 3, 12, 28, 46, 64, 75, 68, 49, 31, 18, nan, nan, nan, nan, 0, -1, -1, 1, 8, 19, 39, 67, 86, 79, 62, 49, 40, 32, 25, 19, 14, 8, 3, 0, -3, -4, -3, -1, 1, 13, 34, 55, 69, 75, 73, 58, 37, 20, 9, 3, 1, 0, 1
target_str: 12, 9, 9, 6, 2
mse: 3.172791898755012
mae: 1.674403466032014
rsme: 1.781233252203375
----------------------
max value: 2.0050117010472084
pred_str: 1, -14, -25, -38, -52, -70, -85, -100, -100, -100, -100, -100, -100, -100, -100, -100, -100, -100, -100, -100, -100, -100, -100, -100, -100, -100, -100, -100, -100, -100, -100, -100, -100, -100, -100, -100, -100, -100, -100, -100, -100, -100, -100, -100, -100, -100, -100, -100, -100, -100, -100, -100, -100, -100, -100, -100, -100, -100, -100, -100, -100, -100, -100, -100, -100, -100, -100, -100, -100, -100, -100, -100, -100, -100, -100, -100, -100, -100, -100, -100, -100, -100, -100, -100, -100, -100, -100, -100, -100, -100, -100, -100, -100, -100, -100, -100, -100, -100, -100, -100, -100, -100, -100, -100, -
target_str: -75, -43, -32, -35, -32
mse: 0.5688401768690752
mae: 0.5413531592827462
rsme: 0.754214940762297
----------------------
max value: 132.69174574791145
pred_str: 19, 24, 27, 33, 38, 40, 41, 41, 42, 43, 44, 44, 45, 45, 46, 47, 48, 49, 50, 51, 52, 53, 54, 55, 56, 57, 58, 59, 60, 61, 62, 63, 64, 65, 66, 67, 68, 69, 70, 71, 72, 73, 74, 75, 76, 77, 78, 79, 80, 81, 82, 83, 84, 85, 86, 87, 88, 89, 90, 91, 92, 93, 94, 95, 96, 97, 98, 99, 100, 101, 102, 103, 104, 105, 106, 107, 108, 109, 110, 1111, 112, 113, 114, 115, 116, 117, 118, 119, 120, 121, 122, 123, 124, 125, 126, 127, 128, 129, 130, 131, 132, 133, 134, 135, 136, 137, 138, 139, 140, 141, 142, 143, 144, 145, 146, 147,
target_str: -32, -14, 5, 23, 37
mse: 1630.4174034795876
mae: 32.376785962490395
rsme: 40.37842745179148
----------------------
max value: 1.3977679483467502
pred_str: 52, 50, 48, 46, 44, 42, 40, 38, 36, 34, 32, 30, 28, 26, 24, 22, 20, 18, 16, 14, 12, 10, 8, 6, 4, 2, 0, -2, -6, -10, -14, -18, -22, -26, -30, -32, -34, -36, -38, -40, -42, -44, -46, -48, -50, -52, -52, -50, -48, -46, -44, -42, -38, -36, -34, -32, -30, -28, -26, -24, -22, -20, -18, -16, -14, -12, -10, -8, -6, -4, -2, 0, 2, 6, 10, 14, 18, 22, 26, 30, 34, 38, 42, 46, 50, 52, 50, 48, 46, 44, 42, 40, 38, 36, 34, 32, 30, 28, 26, 24, 22, 20, 18, 16, 14, 12, 10, 8, 6, 4, 2, 0, -2, -6, -10, -14, -18, -22, -26, -30, -32, -34, -36, -38, -40, -42, -44, -46, -48, -50, -52, -50, -48, -4
target_str: 53, 66, 87, 91, 81
mse: 0.20209644175929195
mae: 0.385783953743703
rsme: 0.44955137833098896
----------------------
max value: 0.6406635239223756
pred_str: 12, 19, 31, 37, 45, 45, 44, 42, 42, 41, 38, 35, 32, 31, 29, 28, 27, 25, 24, 22, 20, 19, 18, 18, 17, 15, 14, 13, 12, 11, 11, 10, 10, 10, 9, 9, 8, 8, 7, 7, 7, 7, 6, 6, 6, 6, 5, 5, 5, 5, 4, 4, 4, 4, 4, 4, 4, 4, 4, 4, 3, 3, 3, 3, 3, 3, 3, 3, 3, 3, 3, 3, 3, 3, 3, 3, 3, 3, 3, 3, 3, 3, 3, 3, 3, 3, 3, 3, 3, 3, 3, 3, 3, 3, 3, 3, 3, 3, 3, 3, 3, 3, 3, 3, 3, 3, 3, 3, 3, 3, 3, 3, 3, 3, 3, 3, 3, 3, 3, 3, 3, 3, 3, 3, 3, 3, 3, 3, 3, 3, 3, 3, 3, 3, 3, 3, 3, 3, 3, 3, 3, 3, 3, 3, 3, 3, 3, 3, 3, 3, 3, 3, 3, 3, 3, 3, 3, 3, 3, 3
target_str: 16, 23, 29, 34, 43
mse: 0.00040224075586694385
mae: 0.019219905717671272
rsme: 0.02005594066272993
----------------------
max value: 0.4657017531985316
pred_str: 67, 69, 68, 68, 68, 67, 66, 66, 66, 65, 64, 63, 62, 62, 62, 62, 61, 60, 59, 59, 59, 59, 59, 58, 57, 57, 57, 57, 57, 56, 55, 55, 55, 55, 54, 54, 53, 52, 52, 52, 52, 51, 50, 50, 50, 50, 49, 49, 49, 49, 49, 48, 48, 48, 48, 48, 48, 47, 47, 47, 47, 47, 47, 47, 46, 46, 46, 46, 46, 46, 46, 46, 45, 45, 45, 45, 45, 45, 45, 44, 44, 44, 44, 44, 44, 44, 44, 44, 44, 44, 43, 43, 43, 43, 43, 43, 43, 43, 42, 42, 42, 42, 42, 42, 42, 42, 42, 42, 42, 42, 42, 42, 42, 42, 42, 42, 42, 41, 41, 41, 41, 41, 41, 41, 41, 41, 41, 41, 
target_str: 58, 58, 63, 65, 68
mse: 0.0010236647402399178
mae: 0.02607929817911776
rsme: 0.03199476113740995
----------------------
max value: 0.4095369217376126
pred_str: 0, -12, -21, -34, -46, -60, -75, -86, -79, -63, -49, -27, -12, -26, -44, -67, -84, -78, -67, -51, -36, -21, -14, -7, -3, -2, -7, -14, -32, -51, -69, -67, -51, -50, -48, -30, -25, -23, -26, -33, -40, -49, -46, -36, -19, -2, 3, 9, nan, nan, nan, nan, 1, -7, -13, -21, -15, -25, -36, -22, -20, -27, -42, -62, -77, -77, -63, -49, -30, -16, -5, 0, 0, -3, -10, -18, -33, -53, -70, -79, -74, -74, -75, -55, -26, -7, -10, -31, -52, -65, -55, -39, -26, -18, -12, -7, -5, -6, -4, -3, -3, -4, -11, -15, -13, -12, -23
target_str: 15, 15, 16, 13, 6
mse: 0.02427250935134175
mae: 0.14579514413859007
rsme: 0.1557963714318846
----------------------
max value: 138.5283982537536
pred_str: 75, 77, 78, 79, 80, 81, 82, 83, 84, 85, 86, 87, 88, 89, 90, 91, 92, 93, 94, 95, 96, 97, 98, 99, 100, 101, 102, 103, 104, 105, 106, 107, 108, 109, 110, 1111, 112, 113, 114, 115, 116, 117, 118, 119, 120, 121, 122, 123, 124, 125, 126, 127, 128, 129, 130, 131, 132, 133, 134, 135, 136, 137, 138, 139, 140, 141, 142, 143, 144, 145, 146, 147, 148, 149, 150, 151, 152, 153, 154, 155, 156, 157, 158, 159, 160, 161, 162, 163, 164, 165, 166, 167, 168, 169, 170, 171, 172, 173, 174, 175, 176, 177, 178, 179, 180, 181, 182, 
target_str: -25, -24, -22, -15, 0
mse: 17438.827034128353
mae: 131.60197834106594
rsme: 132.05615106509939
----------------------
max value: 0.7033805557760526
pred_str: 42, 41, 40, 39, 38, 37, 36, 35, 34, 33, 32, 31, 30, 29, 28, 27, 26, 25, 24, 23, 22, 21, 20, 19, 18, 17, 16, 15, 14, 13, 12, 11, 10, 9, 8, 7, 6, 5, 4, 3, 2, 1
target_str: 76, 76, 67, 63, 69
mse: 0.04598152652830143
mae: 0.2124209278443679
rsme: 0.21443303506759734
----------------------
max value: 86.97451584571705
pred_str: 56, 65, 55, 49, 44, 36, 32, 30, 29, 27, 25, 23, 22, 21, 20, 19, 18, 17, 16, 15, 14, 13, 12, 11, 10, 9, 8, 7, 6, 5, 4, 3, 2, 2, 1, 0, -1, -2, -3, -4, -5, -6, -7, -8, -9, -10, -11, -12, -13, -14, -15, -16, -17, -18, -19, -20, -21, -22, -23, -24, -25, -26, -27, -28, -29, -30, -31, -32, -33, -34, -35, -36, -37, -38, -39, -40, -41, -42, -43, -44, -45, -46, -47, -48, -49, -50, -51, -52, -53, -54, -55, -56, -57, -58, -59, -60, -61, -62, -63, -64, -65, -66, -67, -68, -69, -70, -71, -72, -73, -74, -75, -76, -77, -78, -79, -80, -81, -82, -83, -84, -85, -86, -87, -88, -89, -90, -91, -92, -93, -94, -95, -96, -97, -
target_str: -63, -64, -62, -53, -43
mse: 9450.261520433356
mae: 96.36776355705449
rsme: 97.21245558277683
----------------------
max value: 55.41006693244366
pred_str: 80, 80, 80, 80, 80, 80, 80, 80, 80, 80, 80, 80, 80, 80, 80, 80, 80, 80, 80, 80, 80, 80, 80, 80, 80, 80, 80, 80, 80, 80, 80, 80, 80, 80, 80, 80, 80, 80, 80, 80, 80, 80, 80, 80, 80, 80, 80, 80, 80, 80, 80, 80, 80, 80, 80, 80, 80, 80, 80, 80, 80, 80, 80, 80, 80, 80, 80, 80, 80, 80, 80, 80, 80, 80, 80, 80, 80, 80, 80, 80, 80, 80, 80, 80, 80, 80, 80, 80, 80, 80, 80, 80, 80, 80, 80, 80, 80, 80, 80, 80, 80, 80, 80, 80, 80, 80, 80, 80, 80, 80, 80, 80, 80, 80, 80, 80, 80, 80, 80, 80, 80, 80, 80, 80, 80, 80, 80, 80, 
target_str: -3, -4, -9, -18, -21
mse: 2558.829021759752
mae: 50.423160908523734
rsme: 50.58486949434339
----------------------
max value: 1.7578727664155078
pred_str: 20, 18, 16, 17, 26
target_str: 41, 37, 22, 0, -14
mse: 0.16853496279485566
mae: 0.3621217898815946
rsme: 0.4105300997428272
----------------------
max value: 1.2285575361135035
pred_str: 0, -12, -20, -28, -39, -50, -57, -65, -75, -86, -86, -79, -80, -71, -57, -42, -20, -2, 4, 6, 2, 3, 13, 28, 38, 46, 52, 53, 49, 50, 55, 58, 56, 57, 61, 53, 43, 26, 8, -5, -19, -30, -39, -43, -52, -66, -78, -79, -70, -69, -68, -55, -48, -44, -24, -10, -6, 0
target_str: 66, 58, 51, 37, 18
mse: 0.6572027530206651
mae: 0.8083908587626851
rsme: 0.8106804259513517
----------------------
max value: 154.72178554216515
pred_str: 19, 24, 30, 34, 41, 46, 50, 55, 61, 66, 69, 72, 76, 79, 82, 84, 85, 88, 90, 90, 91, 92, 93, 94, 94, 95, 95, 96, 96, 96, 97, 98, 99, 100, 100, 100, 101, 101, 101, 102, 102, 102, 103, 103, 103, 104, 104, 105, 105, 105, 106, 106, 107, 107, 107, 108, 108, 108, 109, 109, 109, 110, 110, 110, 111, 111, 111, 11, 11, 11, 11, 11, 11, 11, 12, 12, 12, 12, 12, 12, 12, 12, 12, 12, 12, 12, 12, 12, 12, 12, 12, 12, 12, 12, 12, 12, 12, 12, 12, 12, 12, 12, 12, 12, 12, 12, 12, 12, 12, 12, 12, 12, 12, 12, 12, 12, 12, 12, 12, 12
target_str: -97, -92, -83, -70, -53
mse: 28407.25310113601
mae: 168.0278590987914
rsme: 168.5445137082071
----------------------
max value: 1.5774595060334473
pred_str: 0, 0, 0, 0, 0, 0, 0, 0, 0, 0, 0, 0, 0, 0, 0, 0, 0, 0, 0, 0, 0, 0, 0, 0, 0, 0, 0, 0, 0, 0, 0, 0, 0, 0, 0, 0, 0, 0, 0, 0, 0, 0, 0, 0, 0, 0, 0, 0, 0, 0, 0, 0, 0, 0, 0, 0, 0, 0, 0, 0, 0, 0, 0, 0, 0, 0, 0, 0, 0, 0, 0, 0, 0, 0, 0, 0, 0, 0, 0, 0, 0, 0, 0, 0, 0, 0, 0, 0, 0, 0, 0, 0, 0, 0, 0, 0, 0, 0, 0, 0, 0, 0, 0, 0, 0, 0, 0, 0, 0, 0, 0, 0, 0, 0, 0, 0, 0, 0, 0, 0, 0, 0, 0, 0, 0, 0, 0, 0, 0, 0, 0, 0, 0, 0, 0, 0, 0, 0, 0, 0, 0, 0, 0, 0, 0, 0, 0, 0, 0, 0, 0, 0, 0, 0, 0, 0, 0, 0, 0, 0, 0, 0, 0, 0, 0, 0, 0, 0, 0, 0, 0,
target_str: 92, 98, 87, 76, 57
mse: 1.7250435066088365
mae: 1.2935167949474269
rsme: 1.3134091162348602
----------------------
max value: 117.07380176672444
pred_str: 45, 38, 27, 14, 1
target_str: -46, -47, -46, -41, -31
mse: 6821.338971917679
mae: 78.67359478723881
rsme: 82.59139768715431
----------------------
max value: 3.429755126072989
pred_str: 34, 42, 42, 41, 41, 41, 41, 41, 41, 41, 41, 41, 41, 41, 41, 41, 41, 41, 41, 41, 41, 41, 41, 41, 41, 41, 41, 41, 41, 41, 41, 41, 41, 41, 41, 41, 41, 41, 41, 41, 41, 41, 41, 41, 41, 41, 41, 41, 41, 41, 41, 41, 41, 41, 41, 41, 41, 41, 41, 41, 41, 41, 41, 41, 41, 41, 41, 41, 41, 41, 41, 41, 41, 41, 41, 41, 41, 41, 41, 41, 41, 41, 41, 41, 41, 41, 41, 41, 41, 41, 41, 41, 41, 41, 41, 41, 41, 41, 41, 41, 41, 41, 41, 41, 41, 41, 41, 41, 41, 41, 41, 41, 41, 41, 41, 41, 41, 41, 41, 41, 41, 41, 41, 41, 41, 41, 41, 41, 
target_str: 2, 0, -3, -4, -3
mse: 2.064209885052106
mae: 1.4267781324463633
rsme: 1.43673584386696
----------------------
max value: 84.48096819731116
pred_str: 12, 17, 22, 21, 16, 9, 2, -5, -14, -21, -26, -30, -32, -33, -33, -31, -26, -15
target_str: 20, 27, 36, 44, 50
mse: 291.90469009100354
mae: 15.037612339121386
rsme: 17.085218467757546
----------------------
max value: 261.0921159996241
pred_str: 10, 13, 19, 22, 25, 27, 29, 31, 31, 33, 32, 32, 32, 33, 32, 33, 33, 33, 32, 33, 32, 32, 32, 33, 32, 32, 32, 32, 32, 33, 33, 33, 33, 33, 32, 33, 32, 32, 32, 32, 32, 33, 33, 33, 33, 33, 32, 32, 32, 33, 32, 33, 32, 32, 32, 33, 32, 33, 33, 33, 33, 32, 33, 32, 32, 33, 32, 33, 33, 32, 33, 32, 33, 32, 33, 33, 33, 33, 33, 33, 33, 33, 33, 33, 33, 33, 33, 33, 33, 33, 33, 33, 33, 33, 33, 33, 33, 33, 33, 33, 33, 33, 33, 33, 33, 33, 33, 33, 33, 33, 33, 33, 33, 33, 33, 33, 33, 33, 33, 33, 33, 33, 33, 33, 33, 33, 33, 33, 
target_str: -97, -91, -77, -60, -41
mse: 58026.89537509234
mae: 237.59382555965794
rsme: 240.88772358734337
----------------------
max value: 1.3421128758198233
pred_str: 15, 32, 33, 32, 34, 34, 35, 35, 36, 36, 36, 37, 37, 38, 38, 38, 39, 39, 39, 40, 40, 40, 40, 41, 41, 41, 42, 42, 42, 42, 43, 43, 43, 44, 44, 44, 44, 44, 45, 45, 45, 45, 46, 46, 46, 46, 46, 47, 47, 47, 47, 47, 48, 48, 48, 48, 48, 49, 49, 49, 49, 49, 50, 50, 50, 50, 50, 51, 51, 51, 51, 51, 51, 51, 52, 52, 52, 52, 52, 53, 53, 53, 53, 53, 54, 54, 54, 54, 54, 54, 55, 55, 55, 55, 55, 55, 56, 56, 56, 56, 56, 56, 57, 57, 57, 57, 57, 57, 58, 58, 58, 58, 58, 58, 59, 59, 59, 59, 59, 60, 60, 60, 60, 60, 60, 61, 61, 61, 
target_str: 48, 57, 59, 67, 67
mse: 0.16946319667320284
mae: 0.4080023142492263
rsme: 0.4116590782106024
----------------------
max value: 71.3028563089283
pred_str: 45, 45, 46, 45, 45, 45, 45, 45, 45, 45, 45, 45, 45, 45, 45, 45, 45, 45, 45, 45, 45, 45, 45, 45, 45, 45, 45, 45, 45, 45, 45, 45, 45, 45, 45, 45, 45, 45, 45, 45, 45, 45, 45, 45, 45, 45, 45, 45, 45, 45, 45, 45, 45, 45, 45, 45, 45, 45, 45, 45, 45, 45, 45, 45, 45, 45, 45, 45, 45, 45, 45, 45, 45, 45, 45, 45, 45, 45, 45, 45, 45, 45, 45, 45, 45, 45, 45, 45, 45, 45, 45, 45, 45, 45, 45, 45, 45, 45, 45, 45, 45, 45, 45, 45, 45, 45, 45, 45, 45, 45, 45, 45, 45, 45, 45, 45, 45, 45, 45, 45, 45, 45, 45, 45, 45, 45, 45, 45, 
target_str: -5, -6, -11, -15, -19
mse: 1631.588511232123
mae: 40.21481095823556
rsme: 40.392926499971786
----------------------
max value: 0.8944803367589264
pred_str: 42, -24, -24, -24, -24, -24, -24, -24, -24, -24, -24, -24, -24, -24, -24, -24, -24, -24, -24, -24, -24, -24, -24, -24, -24, -24, -24, -24, -24, -24, -24, -24, -24, -24, -24, -24, -24, -24, -24, -24, -24, -24, -24, -24, -24, -24, -24, -24, -24, -24, -24, -24, -24, -24, -24, -24, -24, -24, -24, -24, -24, -24, -24, -24, -24, -24, -24, -24, -24, -24, -24, -24, -24, -24, -24, -24, -24, -24, -24, -24, -24, -24, -24, -24, -24, -24, -24, -24, -24, -24, -24, -24, -24, -24, -24, -24, -24, -24, -24, -24, -24, -24, -24, -24, -24, -24, -24, -24, -24, -24, -24, -24, -24, -24, -24, -24, -24, -24, -24, -24, -24, -24, -24, -24, -24, -24, -24, -24, -
target_str: -66, -98, -72, 68, 71
mse: 0.5909982265101713
mae: 0.7459966008569446
rsme: 0.7687640902839904
----------------------
max value: 1.5942111304401607
pred_str: 11, 13, 17, 18, 18, 18, 18, 18, 18, 18, 18, 18, 18, 18, 18, 18, 18, 18, 18, 18, 18, 18, 18, 18, 18, 18, 18, 18, 18, 18, 18, 18, 18, 18, 18, 18, 18, 18, 18, 18, 18, 18, 18, 18, 18, 18, 18, 18, 18, 18, 18, 18, 18, 18, 18, 18, 18, 18, 18, 18, 18, 18, 18, 18, 18, 18, 18, 18, 18, 18, 18, 18, 18, 18, 18, 18, 18, 18, 18, 18, 18, 18, 18, 18, 18, 18, 18, 18, 18, 18, 18, 18, 18, 18, 18, 18, 18, 18, 18, 18, 18, 18, 18, 18, 18, 18, 18, 18, 18, 18, 18, 18, 18, 18, 18, 18, 18, 18, 18, 18, 18, 18, 18, 18, 18, 18, 18, 18, 
target_str: -29, -16, -9, -4, 0
mse: 0.19950846658091467
mae: 0.4304370052188434
rsme: 0.44666370636186087
----------------------
max value: 3.5567151713401364
pred_str: 43, 35, 24, 16, 10, 1, 4, 1, 3, 1, 1, 2, 1, 1, 1, 1, 1, 1, 1, 1, 1, 1, 1, 1, 1, 1, 1, 1, 1, 1, 1, 1, 1, 1, 1, 1, 1, 1, 1, 1, 1, 1, 1, 1, 1, 1, 1, 1, 1, 1, 1, 1, 1, 1, 1, 1, 1, 1, 1, 1, 1, 1, 1, 1, 1, 1, 1, 1, 1, 1, 1, 1, 1, 1, 1, 1, 1, 1, 1, 1, 1, 1, 1, 1, 1, 1, 1, 1, 1, 1, 1, 1, 1, 1, 1, 1, 1, 1, 1, 1, 1, 1, 1, 1, 1, 1, 1, 1, 1, 1, 1, 1, 1, 1, 1, 1, 1, 1, 1, 1, 1, 1, 1, 1, 1, 1, 1, 1, 1, 1, 1, 1, 1, 1, 1, 1, 1, 1, 1, 1, 1, 1, 1, 1, 1, 1, 1, 1, 1, 1, 1, 1, 1, 1, 1, 1, 1, 1, 1, 1, 1, 1, 1, 1, 1, 1, 1, 1, 1, 
target_str: 0, 1, 4, 9, 17
mse: 0.8862746100714791
mae: 0.7895907680375103
rsme: 0.9414215899752242
----------------------
max value: 1.2677365602192732
pred_str: 35, 49, 53, 60, 42, 12, 3, 18, 13, 2, 3, 21, 33, 42, 46, 25, 33, 32, 26, 28, 17, 19, 19, 23, 23, 26, 22, 26, 33, 27, 28, 22, 10, 16, 24, 18, 29, 53, 54, 23, 9, 17, 31
target_str: 5, -5, 7, 31, 22
mse: 0.23056259776828672
mae: 0.45384968855849983
rsme: 0.4801693428034392
----------------------
max value: 223.62932948950453
pred_str: 59, -37, -43, -43, -37, -26, -11, 3, 15, 21, 25, 24, 20, 15, 10, 4, 0, -5, -11, -16, -22, -27, -33, -37, -40, -42, -42, -42, -41, -40, -38, -35, -26, -11, 6, 26, 41, 52, 56, 54, 48, 37, 27, 16, 5, -3, -11, -18, -23, -26, -29, -29, -29, -29, -26, -24, -21, -16, -7, 2, 12, 18, 20, 19, 14, 7, 0, -8, -16, -22, -27, -32, -37, -40, -40, -38, -33, -25, -17, -8, -1, 2, 4, 5, 6, 8, 11, 15, 18, 19, 19, 16, 11, 5, 0, -7, -13, -18, -21, -22, -22, -22, -22, -23, -23, -25, -26, -28, -29, -29, -26, -21, -13, -3, 5, 13, 19, 22, 23, 24, 22, 20, 16, 11, 6, 1, -1, -5, -8, -10, -13, -14, -16, -17, -18, -1
target_str: 24, 8, -4, -15, -23
mse: 5752.159057451578
mae: 72.00864409562047
rsme: 75.84298950761091
----------------------
max value: 116.84188044500092
pred_str: 44, 62, 69, 72, 75, 77, 74, 71, 67, 62, 56, 51, 45, 38, 32, 27, 22, 17, 12, 8, 3, 0, -3, -10, -19, -26, -32, -36, -41, -44, -47, -48, -51, -52, -54, -56, -58, -60, -62, -63, -64, -66, -69, -71, -72, -73, -75, -76, -77, -74, -71, -67, -62, -56, -51, -45, -38, -32, -27, -22, -17, -12, -8, -3, 0, 3, 12, 19, 26, 32, 36, 41, 44, 47, 51, 52, 54, 56, 58, 60, 62, 63, 64, 66, 69, 71, 72, 73, 75, 76, 74, 71, 67, 62, 56, 51, 45, 38, 32, 27, 22, 17, 12, 8, 3, 0
target_str: -17, 3, 25, 45, 58
mse: 2772.9993232656607
mae: 48.60622226512039
rsme: 52.65927575713191
----------------------
max value: 1.1157594302725051
pred_str: 12, 25, 46, 48, 50, 51, 52, 53, 55, 56, 57, 58, 59, 60, 61, 62, 63, 64, 65, 66, 67, 68, 69, 70, 71, 72, 73, 74, 75, 76, 77, 78, 79, 80, 81, 82, 83, 84, 85, 86, 87, 88, 89, 90, 91, 92, 93, 94, 95, 96, 97, 98, 99, 100, 101, 102, 103, 104, 105, 106, 107, 108, 109, 110, 1111, 112, 113, 114, 115, 116, 117, 118, 119, 120, 121, 122, 123, 124, 125, 126, 127, 128, 129, 130, 131, 132, 133, 134, 135, 136, 137, 138, 139, 140, 141, 142, 143, 144, 145, 146, 147, 148, 149, 150, 151, 152, 153, 154, 155, 156, 157, 158, 159,
target_str: 48, 55, 60, 60, 54
mse: 0.06354067118259296
mae: 0.21422581061232102
rsme: 0.25207274978186944
----------------------
max value: 109.74012483367467
pred_str: 0, -2, -3, -1, -1, -1, -1, -2, -1, -1, -1, -1, -1, -1, -1, -1, -1, -1, -1, -1, -1, -1, -1, -1, -1, -1, -1, -1, -1, -1, -1, -1, -1, -1, -1, -1, -1, -1, -1, -1, -1, -1, -1, -1, -1, -1, -1, -1, -1, -1, -1, -1, -1, -1, -1, -1, -1, -1, -1, -1, -1, -1, -1, -1, -1, -1, -1, -1, -1, -1, -1, -1, -1, -1, -1, -1, -1, -1, -1, -1, -1, -1, -1, -1, -1, -1, -1, -1, -1, -1, -1, -1, -1, -1, -1, -1, -1, -1, -1, -1, -1, -1, -1, -1, -1, -1, -1, -1, -1, -1, -1, -1, -1, -1, -1, -1, -1, -1, -1, -1, -1, -1, -1, -1, -1, -1, -1, -1, -1, -1, -1, -1, -1, -1, -1, -1, -1, -1, -1, -1, -1, -1, -1, -1, -1, -1, -1, -1, -1, -1, -1, -1, -1, -1, -1, -1, -1, -1, -1, -1, -1, -1, -1, -1, -1, -1, -1, -1, -1, -1, -1,
target_str: -29, -33, -26, -12, 4
mse: 596.6050182262102
mae: 21.728544717067585
rsme: 24.425499344459883
----------------------
max value: 125.1331162831952
pred_str: 10, 20, 25, 30, 35, 40, 45, 50, 55, 60, 65, 70, 75, 80, 85, 90, 95, 100, 105, 110, 115, 120, 125, 130, 135, 140, 145, 150, 155, 160, 165, 170, 175, 180, 185, 190, 195, 200, 205, 210, 215, 220, 225, 230, 235, 240, 245, 250, 255, 260, 265, 270, 275, 280, 285, 290, 295, 300, 305, 310, 315, 320, 325, 330, 335, 340, 345, 350, 355, 360, 365, 370, 375, 380, 385, 390, 395, 400, 405, 410, 415, 420, 425, 430, 435, 440, 445, 450, 455, 460, 465, 470, 475, 480, 485, 490, 495, 500, 505, 510, 515, 520, 525, 530, 535, 540,
target_str: 37, 42, 49, 59, 68
mse: 1164.664115295513
mae: 33.785941396462704
rsme: 34.1271756126333
----------------------
max value: 4.099949577202679
pred_str: 32, 33, 34, 35, 36, 37, 38, 39, 40, 41, 42, 43, 44, 45, 46, 47, 48, 49, 50, 51, 52, 53, 54, 55, 56, 57, 58, 59, 60, 61, 62, 63, 64, 65, 66, 67, 68, 69, 70, 71, 72, 73, 74, 75, 76, 77, 78, 79, 80, 81, 82, 83, 84, 85, 86, 87, 88, 89, 90, 91, 92, 93, 94, 95, 96, 97, 98, 99, 100, 101, 102, 103, 104, 105, 106, 107, 108, 109, 110, 111, 112, 113, 114, 115, 116, 117, 118, 119, 120, 121, 122, 123, 124, 125, 126, 127, 128, 129, 130, 131, 132, 133, 134, 135, 136, 137, 138, 139, 140, 141, 142, 143, 144, 145, 146, 147, 
target_str: 29, 52, 72, 72, 55
mse: 1.1914634936436417
mae: 0.9511883019110217
rsme: 1.0915417965628442
----------------------
max value: 2.4823661915626722
pred_str: 75, 79, 81, 83, 85, 87, 89, 91, 93, 95, 97, 99, 101, 103, 105, 107, 109, 1111, 113, 115, 117, 119, 121, 123, 125, 127, 129, 131, 133, 135, 137, 139, 141, 143, 145, 147, 149, 151, 153, 155, 157, 159, 161, 163, 165, 167, 169, 171, 173, 175, 177, 179, 181, 183, 185, 187, 189, 191, 193, 195, 197, 199, 201, 203, 205, 207, 209, 211, 213, 215, 217, 219, 221, 223, 225, 227, 229, 231, 233, 235, 237, 239, 241, 243, 245, 247, 249, 251, 253, 255, 257, 259, 261, 263, 265, 267, 269, 271, 273, 275, 277, 279, 281, 283, 285
target_str: 72, 102, 85, 61, 49
mse: 0.28764878431274393
mae: 0.43689644971503033
rsme: 0.536328988879721
----------------------
max value: 1.4304087818148197
pred_str: 21, 21, 21, 21, 21, 21, 21, 21, 21, 21, 21, 21, 21, 21, 21, 21, 21, 21, 21, 21, 21, 21, 21, 21, 21, 21, 21, 21, 21, 21, 21, 21, 21, 21, 21, 21, 21, 21, 21, 21, 21, 21, 21, 21, 21, 21, 21, 21, 21, 21, 21, 21, 21, 21, 21, 21, 21, 21, 21, 21, 21, 21, 21, 21, 21, 21, 21, 21, 21, 21, 21, 21, 21, 21, 21, 21, 21, 21, 21, 21, 21, 21, 21, 21, 21, 21, 21, 21, 21, 21, 21, 21, 21, 21, 21, 21, 21, 21, 21, 21, 21, 21, 21, 21, 21, 21, 21, 21, 21, 21, 21, 21, 21, 21, 21, 21, 21, 21, 21, 21, 21, 21, 21, 21, 21, 21, 21, 21, 
target_str: 24, 21, 19, 15, 14
mse: 0.004010295794862192
mae: 0.0514947161453335
rsme: 0.06332689629898336
----------------------
max value: 1.6333645923663662
pred_str: 16, 21, 26, 32, 33, 37, 41, 42, 46, 47, 48, 51, 52, 54, 56, 57, 58, 59, 60, 61, 62, 63, 64, 65, 66, 67, 68, 69, 70, 71, 72, 73, 74, 75, 76, 77, 78, 79, 80, 81, 82, 83, 84, 85, 86, 87, 88, 89, 90, 91, 92, 93, 94, 95, 96, 97, 98, 99, 100, 101, 102, 103, 104, 105, 106, 107, 108, 109, 110, 1111, 112, 113, 114, 115, 116, 117, 118, 119, 120, 121, 122, 123, 124, 125, 126, 127, 128, 129, 130, 131, 132, 133, 134, 135, 136, 137, 138, 139, 140, 141, 142, 143, 144, 145, 146, 147, 148, 149, 150, 151, 152, 153, 154, 155,
target_str: -36, -4, 66, 44, 25
mse: 0.27409798006258795
mae: 0.4475418983083843
rsme: 0.5235436754107416
----------------------
max value: 222.60005948993262
pred_str: 0, -16, -32, -49, -67, -87, -98, -100, -92, -78, -60, -41, -22, -5, 3, 20, 44, 67, 87, 98, 100, 92, 78, 60, 41, 22, 5
target_str: -5, -2, -5, -11, -14
mse: 5156.254841620935
mae: 60.992416300241544
rsme: 71.80706679443838
----------------------
max value: 0.6906413385923199
pred_str: 0, 30, 45, 70, 85, 95, 100, 105, 110, 115, 120, 125, 130, 135, 140, 145, 150, 155, 160, 165, 170, 175, 180, 185, 190, 195, 200, 205, 210, 215, 220, 225, 230, 235, 240, 245, 250, 255, 260, 265, 270, 275, 280, 285, 290, 295, 300, 305, 310, 315, 320, 325, 330, 335, 340, 345, 350, 355, 360, 365, 370, 375, 380, 385, 390, 395, 400, 405, 410, 415, 420, 425, 430, 435, 440, 445, 450, 455, 460, 465, 470, 475, 480, 485, 490, 495, 500, 505, 510, 515, 520, 525, 530, 535, 540, 545, 550, 555, 560, 565, 570, 575, 580, 585,
target_str: -14, -53, -60, -71, -55
mse: 0.5494013908930823
mae: 0.667159533080181
rsme: 0.7412161566595012
----------------------
max value: 0.9033504344950996
pred_str: 44, 45, -19, -21, -25, -30, -35, -41, -46, -51, -56, -61, -66, -71, -76, -81, -86, -91, -96, -101, -106, -1111, -116, -121, -126, -131, -136, -141, -146, -151, -156, -161, -166, -171, -176, -181, -186, -191, -196, -201, -206, -211, -216, -221, -226, -231, -236, -241, -246, -251, -256, -261, -266, -271, -276, -281, -286, -291, -296, -301, -306, -311, -316, -321, -326, -331, -336, -341, -346, -351, -356, -361, -366, -371, -376, -381, -386, -391, -396, -401, -406, -411, -416, -421, -426, -431, -436, -441, -446, -451, -456, -461, -466, -471, -476, -481, -486, -491, -496, -501, -506, -511, -516, -521, -526, -531, -
target_str: 14, 18, 33, 44, 46
mse: 0.2219471052005259
mae: 0.4426417129025987
rsme: 0.47111262475179533
----------------------
max value: 1.068059217960615
pred_str: 0, 49, 49, 49, 49, 49, 49, 49, 49, 49, 49, 49, 49, 49, 49, 49, 49, 49, 49, 49, 49, 49, 49, 49, 49, 49, 49, 49, 49, 49, 49, 49, 49, 49, 49, 49, 49, 49, 49, 49, 49, 49, 49, 49, 49, 49, 49, 49, 49, 49, 49, 49, 49, 49, 49, 49, 49, 49, 49, 49, 49, 49, 49, 49, 49, 49, 49, 49, 49, 49, 49, 49, 49, 49, 49, 49, 49, 49, 49, 49, 49, 49, 49, 49, 49, 49, 49, 49, 49, 49, 49, 49, 49, 49, 49, 49, 49, 49, 49, 49, 49, 49, 49, 49, 49, 49, 49, 49, 49, 49, 49, 49, 49, 49, 49, 49, 49, 49, 49, 49, 49, 49, 49, 49, 49, 49, 49, 49, 4
target_str: 41, 50, 71, 85, 85
mse: 0.10855381692060213
mae: 0.29051210728528726
rsme: 0.3294750626687885
----------------------
max value: 91.41004782265443
pred_str: 49, 48, 47, 46, 45, 44, 43, 42, 41, 40, 39, 38, 37, 36, 35, 34, 33, 32, 31, 30, 29, 28, 27, 26, 25, 24, 23, 22, 21, 20, 19, 18, 17, 16, 15, 14, 13, 12, 11, 10, 9, 8, 7, 6, 5, 4, 3, 2, 1, 0, -1, -2, -3, -4, -5, -6, -7, -8, -9, -10, -11, -12, -13, -14, -15, -16, -17, -18, -19, -20, -21, -22, -23, -24, -25, -26, -27, -28, -29, -30, -31, -32, -33, -34, -35, -36, -37, -38, -39, -40, -41, -42, -43, -44, -45, -46, -47, -48, -49, -50, -51, -52, -53, -54, -55, -56, -57, -58, -59, -60, -61, -62, -63, -64, -65, -66, -67, -68, -69, -70, -71, -72, -73, -74, -75, -76, -77, -78, -79, -80, -81, -82, -83,
target_str: -18, -22, -24, -24, -22
mse: 3980.5345000397438
mae: 63.07293299763156
rsme: 63.09147723773587
----------------------
max value: 3.0789129706521985
pred_str: 0, 0, 0, 0, 0, 0, 0, 0, 0, 0, 0, 0, 0, 0, 0, 0, 0, 0, 0, 0, 0, 0, 0, 0, 0, 0, 0, 0, 0, 0, 0, 0, 0, 0, 0, 0, 0, 0, 0, 0, 0, 0, 0, 0, 0, 0, 0, 0, 0, 0, 0, 0, 0, 0, 0, 0, 0, 0, 0, 0, 0, 0, 0, 0, 0, 0, 0, 0, 0, 0, 0, 0, 0, 0, 0, 0, 0, 0, 0, 0, 0, 0, 0, 0, 0, 0, 0, 0, 0, 0, 0, 0, 0, 0, 0, 0, 0, 0, 0, 0, 0, 0, 0, 0, 0, 0, 0, 0, 0, 0, 0, 0, 0, 0, 0, 0, 0, 0, 0, 0, 0, 0, 0, 0, 0, 0, 0, 0, 0, 0, 0, 0, 0, 0, 0, 0, 0, 0, 0, 0, 0, 0, 0, 0, 0, 0, 0, 0, 0, 0, 0, 0, 0, 0, 0, 0, 0, 0, 0, 0, 0, 0, 0, 0, 0, 0, 0, 0, 0, 0, 0,
target_str: 7, 6, 5, 4, 6
mse: 0.03071424446195512
mae: 0.17241912635652312
rsme: 0.17525479868452995
----------------------
max value: 4.069879745437377
pred_str: 17, 16, 14, 13, 12, 11, 10, 9, 8, 7, 6, 5, 4, 3, 2, 1, 1, 1, 1, 1, 1, 1, 1, 1, 1, 1, 1, 1, 1, 1, 1, 1, 1, 1, 1, 1, 1, 1, 1, 1, 1, 1, 1, 1, 1, 1, 1, 1, 1, 1, 1, 1, 1, 1, 1, 1, 1, 1, 1, 1, 1, 1, 1, 1, 1, 1, 1, 1, 1, 1, 1, 1, 1, 1, 1, 1, 1, 1, 1, 1, 1, 1, 1, 1, 1, 1, 1, 1, 1, 1, 1, 1, 1, 1, 1, 1, 1, 1, 1, 1, 1, 1, 1, 1, 1, 1, 1, 1, 1, 1, 1, 1, 1, 1, 1, 1, 1, 1, 1, 1, 1, 1, 1, 1, 1, 1, 1, 1, 1, 1, 1, 1, 1, 1, 1, 1, 1, 1, 1, 1, 1, 1, 1, 1, 1, 1, 1, 1, 1, 1, 1, 1, 1, 1, 1, 1, 1, 1, 1, 1, 1, 1, 1, 1, 1, 1, 1, 1, 1
target_str: 3, 2, 4, 5, 5
mse: 0.20042344582208904
mae: 0.431407253016362
rsme: 0.44768677199811147
----------------------
max value: 203.76651784696872
pred_str: 75, 71, 65, 60, 52, 48, 45, 42, 40, 38, 36, 33, 30, 28, 26, 24, 22, 20, 18, 16, 14, 12, 10, 8, 6, 4, 2, 0, -2, -6, -10, -16, -22, -26, -30, -34, -38, -42, -46, -50, -54, -58, -62, -66, -69, -73, -77, -81, -85, -89, -93, -97, -101, -105, -109, -113, -117, -121, -125, -129, -133, -137, -141, -145, -149, -153, -157, -161, -165, -169, -173, -177, -181, -185, -189, -193, -197, -201, -205, -209, -213, -217, -221, -225, -229, -233, -237, -241, -245, -249, -253, -257, -261, -265, -269, -273, -277, -281, -285, -289, -293, -297, -301, -305, -309, -313, -317, -321, -325, -329, -333, -337, -341, -345, -3
target_str: -24, -18, -10, -1, 6
mse: 24234.856922545194
mae: 150.7872232067569
rsme: 155.67548593964688
----------------------
AVG MSE: 3479.442792958586
Median MSE: 0.7717386815460721
AVG RMSE: 29.494812076127165
Median RMSE: 0.8760510079632879
AVG MAE: 28.21635940929426
Median MAE: 0.7989908134000977
Number of False Outputs: 48
----------------------
