max value: 2.0050117010472084
pred_str: 15, 30, 40, 46, 46, 40, 32, 26, 22, 17, 14, 12, 12, 17, 27, 39, 48, 48, 47
target_str: -75, -43, -32, -35, -32, -22, -10, -2, 1, 2, 0, -1, -3, -3, -13, -40, -58, -89, -73, -40, -33, -20, -22, -21, -17
mse: 1.5413759760787336
mae: 1.009723892647374
rsme: 1.2415216373783962
----------------------
max value: 0.9935025565579053
pred_str: 77, 81, 80, 80, 79, 77, 77, 77, 76, 76, 75, 76, 75, 76, 75, 76, 76, 77, 78, 78, 79, 79, 80, 80
target_str: 80, 81, 82, 79, 77, 77, 78, 78, 76, 79, 86, 91, 88, 80, 74, 73, 75, 74, 77, 85, 103, 107, 90, 79, 75
mse: 0.030464228789635266
mae: 0.08345421475086408
rsme: 0.17454004924267458
----------------------
max value: 4.032283656964537
pred_str: 26, 19, 13, 8, 3, -4, -10, -15, -17, -17, -13, -9, -4, 1, 18, 46, 84, 86, 60, 42, 31, 26, 22, 18, 15, 10, 5, 2, 1, 2, 4, 6, 8, 9, 9, 10
target_str: 27, 19, 10, 0, -10, -19, -23, -23, -19, -12, -5, 4, 24, 62, 96, 93, 66, 42, 26, 19, 17, 17, 15, 12, 9
mse: 1.1774343008760102
mae: 0.7483918467326182
rsme: 1.0850964477298828
----------------------
max value: 71.3028563089283
pred_str: 34, 25, 17, 12, 9, 10, 14, 17, 17, 17, 16, 15, 15, 16, 19, 26, 30, 31, 32, 32, 31, 29, 27, 27, 29, 32, 35, 35, 35, 34, 30, 24, 17, 11
target_str: -5, -6, -11, -15, -19, -21, -18, -15, -13, -12, -7, -5, -3, -1, -1, 0, 3, 11, 21, 36, 50, 61, 68, 66, 55
mse: 379.80240602980336
mae: 18.53874264032136
rsme: 19.488519852205386
----------------------
max value: 125.1331162831952
pred_str: 22, 30, 37, 41, 43, 42, 37, 30, 22, 15, 10, 8, 12, 17, 22, 27, 26, 26, 25, 23, 19, 14, 11, 10, 10, 11, 11, 10, 9, 8
target_str: 37, 42, 49, 59, 68, 72, 74, 72, 68, 65, 59, 51, 43, 35, 28, 22, 13, 2, -15, -37, -59, -75, -84, -84, -78
mse: 3837.0343119781505
mae: 51.05431144354365
rsme: 61.94379962496772
----------------------
max value: 154.72178554216515
pred_str: 91, 89, 87, 86, 85, 82, 81, 78, 71, 64, 58, 49, 42, 35, 29, 23, 19, 17, 16, 15, 17, 22, 29, 38, 44, 48, 49, 48, 42, 34, 24, 13, 3
target_str: -97, -92, -83, -70, -53, -31, -11, 4, 15, 20, 20, 18, 14, 13, 13, 15, 17, 19, 18, 18, 15, 10, 5, 2, 0
mse: 17248.980987397357
mae: 91.7190744693955
rsme: 131.335375993665
----------------------
max value: 222.60005948993262
pred_str: -21, -27, -32, -35, -35, -31, -24, -15, -1, 10, 27, 41, 46, 44, 39, 30, 20, 10, 1, -7, -15, -21, -24, -27, -32, -39, -46, -53, -57, -57, -54
target_str: -5, -2, -5, -11, -14, -10, 2, 18, 35, 46, 49, 44, 33, 18, 3, -11, -24, -31, -35, -34, -31, -27, -23, -19, -17
mse: 3560.5213136605225
mae: 53.42401427758384
rsme: 59.67010401918638
----------------------
max value: 109.74012483367467
pred_str: 1, -3, -11, -21, -32, -36, -36, -34, -32, -31, -31, -28, -28, -30, -32, -33, -32, -22, -10, 0, 9, 14, 17, 18, 19, 20, 21, 21, 22, 24, 26, 29, 34
target_str: -29, -33, -26, -12, 4, 19, 27, 28, 22, 13, 3, -4, -9, -17, -30, -35, -33, -30, -26, -22, -19, -17, -14, -9, -4
mse: 1258.7715568243113
mae: 29.80541790482604
rsme: 35.47917074600689
----------------------
max value: 0.6406635239223756
pred_str: 37, 29, 18, 12, 9, 12, 13, 15, 20, 25, 24, 34, 43, 44, 45, 47, 50, 55, 58, 58, 55, 43, 33, 22, 17, 19, 19, 20
target_str: 16, 23, 29, 34, 43, 42, 41, 38, 36, 40, 52, 66, 76, 84, 80, 82, 66, 50, 32, 14, -2, -16, -22, -29, -36
mse: 0.04915053676893342
mae: 0.1986056924159364
rsme: 0.22169920335656015
----------------------
max value: 203.76651784696872
pred_str: 42, 39, 33, 27, 18, 7, -2, 1, 6, 10, 14, 13, 11, 10, 11, 15, 22, 29, 33, 32
target_str: -24, -18, -10, -1, 6, 14, 20, 28, 40, 55, 68, 75, 75, 70, 60, 46, 27, 8, -6, -18, -24, -27, -28, -26, -23
mse: 6713.7462735537765
mae: 73.68197285346389
rsme: 81.93745342365588
----------------------
max value: 3.429755126072989
pred_str: 3, 14, 32, 54, 80, 88, 67, 47, 31, 21, 16, 12, 9, 7, 4, 1, -1, -3, -4, -3, -2, 1, 10, 23, 42, 69, 86, 84, 60, 42, 28, 20, 16, 14, 13, 12, 12, 12, 12
target_str: 2, 0, -3, -4, -3, 0, 9, 25, 45, 68, 83, 74, 56, 39, 27, 19, 14, 11, 9, 9, 11, 11, 11, 11, 18
mse: 1.8734104530054616
mae: 1.0741993054860601
rsme: 1.3687258501999082
----------------------
max value: 132.69174574791145
pred_str: 39, 45, 49, 47, 42, 33, 21, 11, 1, 0, -1, -3, -6, -8, -10, -11, -11, -9, -7, -6, -5, -4, -3, -2, 0, 2, 6, 10, 16, 21, 22, 22, 22, 22, 22
target_str: -32, -14, 5, 23, 37, 47, 57, 66, 74, 78, 75, 61, 40, 14, -13, -36, -45, -36, -18, 1, 17, 27, 30, 27, 23
mse: 3243.5094211597816
mae: 48.40594884883808
rsme: 56.95181666250675
----------------------
max value: 1.3801877277474726
pred_str: 56, 54, 56, 59, 66, 66, 65, 62, 57, 54, 44, 38, 38, 42, 48, 53, 56, 53, 51, 44, 42, 37, 29, 21, 12, 3, -11
target_str: -43, -5, 78, 53, 30, 26, 10, 29, 44, 47, 45, 40, 40, 49, 64, 87, 105, 112, 118, 83, 76, 66, 44, 15, -19
mse: 0.28658350823844786
mae: 0.4201291443263306
rsme: 0.5353349495768494
----------------------
max value: 2.4562661091401266
pred_str: 15, 30, 52, 76, 91, 79, 60, 47, 37, 29, 21, 14, 10, 7, 7, 8, 10, 11, 12, 13, 13, 13, 13, 14, 14, 13, 14, 14, 14, 13, 12, 13
target_str: 73, 103, 86, 61, 50, 39, 28, 17, 8, 1, -5, -11, -16, -19, -19, -13, -4, 6, 22, 48, 81, 101, 90, 69, 51
mse: 1.0838359412250558
mae: 0.9029234217199105
rsme: 1.0410744167565813
----------------------
max value: 0.4657017531985316
pred_str: 44, 45, 44, 39, 33, 27, 24, 26, 32, 39, 45, 48, 49, 48, 45, 41, 38, 33, 29, 25, 23, 23, 20, 18, 19, 21, 24, 27, 32
target_str: 58, 58, 63, 65, 68, 74, 80, 87, 92, 92, 91, 89, 84, 77, 61, 60, 49, 41, 45, 43, 38, 33, 28, 25, 23
mse: 0.022382689799093324
mae: 0.12424922775336825
rsme: 0.14960845497194777
----------------------
max value: 1.1157594302725051
pred_str: 39, 41, 40, 39, 37, 35, 33, 30, 29, 29, 30, 30, 31, 30, 31, 30, 31, 30, 31, 31, 31, 32, 33, 34, 35
target_str: 48, 55, 60, 60, 54, 46, 36, 25, 17, 10, 8, 9, 13, 18, 21, 23, 24, 27, 31, 33, 33, 31, 27, 24, 23
mse: 0.01969959993717381
mae: 0.11782419583677654
rsme: 0.14035526330413764
----------------------
max value: 84.48096819731116
pred_str: 20, 26, 32, 38, 44, 49, 51, 53, 51, 43, 31, 19, 8, -2, -10, -16, -21, -23, -23, -22, -21, -19, -13, -4, 0, 8, 16, 22, 28, 34, 37, 36, 32, 26, 19, 13
target_str: 20, 27, 36, 44, 50, 51, 45, 35, 25, 14, 4, -4, -12, -19, -25, -28, -25, -19, -15, -10, -7, -7, -7, -7, -2
mse: 140.31408819533326
mae: 9.360491276262074
rsme: 11.845424779016296
----------------------
max value: 323.8033973066421
pred_str: 19, 28, 39, 44, 42, 30, 13, -1, -18, -28, -32, -37, -47, -54, -51, -36, -17, 11, 35, 46, 43, 35, 22, 11, 6, 5, 0, -13, -33, -48
target_str: -17, -4, 4, 8, 9, 8, 7, 6, 6, 7, 5, -2, -24, -49, -70, -80, -83, -80, -73, -58, -35, -11, 10, 28, 44
mse: 24718.69599714207
mae: 128.09662397450762
rsme: 157.22180509440182
----------------------
max value: 1.5942111304401607
pred_str: 12, 28, 46, 57, 56, 53, 46, 37, 28, 21, 15, 10, 6, 5, 3, 0, -4, -16, -28, -40, -51, -56, -56, -52, -44, -36, -25, -13, -3, 4, 8, 12, 14, 14
target_str: -29, -16, -9, -4, 0, 3, -2, -16, -26, -39, -52, -59, -59, -69, -54, -29, -26, -13, -1, 6, 10, 16, 23, 27, 26
mse: 0.8162717358291955
mae: 0.8557725348202783
rsme: 0.903477579040673
----------------------
max value: 1.2285575361135035
pred_str: 57, 57, 63, 60, 56, 54, 59, 61, 62, 64, 64, 63, 58, 55, 49, 41, 30, 17, 7, -1, -13, -24, -36, -47, -63, -80, -84, -81, -80, -74, -65, -54
target_str: 66, 58, 51, 37, 18, 0, -12, -20, -28, -39, -50, -57, -65, -75, -86, -86, -79, -80, -71, -57, -42, -20, -2, 4, 6
mse: 1.0208664141129418
mae: 0.8639216593950155
rsme: 1.010379341689517
----------------------
max value: 68.76971772643536
pred_str: 55, 59, 61, 60, 52, 38, 20, -1, -22, -36, -45, -51, -53, -54, -54, -50, -42, -30, -12, 2, 16, 28, 39, 45, 46
target_str: 43, 29, 14, -1, -13, -21, -23, -22, -18, -13, -9, -7, -7, -7, -9, -16, -19, -27, -34, -40, -42, -44, -42, -36, -24
mse: 1089.7950010171394
mae: 29.405931299823763
rsme: 33.0120432723747
----------------------
max value: 0.7033805557760526
pred_str: 66, 63, 55, 57, 60, 64, 66, 60, 58, 58, 56, 60, 66, 75, 77, 85, 85, 87, 89, 87, 81, 69, 60, 55, 54, 54
target_str: 76, 76, 67, 63, 69, 76, 74, 67, 60, 56, 55, 55, 55, 59, 66, 78, 81, 89, 90, 75, 61, 49, 42, 34, 28
mse: 0.007468658537456837
mae: 0.07202616891146778
rsme: 0.08642140092278554
----------------------
max value: 115.00403143508265
pred_str: 79, 72, 58, 36, 13, -6, -21, -30, -37, -40, -40, -39, -36, -31, -23, -3, 16, 42, 62, 71, 71, 54, 33, 10, -1, -19, -31, -37, -40
target_str: 52, 40, 22, 2, -18, -38, -55, -68, -76, -79, -76, -68, -50, -23, 8, 38, 61, 70, 67, 58, 44, 28, 13, 1, -9
mse: 1154.57054489488
mae: 31.373099775490555
rsme: 33.978972098856666
----------------------
max value: 91.41004782265443
pred_str: 13, 3, -1, -11, -19, -27, -32, -34, -31, -23, -10, 0, 14, 23, 29, 27, 19, 11, 2, -2, -3, -2, 0, 4, 7, 9, 10, 9, 5, 2, -2, -5, -6, -5, -4, -2, 0, 2, 4, 4
target_str: -18, -22, -24, -24, -22, -18, -11, 0, 17, 34, 50, 58, 57, 48, 34, 19, 5, -5, -13, -15, -16, -13, -8, -4, -2
mse: 681.6993296344147
mae: 20.84149090356521
rsme: 26.109372448115536
----------------------
max value: 86.97451584571705
pred_str: 40, 40, 42, 44, 43, 42, 38, 32, 22, 10, -2, -11, -11, -10, -9, -9, -9, -8, -6, -4, 0, 10, 22, 34, 41, 43
target_str: -63, -64, -62, -53, -43, -33, -22, -15, -8, 2, 14, 29, 41, 48, 51, 53, 49, 44, 39, 32, 25, 21, 17, 12, 7
mse: 2681.245433685453
mae: 44.87885017638999
rsme: 51.78074385025241
----------------------
max value: 117.07380176672444
pred_str: 40, 45, 49, 52, 51, 49, 44, 35, 22, 1, -11, -20, -25, -24, -17, -11, -3, 1, 4, 3, 1, -3, -11, -17, -20, -19, -18, -17, -15, -13, -11, -8, -6, -4, 0, 12
target_str: -46, -47, -46, -41, -31, -14, 6, 30, 51, 64, 73, 75, 72, 68, 61, 49, 34, 13, -10, -32, -49, -58, -53, -37, -17
mse: 5744.354702794141
mae: 66.4979194034995
rsme: 75.79152131204481
----------------------
max value: 1.2677365602192732
pred_str: 42, 41, 42, 44, 46, 46, 45, 43, 41, 38, 38, 42, 51, 62, 68, 64, 61, 59, 57, 57, 59, 64, 68, 68, 65, 63, 57, 47, 38
target_str: 5, -5, 7, 31, 22, 35, 66, 49, 53, 60, 42, 12, 3, 18, 13, 2, 3, 21, 33, 42, 46, 25, 33, 32, 26
mse: 0.1931608636593813
mae: 0.38894157667527296
rsme: 0.4395006981329851
----------------------
max value: 1.5774595060334473
pred_str: 63, 63, 58, 54, 51, 48, 48, 44, 42, 41, 39, 38, 39, 38, 35, 31, 28, 27, 25, 24, 22, 20, 17, 15, 13, 10, 10, 12
target_str: 92, 98, 87, 76, 57, 37, 17, 0, -13, -22, -23, -19, -13, -9, -6, -4, 15, 46, 55, 47, 37, 39, 41, 34, 28
mse: 0.31908975093685343
mae: 0.5022631067210495
rsme: 0.564880297883413
----------------------
max value: 3.53249676378062
pred_str: 10, 21, 32, 41, 45, 42, 36, 27, 21, 16, 10, 7, 6, 5, 2, 0, -2, -4, -5, -3, 0, 4, 10, 18, 29, 46, 66, 80, 78, 61, 45, 31, 20, 11, 6, 3, 1, 0, 0, 0, 0, 0, 0, 0, 0, 0, 0, 0
target_str: 12, 9, 9, 6, 2, 0, -1, -1, 1, 8, 19, 39, 67, 86, 79, 62, 49, 40, 32, 25, 19, 14, 8, 3, 0
mse: 1.8724288916541616
mae: 1.140289955348384
rsme: 1.3683672356696361
----------------------
max value: 1.3270199072442206
pred_str: 56, 51, 45, 46, 43, 44, 45, 45, 44, 47, 52, 63, 69, 78, 87, 83, 70, 61, 52, 43, 37, 26, 17, 6, -13, -32
target_str: 58, 51, 43, 36, 35, 41, 50, 59, 68, 77, 79, 74, 68, 52, 38, 18, -5, -24, -38, -41, -44, -49, -54, -57, -63
mse: 0.43484276628822044
mae: 0.5047983727157015
rsme: 0.6594260885711305
----------------------
max value: 1.068059217960615
pred_str: 49, 61, 70, 65, 65, 55, 49, 48, 52, 64, 69, 62, 51, 45, 45, 55, 75, 96, 96, 65, 50, 49, 49, 47, 53
target_str: 41, 50, 71, 85, 85, 65, 52, 49, 23, -16, -29, -28, -28, -31, -39, -47, -47, -43, -37, -34, -40, -45, -65, -93, -77
mse: 0.8379724971998311
mae: 0.7574675973776681
rsme: 0.915408377282965
----------------------
max value: 1.3977679483467502
pred_str: 33, 28, 22, 24, 24, 23, 21, 22, 23, 25, 24, 25, 25, 26, 29, 34, 46, 64, 87, 98, 93, 76, 62, 45, 28, 14
target_str: 53, 66, 87, 91, 81, 70, 62, 52, 37, 22, 9, 0, -8, -17, -26, -32, -34, -34, -32, -28, -23, -17, -13, -3, 22
mse: 0.8290330523862807
mae: 0.771567907487406
rsme: 0.9105125218173996
----------------------
max value: 0.9033504344950996
pred_str: 22, 26, 37, 49, 56, 46, 30, 13, -4, -23, -30, -32, -29, -26, -24, -23, -17, -13, -13, -24, -40, -52, -54, -47, -29, -25, -24, -27, -39
target_str: 14, 18, 33, 44, 46, 38, 16, -47, -38, -8, -35, -32, -34, -37, -37, -40, -51, -61, -68, -70, -63, -50, -41, -24, -46
mse: 0.053075372167961626
mae: 0.172720603075463
rsme: 0.23038092839460828
----------------------
max value: 116.84188044500092
pred_str: 33, 29, 23, 12, -5, -14, -23, -32, -38, -41, -42, -37, -30, -21, -11, 0, 15, 28, 44, 61, 79, 88, 92, 81, 63, 41, 19, 1, -12, -23
target_str: -17, 3, 25, 45, 58, 64, 60, 50, 36, 20, 4, -9, -21, -30, -34, -33, -30, -29, -27, -22, -12, 3, 27, 53, 76
mse: 4352.265578264536
mae: 57.86009919636447
rsme: 65.97170286012432
----------------------
max value: 4.069879745437377
pred_str: 3, 4, 4, 3, 0, -3, -8, -12, -15, -15, -11, -2, 5, 13, 22, 30, 32
target_str: 3, 2, 4, 5, 5, 5, 6, 8, 12, 20, 42, 83, 99, 82, 52, 27, 12, 3, -3, -10, -15, -17, -15, -10, -3
mse: 1.8917985615068127
mae: 0.8839778807089985
rsme: 1.3754266834356577
----------------------
max value: 1.3421128758198233
pred_str: 67, 65, 44, 43, 54, 58, 57, 62, 62, 63, 66, 71, 64, 55, 49, 43, 42, 46, 44, 44, 50, 48, 41, 29, 16, 10, 6, 5, 2
target_str: 48, 57, 59, 67, 67, 76, 67, 40, 21, -8, -28, -56, -66, -63, -59, -57, -65, -74, -79, -75, -67, -61, -71, -62, -12
mse: 1.360287996560969
mae: 0.9899424572047018
rsme: 1.166313849939616
----------------------
max value: 4.059336781248802
pred_str: 0, -1, -10, -15, -16, -14, -8, 0, 21, 50, 71, 62, 40, 22, 11, 5, 3, 2, 3, 3, 2, 4, 6, 12, 27, 54, 79
target_str: 1, 2, 2, 1, 1, 7, 22, 62, 96, 96, 60, 25, 12, 2, -1, -4, -7, -11, -15, -17, -15, -6, 4, 34, 69
mse: 1.3286714402334254
mae: 0.8995490307247345
rsme: 1.152680111840846
----------------------
max value: 1.4304087818148197
pred_str: 27, 15, 13, 10, 15, 28, 58, 82, 84, 81, 76, 73, 75, 80, 78, 69, 54, 40, 22, 17, 12, 11, 14, 22, 34, 47
target_str: 24, 21, 19, 15, 14, 15, 25, 45, 64, 80, 78, 79, 83, 80, 66, 54, 35, 12, -10, -33, -52, -62, -65, -73, -81
mse: 0.3780563135756518
mae: 0.41367421970084584
rsme: 0.6148628412708413
----------------------
max value: 4.099949577202679
pred_str: 1, 9, 16, 25, 34, 35, 30, 22, 15, 10, 8, 6, 5, 3, 1, 0, -2, -7, -11, -13, -12, -8, -2, 5, 17, 32, 44, 49
target_str: 29, 52, 72, 72, 55, 36, 26, 20, 16, 13, 10, 7, 4, 2, 1, 3, 10, 27, 58, 90, 98, 75, 40, 23, 15
mse: 3.107554643664119
mae: 1.1266661438152963
rsme: 1.7628257553326474
----------------------
max value: 223.62932948950453
pred_str: 16, 26, 37, 47, 56, 57, 56, 55, 54, 53, 51, 48, 43, 34, 22, 12, 0, -3, -7, -11, -14, -16, -17, -18, -19, -20, -21, -22, -23, -24, -24, -24, -24, -24
target_str: 24, 8, -4, -15, -23, -29, -31, -31, -30, -26, -21, -16, -10, -4, 0, 5, 10, 15, 19, 22, 23, 21, 16, 9, 0
mse: 13799.580609258895
mae: 100.72265000207284
rsme: 117.47161618560841
----------------------
max value: 3.5567151713401364
pred_str: 1, 1, 2, 3, 5, 10, 20, 35, 52, 67, 64, 51, 39, 29, 23, 19, 15, 10, 6, 2, -1, -3, -4, -2, 0, 3, 13, 26, 45, 67, 86, 86, 69, 54, 40, 31, 24, 20, 17, 14, 11, 9, 8
target_str: 0, 1, 4, 9, 17, 31, 53, 77, 87, 75, 58, 45, 34, 28, 24, 21, 17, 10, 4, -1, -5, -8, -7, -2, 4
mse: 0.25067681520377433
mae: 0.290227957981355
rsme: 0.5006763577439765
----------------------
max value: 0.8701004692292774
pred_str: 19, 22, 25, 29, 36, 43, 48, 49, 44, 39, 36, 38, 45, 66, 85, 87, 81, 66, 48, 30, 11, 3, 0, -3, -6, -10, -18, -26, -26, -24
target_str: -67, -101, -74, 70, 73, 19, 41, 32, 14, 12, 28, 31, 33, 39, 44, 48, 63, 86, 102, 98, 76, 78, 60, -2, -22
mse: 0.1940473629434548
mae: 0.3487362680670944
rsme: 0.4405080736416244
----------------------
max value: 55.41006693244366
pred_str: 1, 7, 16, 26, 32, 37, 40, 41, 40, 34, 26, 18, 12, 7, 5, 6, 9, 13, 17, 23, 26, 26, 23, 18, 15, 13, 12, 10, 8, 7, 7, 7, 6
target_str: -3, -4, -9, -18, -21, -27, -31, -33, -33, -38, -38, -32, -19, 0, 25, 45, 63, 69, 71, 57, 42, 25, 7, -8, -19
mse: 646.3421208331644
mae: 22.00887858556662
rsme: 25.423259445499202
----------------------
max value: 138.5283982537536
pred_str: 34, 35, 34, 29, 24, 19, 13, 6, -2, -12, -19, -24, -25, -19, -12, -4, 1, 6, 11, 14, 13, 9, 5, 1, 0, 0, 0, 0, -1, -5, -10, -16, -20, -20, -15, -9, -1, 2, 8, 16, 25
target_str: -25, -24, -22, -15, 0, 25, 49, 66, 67, 58, 42, 24, 8, -1, -4, -4, -1, 1, 5, 9, 15, 21, 31, 45, 60
mse: 3159.0770807471977
mae: 45.04943511212068
rsme: 56.20566769238844
----------------------
max value: 0.6906413385923199
pred_str: 18, 11, -10, -26, -35, -23, -12, 2, 17, 29, 33, 34, 33, 35, 37, 34, 33, 32, 33, 34, 33, 30, 26, 23, 17, 10
target_str: -14, -53, -60, -71, -55, -42, -54, -66, -72, -87, -99, -99, -86, -69, -45, -48, -77, -16, 18, 28, 11, -11, -2, 11, 32
mse: 0.24744479237278616
mae: 0.4127272639427703
rsme: 0.49743822970574564
----------------------
max value: 1.2373675175263328
pred_str: 21, 27, 36, 42, 48, 49, 48, 43, 38, 26, 12, -1, -10, -22, -32, -36, -34, -24, -14, -8, -5, -3, -1, -2, -3, -4, -10, -14, -15, -15, -14, -10, -4, -2, 0, 1, 2, 3, 3, 3, 2, 0, -4, -12, -17
target_str: -13, -17, -18, -18, -20, -21, -19, -18, -14, -8, -3, 3, 3, 0, 0, -6, -17, -34, -50, -69, -81, -82, -75, -66, -54
mse: 0.3896043272163081
mae: 0.5583002239078814
rsme: 0.6241829276873152
----------------------
max value: 0.4095369217376126
pred_str: 16, 26, 44, 55, 55, 54, 49, 39, 29, 21, 17, 13, 8, 3, -3, -6, -6, -4, -4, -2, 0, 2, 2, 2, 0, 0, 0, 0, 0, 0, 0, 0, 0, 0, 0, 0, 0, 0, 0, 0
target_str: 15, 15, 16, 13, 6, 1, -7, -13, -21, -15, -25, -36, -22, -20, -27, -42, -62, -77, -77, -63, -49, -30, -16, -5, 0
mse: 0.03105848038751703
mae: 0.15578784502898782
rsme: 0.1762341635084328
----------------------
max value: 3.0789129706521985
pred_str: 2, 2, 2, 2, 2, 4, 12, 30, 58, 87, 93, 65, 38, 25, 19, 13, 9, 6, 2, 0, -1, -3, -4, -4, -4, -1, 2, 13, 33, 56, 79, 87, 69, 42, 24, 14, 9, 6, 5, 4, 4
target_str: 7, 6, 5, 4, 6, 12, 17, 22, 30, 43, 54, 58, 52, 38, 25, 16, 13, 15, 18, 16, 9, 6, 10, 23, 40
mse: 0.3251159654528433
mae: 0.4211952943852208
rsme: 0.5701894119087475
----------------------
max value: 1.7578727664155078
pred_str: 34, 48, 43, 35, 30, 33, 26, 20, 18, 17, 17, 20, 31, 50, 61, 63, 63, 63, 43, 29, 19, 12, 11, 12, 19
target_str: 41, 37, 22, 0, -14, -26, -42, -51, -56, -64, -71, -68, -57, -48, -34, 4, 69, 73, 54, 49, 22, 11, 11, 9, 2
mse: 0.930273441134318
mae: 0.7439317547470428
rsme: 0.964506838303554
----------------------
max value: 261.0921159996241
pred_str: 17, 18, 22, 27, 27, 23, 15, 7, -4, -24, -40, -56, -68, -73, -72, -65, -53, -40, -24, -11, 0, 16, 27, 37, 41, 41, 37, 30, 22, 14, 12, 15
target_str: -97, -91, -77, -60, -41, -23, -8, 2, 8, 11, 11, 11, 9, 4, 0, -2, -7, -24, -48, -68, -75, -67, -45, -14, 14
mse: 28968.04707158342
mae: 152.06004835818115
rsme: 170.2000207743331
----------------------
AVG MSE: 2468.0251393206418
Median MSE: 1.3444797183971973
AVG RMSE: 25.89421892242902
Median RMSE: 1.1594969808902311
AVG MAE: 21.854779745324578
Median MAE: 0.9012362262223225
Number of False Outputs: 46
----------------------
