max value: 0.4657017531985316
pred_str: -3, -1, 1, 2, 1, 1, 0, 0, 0, 0, 0, 0, 0, 0, 0, 0, 0, 0, 0, 0, 0, 0, 0, 0, 0, 0, 0, 0, 0, 0, 0, 0, 0, 0, 0, 0, 0, 0, 0, 0, 0, 0, 0, 0, 0, 0, 0, 0, 0, 0, 0, 0, 0, 0, 0, 0, 0, 0, 0, 0, 0, 0, 0, 0, 0, 0, 0, 0, 0, 0, 0, 0, 0
target_str: 58, 58, 63, 65, 68, 74, 80, 87, 92, 92, 91, 89, 84, 77, 61, 60, 49, 41, 45, 43, 38, 33, 28, 25, 23, 20, 21, 22, 17, 18, 20, 24, 30, 37, 41, 44, 48, 45, 45, 46, 48, 50, 52, 54, 50, 46, 32, 19, 27, 25
mse: 0.06060182013469487
mae: 0.22390940293785405
rsme: 0.24617436936995465
----------------------
max value: 91.41004782265443
pred_str: -28, -35, -42, -47, -49, -46, -41, -34, -26, -19, -16, -15, -14, -14, -14, -13, -13, -13, -13, -12, -12, -13, -12, -13, -12, -12, -11, -10, -11, -13, -15, -19, -24, -30, -33, -35, -36, -35, -33, -30, -26, -22, -19, -18, -17, -17, -18, -19, -21, -23, -24, -25, -25, -24, -23, -23, -23, -22, -21
target_str: -18, -22, -24, -24, -22, -18, -11, 0, 17, 34, 50, 58, 57, 48, 34, 19, 5, -5, -13, -15, -16, -13, -8, -4, -2, -2, -5, -10, -15, -18, -20, -19, -19, -17, -17, -18, -19, -21, -23, -21, -15, 0, 19, 37, 50, 55, 52, 41, 28, 15
mse: 1011.9872672421457
mae: 23.76661243389016
rsme: 31.811747315137307
----------------------
max value: 1.068059217960615
pred_str: -50, -48, -48, -47, -45, -46, -44, -55, -70, -82, -87, -67, 53, 36, 12, 10, 12, 28, 42, 42, 42, 54, 87, 101, 90, 65, 50, 57, 26, -14, -19, -28, -39, -54, -58, -56, -54, -49, -53, -49, -49, -54, -75, -85, -60, 53, 45, 17, 26, 36, 22
target_str: 41, 50, 71, 85, 85, 65, 52, 49, 23, -16, -29, -28, -28, -31, -39, -47, -47, -43, -37, -34, -40, -45, -65, -93, -77, 29, 66, 16, 21, 38, 37, 22, 19, 29, 44, 44, 37, 41, 61, 76, 82, 62, 32, 30, 31, 0, -25, -38, -45, -44
mse: 0.986087541220123
mae: 0.9142586905742864
rsme: 0.9930194062656192
----------------------
max value: 145.27823263056464
pred_str: 91, 80, 64, 47, 28, 3, -19, -38, -56, -68, -74, -74, -69, -57, -43, -26, -8, 8, 23, 32, 38, 40, 41, 38, 33, 24, 14, 6, -1, -10, -18, -23, -23, -21, -17, -11, -5, 0, 8, 15, 21, 23, 23, 20, 12, -2, -20, -44, -66, -78, -82, -79, -69, -54, -36, -17, 1, 19, 34
target_str: -104, -98, -88, -75, -56, -33, -12, 5, 16, 22, 21, 19, 15, 14, 14, 16, 19, 20, 20, 19, 16, 11, 5, 2, 0, -6, -11, -15, -13, -9, 0, 5, 7, 3, -6, -24, -43, -61, -73, -76, -72, -64, -53, -36, -9, 22, 54, 82, 100, 106
mse: 12915.672816027589
mae: 87.8352194484394
rsme: 113.64714169757015
----------------------
max value: 86.97451584571705
pred_str: -60, -63, -58, -48, -31, -14, 5, 29, 54, 75, 87, 88, 79, 60, 38, 14, -1, -14, -23, -31, -34, -33, -28, -21, -13, -5, -1, 0, 13, 34, 55, 72, 82, 82, 73, 55, 31, 9, -12, -26, -38, -47, -50, -50, -47, -43, -37, -31, -25, -17, -9, 1, 17, 33, 50, 67, 78, 82
target_str: -63, -64, -62, -53, -43, -33, -22, -15, -8, 2, 14, 29, 41, 48, 51, 53, 49, 44, 39, 32, 25, 21, 17, 12, 7, 0, -7, -14, -17, -9, 8, 28, 47, 58, 59, 51, 35, 16, -9, -31, -50, -62, -66, -61, -52, -39, -24, -13, -5, 3
mse: 898.8671678302816
mae: 23.430934568836175
rsme: 29.981113518851856
----------------------
max value: 1.2677365602192732
pred_str: -17, -28, -34, -44, -55, -56, -51, -44, -34, -28, -23, -19, -16, -14, -12, -12, -13, -12, -9, -4, -1, 12, 25, 13, 7, 7, 3, -2, -8, -15, -17, -13, -6, 1, 12, 6, 0, -1, -3, -10, -18, -30, -43, -55, -61, -61, -53, -47, -42, -36, -24, -13, 2, 13, 1, 0, 0, 0, 0, 0, 0, 0, 0, 0, 0, 0, 0, 0, 0, 0, 0, 0, 0, 0, 0, 0, 0, 0, 0, 0, 0, 0, 0, 0, 0, 0, 0, 0, 0, 0, 0, 0, 0, 0, 0, 0, 0, 0
target_str: 5, -5, 7, 31, 22, 35, 66, 49, 53, 60, 42, 12, 3, 18, 13, 2, 3, 21, 33, 42, 46, 25, 33, 32, 26, 28, 17, 19, 19, 23, 23, 26, 22, 26, 33, 27, 28, 22, 10, 16, 24, 18, 29, 53, 54, 23, 9, 17, 31, 3
mse: 0.4589041059637602
mae: 0.566678242418015
rsme: 0.6774246127531537
----------------------
max value: 4.059336781248802
pred_str: 41, 36, 26, 16, 10, 6, 1, -4, -10, -15, -18, -18, -14, -3, 17, 48, 70, 66, 41, 23, 12, 6, 2, 0, 0, 0, 0, 0, 1, 8, 29, 69, 92, 76, 44, 23, 11, 6, 4, 5, 6, 5, 3, 1, 11, 36, 77, 88, 65, 38, 21, 12, 7, 4, 2, -1, -4, -7, -10, -13, -12, -5, 8, 32, 65, 78, 62, 34, 16, 8, 4
target_str: 1, 2, 2, 1, 1, 7, 22, 62, 96, 96, 60, 25, 12, 2, -1, -4, -7, -11, -15, -17, -15, -6, 4, 34, 69, 83, 67, 38, 22, 13, 10, 8, 8, 9, 10, 9, 8, 7, 14, 39, 79, 94, 68, 39, 22, 13, 6, 3, 0, -3
mse: 4.492521696554714
mae: 1.741455479155736
rsme: 2.119556957610414
----------------------
max value: 125.1331162831952
pred_str: 42, 33, 12, -9, -34, -45, -49, -49, -49, -52, -49, -55, -63, -69, -67, -60, -52, -37, -20, 0, 17, 26, 27, 16, -1, -18, -17, -7, 6, 13, 13, 8, 3, -1, -2, -2, -3, -3, -3, -4, -5, -6, -8, -11, -14, -18, -22, -22, -18, -11, -4, 5, 13, 18, 20, 14, 6, 0, -3, -6, -8
target_str: 37, 42, 49, 59, 68, 72, 74, 72, 68, 65, 59, 51, 43, 35, 28, 22, 13, 2, -15, -37, -59, -75, -84, -84, -78, -67, -53, -42, -37, -31, -16, 0, 12, 19, 16, 3, -15, -30, -37, -37, -28, -13, 5, 24, 41, 54, 61, 67, 64, 45
mse: 7760.846904770604
mae: 73.70340549080198
rsme: 88.09566904661435
----------------------
max value: 132.69174574791145
pred_str: -21, -25, -26, -25, -16, -3, 17, 35, 47, 52, 50, 41, 27, 6, -16, -31, -42, -51, -53, -49, -33, -17, -3, 15, 31, 40, 44, 46, 44, 34, 21, 7, -4, -11, -10, -9, -8, -7, -5, -1, 11, 34, 53, 63, 65, 60, 46, 29, 9, -8, -21, -31, -40, -45, -44, -35, -18, 1, 20
target_str: -32, -14, 5, 23, 37, 47, 57, 66, 74, 78, 75, 61, 40, 14, -13, -36, -45, -36, -18, 1, 17, 27, 30, 27, 23, 19, 20, 21, 19, 13, 6, 3, 7, 13, 20, 32, 42, 48, 47, 40, 31, 21, 14, 8, 6, 9, 15, 22, 28, 30
mse: 1898.5735271836281
mae: 37.76407083985558
rsme: 43.57262359766311
----------------------
max value: 203.76651784696872
pred_str: -29, -23, -16, -9, 4, 18, 34, 50, 65, 75, 77, 73, 60, 42, 22, 1, -19, -36, -49, -59, -62, -62, -58, -53, -44, -34, -26, -20, -15, -12, -11, -11, -10, -9, -8, -7, -7, -8, -9, -11, -14, -19, -26, -35, -43, -48, -48, -44, -35, -24, -11, 0, 17, 32, 48, 61, 71
target_str: -24, -18, -10, -1, 6, 14, 20, 28, 40, 55, 68, 75, 75, 70, 60, 46, 27, 8, -6, -18, -24, -27, -28, -26, -23, -19, -14, -10, -5, -2, 0, 2, 11, 25, 43, 60, 69, 70, 63, 48, 30, 11, -4, -18, -29, -37, -42, -44, -41, -37
mse: 4409.2591763171
mae: 51.96046205097703
rsme: 66.40225279549709
----------------------
max value: 0.6697612007286137
pred_str: -83, -76, -73, -81, -80, -71, -62, -49, -33, -11, -38, -37, -25, -22, -12, -1, 4, -11, 5, 1, 1, 1, 0, -1, -1, -1, -1, -1, -1, -1, -1, -1, -1, -1, -1, -1, -1, -1, -1, -1, -1, -1, -1, -1, -1, -1, -1, -1, -1, -1, -1, -1, -1, -1, -1, -1, -1, -1, -1, -1, -1, -1, -1, -1, -1, -1, -1, -1, -1, -1, -1, -1, -1, -1, -1
target_str: -14, -55, -62, -74, -57, -43, -55, -69, -74, -90, -102, -102, -89, -71, -46, -49, -79, -16, 18, 29, 11, -12, -2, 12, 33, 38, 32, 23, 23, 37, 66, 79, 70, 46, 28, 13, -48, -58, -44, -77, -78, -80, -68, -63, -66, -74, -87, -97, -103, -96
mse: 0.13131015124020384
mae: 0.3110371016183683
rsme: 0.3623674257438213
----------------------
max value: 1.2373675175263328
pred_str: -22, -20, -18, -18, -19, -20, -23, -28, -34, -39, -41, -40, -37, -32, -27, -21, -16, -12, -10, -11, -15, -18, -21, -23, -23, -24, -23, -23, -21, -20, -18, -18, -17, -17, -16, -14, -12, -11, -10, -11, -11, -10, -11, -11, -12, -14, -16, -16, -14, -12, -9, -8, -9, -10, -10, -10, -10, -11, -13, -14, -14, -14, -14, -14, -16
target_str: -13, -17, -18, -18, -20, -21, -19, -18, -14, -8, -3, 3, 3, 0, 0, -6, -17, -34, -50, -69, -81, -82, -75, -66, -54, -41, -31, -26, -24, -20, -16, -11, -7, -7, -7, -9, -24, -46, -76, -89, -59, -37, -35, -32, -24, -13, -1, 9, 16, 21
mse: 0.14588114742034172
mae: 0.2855844230450776
rsme: 0.3819439061175629
----------------------
max value: 115.00403143508265
pred_str: -16, -34, -50, -58, -57, -52, -45, -37, -28, -15, 0, 19, 35, 49, 54, 50, 40, 29, 12, -1, -13, -16, -16, -13, -11, -9, -7, -1, 11, 25, 35, 39, 35, 27, 17, 6, -2, -10, -14, -15, -15, -14, -11, -7, 0, 15, 32, 49, 57, 59, 50, 36, 20, 5, -1, -4, -3
target_str: 52, 40, 22, 2, -18, -38, -55, -68, -76, -79, -76, -68, -50, -23, 8, 38, 61, 70, 67, 58, 44, 28, 13, 1, -9, -17, -22, -24, -26, -27, -25, -14, 5, 30, 55, 72, 80, 77, 65, 48, 27, 8, -9, -21, -32, -39, -44, -47, -48, -46
mse: 4149.555317969885
mae: 55.75395443972807
rsme: 64.4170421392498
----------------------
max value: 223.62932948950453
pred_str: -1, -1, -1, -1, -1, -1, -1, -1, -1, -1, -1, -1, -1, -1, -1, -1, -1, -1, -1, -1, -1, -1, -1, -1, -1, -1, -1, -1, -1, -1, -1, -1, -1, -1, -1, -1, -1, -1, -1, -1, -1, -1, -1, -1, -1, -1, -1, -1, -1, -1, -1, -1, -1, -1, -1, -1, -1, -1, -1, -1, -1, -1, -1, -1, -1, -1, -1, -1, -1, -1, -1, -1, -1, -1, -1, -1, -1, -1, -1, -1, -1, -1, -1, -1, -1, -1, -1, -1, -1, -1, -1, -1, -1, -1, -1, -1, -1, -1, -1, -1, -1, -1, -1, -1, -1, -1, -1, -1, -1, -1, -1, -1, -1, -1, -1, -1, -1, -1, -1, -1, -1, -1, -1, -1, -1, -1, -1, -1, -1, -1, -1, -1, -1, -1, -1, -1, -1, -1, -1, -1, -1, -1, -1, -1, -1, -1, -1, -1, -1, -1, -1, -1, -1, -1, -1, -1, -1, -1, -1, -1, -1, -1, -1, -1, -1, -1, -1, -1, -1, -1, -1
target_str: 24, 8, -4, -15, -23, -29, -31, -31, -30, -26, -21, -16, -10, -4, 0, 5, 10, 15, 19, 22, 23, 21, 16, 9, 0, -9, -19, -29, -37, -43, -43, -37, -26, -11, 3, 15, 21, 22, 20, 16, 9, 2, -1, 0, 5, 14, 21, 25, 24, 20
mse: 2158.634963970091
mae: 39.8060206491318
rsme: 46.46111238412282
----------------------
max value: 68.76971772643536
pred_str: -4, -13, -23, -32, -38, -41, -42, -40, -37, -33, -26, -16, -6, 3, 18, 30, 38, 41, 36, 27, 16, 5, -2, -5, -7, -8, -10, -12, -16, -20, -24, -26, -25, -18, -8, 2, 16, 27, 34, 36, 33, 24, 14, 6, 2, 1, -1, -1, -2, -4, -5, -7, -11, -16, -20, -24, -27, -29, -24, -11, 1
target_str: 43, 29, 14, -1, -13, -21, -23, -22, -18, -13, -9, -7, -7, -7, -9, -16, -19, -27, -34, -40, -42, -44, -42, -36, -24, -8, 12, 34, 50, 56, 56, 47, 33, 14, -4, -20, -34, -39, -42, -43, -39, -37, -36, -37, -40, -47, -54, -66, -77, -88
mse: 1165.5390546211356
mae: 30.09362847708811
rsme: 34.1399920126109
----------------------
max value: 222.60005948993262
pred_str: -28, -41, -47, -47, -45, -35, -25, -13, 1, 21, 40, 50, 51, 49, 45, 39, 33, 27, 20, 12, 1, -12, -23, -31, -35, -35, -33, -30, -28, -26, -24, -22, -20, -17, -14, -1, 16, 30, 39, 42, 40, 36, 30, 23, 14, 5, -2, -6, -8, -10, -11, -12, -14, -17, -21, -25, -30
target_str: -5, -2, -5, -11, -14, -10, 2, 18, 35, 46, 49, 44, 33, 18, 3, -11, -24, -31, -35, -34, -31, -27, -23, -19, -17, -17, -14, -7, 4, 18, 30, 37, 36, 30, 18, 3, -11, -24, -34, -40, -42, -41, -38, -34, -30, -26, -21, -12, 1, 18
mse: 8586.457586826114
mae: 80.44766149966166
rsme: 92.66314038940249
----------------------
max value: 1.5189687410043196
pred_str: -23, -47, -71, -86, -93, -86, -73, -57, -39, -28, -20, -12, -4, 1, 7, 13, 16, 19, 21, 19, 16, 13, 9, -2, -21, -50, -74, -92, -94, -86, -70, -52, -37, -25, -19, -15, -9, -2, 0, 3, 10, 16, 20, 20, 18, 15, 10, 2, -11, -32, -55, -71, -80, -77, -66, -47, -28, -15, -1
target_str: -31, -17, -9, -5, 0, 3, -2, -17, -27, -41, -55, -62, -62, -72, -57, -30, -27, -13, -1, 6, 11, 17, 24, 28, 28, 23, 21, 10, -9, -35, -82, -101, -104, -101, -91, -72, -47, -28, -15, -9, -6, -3, -5, -18, -32, -38, -51, -65, -65, -61
mse: 0.6396987375862462
mae: 0.6917383646533672
rsme: 0.799811688828218
----------------------
max value: 261.0921159996241
pred_str: -13, -40, -64, -81, -86, -84, -73, -57, -35, -15, 1, 17, 29, 40, 48, 52, 50, 44, 34, 24, 13, -4, -26, -50, -68, -81, -84, -79, -67, -49, -24, -10, -1, 6, 10, 6, 1, -11, -25, -38, -49, -55, -52, -42, -26, -9, 10, 20, 26, 28, 26, 21, 14, 6, 1, -1, -2, -4, -6
target_str: -97, -91, -77, -60, -41, -23, -8, 2, 8, 11, 11, 11, 9, 4, 0, -2, -7, -24, -48, -68, -75, -67, -45, -14, 14, 35, 47, 49, 45, 36, 26, 16, 8, -1, -19, -45, -68, -77, -71, -54, -33, -13, 4, 18, 27, 30, 28, 21, 13, 2
mse: 23956.52802786348
mae: 130.23274746061247
rsme: 154.77896506910582
----------------------
max value: 1.2285575361135035
pred_str: -6, -1, 0, 1, 2, 4, 6, 7, 9, 12, 15, 17, 17, 17, 19, 25, 34, 40, 43, 43, 42, 47, 59, 68, 70, 65, 62, 53, 35, 15, -5, -22, -35, -46, -61, -78, -90, -94, -95, -94, -94, -93, -88, -78, -60, -27, -12, -1, 4, 9, 13, 17, 21, 26, 33, 41, 48, 49, 48
target_str: 66, 58, 51, 37, 18, 0, -12, -20, -28, -39, -50, -57, -65, -75, -86, -86, -79, -80, -71, -57, -42, -20, -2, 4, 6, 2, 3, 13, 28, 38, 46, 52, 53, 49, 50, 55, 58, 56, 57, 61, 53, 43, 26, 8, -5, -19, -30, -39, -43, -52
mse: 1.1079138560591266
mae: 0.9204353060562366
rsme: 1.0525748695741917
----------------------
max value: 84.48096819731116
pred_str: -17, -21, -21, -20, -18, -14, -10, -6, -1, 1, 2, 4, 7, 10, 15, 19, 20, 17, 11, 4, -1, -5, -7, -8, -7, -6, -5, -4, -2, 1, 5, 10, 16, 21, 25, 27, 26, 22, 15, 8, 1, -1, -1, -1, -2, -4, -7, -12, -17, -22, -24, -24, -19, -8, 3, 17, 31, 40, 42, 40, 32, 23, 14, 8, 5, 5
target_str: 20, 27, 36, 44, 50, 51, 45, 35, 25, 14, 4, -4, -12, -19, -25, -28, -25, -19, -15, -10, -7, -7, -7, -7, -2, 6, 17, 27, 34, 39, 44, 50, 54, 57, 55, 49, 41, 28, 18, 6, -3, -12, -22, -29, -31, -30, -26, -19, -9, 0
mse: 719.9982627325335
mae: 21.948155537661442
rsme: 26.83278335791003
----------------------
max value: 1.3270199072442206
pred_str: -4, -10, -23, -33, -44, -54, -61, -66, -69, -67, -61, -51, -36, -11, 11, 31, 49, 63, 62, 57, 54, 51, 49, 49, 46, 48, 49, 48, 44, 39, 33, 25, 16, 5, -10, -24, -32, -35, -33, -29, -23, -14, -2, 16, 39, 62, 60, 56, 54, 50, 49, 48
target_str: 58, 51, 43, 36, 35, 41, 50, 59, 68, 77, 79, 74, 68, 52, 38, 18, -5, -24, -38, -41, -44, -49, -54, -57, -63, -63, -52, -38, -23, -4, 21, 44, 51, 49, 49, 47, 49, 43, 41, 45, 53, 59, 66, 79, 91, 85, 67, 55, 36, 11
mse: 1.1643365350422115
mae: 0.96898993626973
rsme: 1.0790442692689728
----------------------
max value: 4.032283656964537
pred_str: 15, 45, 94, 105, 81, 50, 35, 26, 23, 23, 22, 20, 16, 10, 4, -2, -10, -15, -16, -13, -9, -4, 6, 25, 60, 95, 88, 58, 40, 31, 26, 23, 21, 18, 13, 8, 5, 3, 4, 8, 15, 28, 62, 88, 76, 50, 35, 28, 24, 20, 15, 9, 0, -4, -12, -17, -17, -14, -9, -3, 1
target_str: 27, 19, 10, 0, -10, -19, -23, -23, -19, -12, -5, 4, 24, 62, 96, 93, 66, 42, 26, 19, 17, 17, 15, 12, 9, 6, 6, 5, 5, 7, 14, 29, 56, 91, 87, 60, 44, 35, 28, 21, 14, 6, -2, -11, -18, -20, -19, -14, -9, 0
mse: 4.860428502395431
mae: 1.879044184145474
rsme: 2.2046379526796303
----------------------
max value: 0.9033504344950996
pred_str: -21, -18, -15, -14, -26, -38, -46, -57, -69, -66, -49, -28, -17, -17, -22, -29, -21, -3, 12, 15, 22, 26, 19, 16, 23, 35, 41, 35, 23, -10, -44, -26, -17, -23, -15, -19, -32, -46, -61, -66, -64, -54, -32, -22, -18, -26, -15, 1, 8, 6, -5, -5, -2, 6, 10, 13
target_str: 14, 18, 33, 44, 46, 38, 16, -47, -38, -8, -35, -32, -34, -37, -37, -40, -51, -61, -68, -70, -63, -50, -41, -24, -46, -32, 18, 28, 24, -7, -7, 0, 14, 28, 28, 23, 22, 27, 37, 44, 45, 31, 16, -21, -46, -13, -28, -39, -29, -25
mse: 0.228858981004072
mae: 0.4012682630027231
rsme: 0.47839207874302436
----------------------
max value: 1.5774595060334473
pred_str: -15, -13, -10, -8, -6, -1, 14, 44, 48, 42, 38, 46, 53, 46, 38, 34, 30, 28, 27, 27, 32, 59, 81, 90, 88, 75, 60, 41, 21, 2, -11, -19, -25, -25, -20, -12, -6, -1, 15, 42, 47, 43, 43, 53, 56, 47, 39, 33, 28, 26, 25, 25, 26, 33, 63, 85, 92, 89, 76, 59
target_str: 92, 98, 87, 76, 57, 37, 17, 0, -13, -22, -23, -19, -13, -9, -6, -4, 15, 46, 55, 47, 37, 39, 41, 34, 28, 24, 21, 17, 14, 12, 12, 10, 11, 20, 47, 68, 78, 87, 83, 70, 53, 35, 17, 0, -14, -24, -28, -24, -14, -8
mse: 0.7436767964703663
mae: 0.7496087572670941
rsme: 0.8623669732024565
----------------------
max value: 1.3977679483467502
pred_str: -10, -16, -21, -26, -32, -35, -36, -34, -33, -33, -31, -28, -25, -22, -18, -12, 14, 76, 60, 47, 45, 36, 31, 29, 29, 33, 34, 34, 33, 33, 38, 50, 67, 82, 89, 84, 77, 63, 52, 40, 28, 16, 5, -3, -10, -16, -21, -26, -30, -32, -32, -30
target_str: 53, 66, 87, 91, 81, 70, 62, 52, 37, 22, 9, 0, -8, -17, -26, -32, -34, -34, -32, -28, -23, -17, -13, -3, 22, 71, 61, 49, 55, 45, 39, 33, 30, 30, 31, 27, 24, 22, 21, 24, 30, 39, 56, 73, 89, 83, 66, 59, 46, 38
mse: 0.7836629482627859
mae: 0.7517196026208822
rsme: 0.8852473938186918
----------------------
max value: 0.8701004692292774
pred_str: -59, -57, -41, -24, -20, -27, -37, -46, -44, -37, -25, -15, -6, 1, 10, 21, 29, 36, 40, 41, 40, 35, 35, 38, 49, 64, 69, 63, 53, 43, 33, 22, 24, 19, 14, 13, 14, 17, 17, 16, 12, 11, 10, 9, 10, 14, 23, 33, 45, 55, 66, 76
target_str: -67, -101, -74, 70, 73, 19, 41, 32, 14, 12, 28, 31, 33, 39, 44, 48, 63, 86, 102, 98, 76, 78, 60, -2, -22, -15, -18, -24, -27, -31, -32, -33, -34, -37, -41, -43, -45, -51, -79, -92, -18, 96, 78, 45, 43, 16, 4, 14, 24, 19
mse: 0.25938292047497946
mae: 0.46428561038074245
rsme: 0.5092964956437257
----------------------
max value: 1.3421128758198233
pred_str: 40, 35, 32, 26, 19, 9, -1, -22, -42, -61, -73, -81, -81, -74, -69, -65, -72, -53, -14, -1, 20, 27, 22, 15, 1, -11, -23, -35, -49, -61, -72, -78, -76, -61, -57, -58, -39, -31, -20, -11, -14, -18, -25, -35, -43, -52, -59, -65, -75, -74, -59, -35, -12, 11
target_str: 48, 57, 59, 67, 67, 76, 67, 40, 21, -8, -28, -56, -66, -63, -59, -57, -65, -74, -79, -75, -67, -61, -71, -62, -12, 0, 5, 11, 5, 12, 28, 35, 32, 35, 42, 49, 53, 62, 67, 70, 55, 61, 48, 30, 4, -23, -41, -54, -54, -53
mse: 0.7232050864997619
mae: 0.72984098187082
rsme: 0.8504146556238091
----------------------
max value: 2.4562661091401266
pred_str: -10, -17, -18, -18, -11, -1, 11, 29, 59, 89, 89, 73, 58, 46, 36, 26, 16, 10, 5, 3, 2, 0, 0, 1, 5, 12, 24, 40, 66, 93, 83, 65, 51, 41, 33, 24, 14, 8, 4, 1, -1, -6, -9, -11, -12, -10, -7, 0, 10, 24, 52, 86, 85, 68, 52, 41, 32, 24, 18, 14, 11, 8, 7
target_str: 73, 103, 86, 61, 50, 39, 28, 17, 8, 1, -5, -11, -16, -19, -19, -13, -4, 6, 22, 48, 81, 101, 90, 69, 51, 38, 30, 26, 25, 24, 20, 16, 12, 8, 10, 12, 14, 20, 37, 58, 84, 88, 71, 60, 47, 32, 20, 12, 5, 0
mse: 2.103212712112953
mae: 1.2340280932319994
rsme: 1.4502457419737365
----------------------
max value: 71.3028563089283
pred_str: -14, -27, -38, -45, -43, -33, -19, -1, 15, 28, 38, 44, 46, 46, 43, 35, 22, 6, -7, -17, -25, -28, -25, -21, -16, -11, -1, 6, 16, 24, 27, 27, 26, 24, 24, 24, 23, 21, 16, 9, 3, 1, 7, 18, 30, 37, 42, 44, 44, 42, 36, 26, 13, -2, -14, -24, -30, -30, -27, -21, -15
target_str: -5, -6, -11, -15, -19, -21, -18, -15, -13, -12, -7, -5, -3, -1, -1, 0, 3, 11, 21, 36, 50, 61, 68, 66, 55, 36, 13, -7, -21, -21, -10, 7, 28, 48, 64, 73, 73, 67, 53, 38, 22, 9, -4, -15, -28, -40, -53, -60, -67, -67
mse: 1327.4374732913575
mae: 30.08980536236775
rsme: 36.434015333083416
----------------------
max value: 3.53249676378062
pred_str: -1, -1, -1, -1, -2, -2, -3, -3, -3, -2, -1, 1, 3, 7, 12, 20, 30, 46, 64, 77, 72, 55, 37, 23, 13, 7, 4, 1, 0, 0, 1, 6, 13, 24, 40, 63, 81, 81, 63, 46, 31, 21, 16, 11, 6, 1, -2, -5, -6, -2, 1, 7, 14, 24, 39, 56, 71, 71, 58, 43, 28, 16, 10, 6, 3, 0, 0, 0, 1, 5, 9, 12, 13
target_str: 12, 9, 9, 6, 2, 0, -1, -1, 1, 8, 19, 39, 67, 86, 79, 62, 49, 40, 32, 25, 19, 14, 8, 3, 0, -3, -4, -3, -1, 1, 13, 34, 55, 69, 75, 73, 58, 37, 20, 9, 3, 1, 0, 1, 2, 3, 4, 6, 12, 24
mse: 1.089251179274463
mae: 0.7933987731451271
rsme: 1.0436719691907332
----------------------
max value: 1.1157594302725051
pred_str: 14, 17, 25, 34, 43, 42, 43, 42, 42, 41, 43, 46, 50, 54, 56, 55, 51, 47, 41, 36, 32, 30, 30, 33, 37, 43, 47, 49, 51, 54, 57, 59, 61, 63, 65, 67, 69, 69, 69, 70, 72, 75, 80, 86, 91, 96, 100, 105, 111
target_str: 48, 55, 60, 60, 54, 46, 36, 25, 17, 10, 8, 9, 13, 18, 21, 23, 24, 27, 31, 33, 33, 31, 27, 24, 23, 24, 25, 26, 25, 25, 25, 25, 27, 30, 35, 42, 44, 44, 45, 43, 40, 34, 25, 17, 12, 9, 7, 7, 8, 10
mse: 0.19982196574290742
mae: 0.35771247334536516
rsme: 0.4470145028328582
----------------------
max value: 3.5567151713401364
pred_str: -1, -2, -3, -3, -1, 3, 10, 20, 34, 50, 67, 78, 71, 56, 42, 32, 25, 20, 15, 12, 8, 5, 2, 0, 0, 0, 0, 0, 0, 0, 0, 0, 0, 0, 0, 0, 0, 0, 0, 0, 0, 0, 0, 0, 0, 0, 0, 0, 0, 0, 0, 0, 0, 0, 0, 0, 0, 0, 0, 0, 0, 0, 0, 0, 0, 0, 0, 0, 0, 0, 0, 0, 0, 0, 0, 0, 0, 0, 0, 0, 0
target_str: 0, 1, 4, 9, 17, 31, 53, 77, 87, 75, 58, 45, 34, 28, 24, 21, 17, 10, 4, -1, -5, -8, -7, -2, 4, 15, 32, 50, 64, 69, 60, 47, 36, 26, 19, 15, 12, 10, 8, 5, 4, 2, 3, 6, 13, 24, 39, 61, 83, 84
mse: 1.4119419687199268
mae: 0.891312821937838
rsme: 1.1882516436849253
----------------------
max value: 2.0050117010472084
pred_str: , -55, -90, -112, -103, -76, -53, -39, -29, -23, -18, -13, -6, 1, 5, 6, 3, -1, -11, -22, -39, -59, -73, -69, -45, -35, -27, -21, -16, -10, -4, 1, 10, 14, 12, 8, 3, -4, -15, -29, -48, -69, -75, -56, -44, -38, -33, -29, -24, -17, -11, -3, 1, 8, 10, 7, 4, -1, -14, -29, -50, -71, -84, -73, -51, -40
target_str: -75, -43, -32, -35, -32, -22, -10, -2, 1, 2, 0, -1, -3, -3, -13, -40, -58, -89, -73, -40, -33, -20, -22, -21, -17, -6, 7, 16, 16, 9, 3, 0, -4, -17, -36, -61, -83, -80, -63, -47, -40, -36, -28, -16, -8, -2, 0, 1, 0, -2
mse: 0.56067139072492
mae: 0.6287716694484048
rsme: 0.7487799347771814
----------------------
max value: 111.06794479724826
pred_str: 57, 63, 69, 68, 58, 41, 21, 0, -17, -32, -44, -49, -49, -45, -38, -29, -18, -3, 12, 29, 46, 61, 75, 82, 82, 71, 52, 30, 11, -3, -12, -19, -25, -28, -26, -22, -16, -11, -7, -2, 1, 10, 22, 36, 48, 58, 60, 53, 42, 31, 19, 9, 1, -1, -1, -1, -1, 0
target_str: -18, 4, 26, 47, 61, 67, 63, 53, 38, 21, 5, -10, -22, -31, -35, -35, -31, -30, -28, -23, -13, 3, 29, 56, 80, 98, 105, 102, 88, 68, 43, 18, -3, -21, -34, -44, -51, -52, -46, -36, -24, -11, 3, 18, 35, 50, 59, 61, 54, 41
mse: 1856.9760532309976
mae: 36.119295648065126
rsme: 43.092645001566076
----------------------
max value: 109.74012483367467
pred_str: -4, -38, -50, -53, -51, -41, -25, -1, 10, 14, 12, 8, 8, 8, 11, 17, 26, 36, 48, 61, 70, 74, 72, 60, 35, 1, -25, -37, -40, -41, -36, -30, -26, -23, -20, -17, -13, -11, -9, -8, -10, -9, -6, -4, -3, -3, 0, 6, 14, 22, 27, 32, 34, 32, 31, 30, 26, 20, 11, 1, -11
target_str: -29, -33, -26, -12, 4, 19, 27, 28, 22, 13, 3, -4, -9, -17, -30, -35, -33, -30, -26, -22, -19, -17, -14, -9, -4, 4, 12, 25, 39, 55, 69, 81, 90, 92, 95, 97, 87, 64, 35, 3, -20, -34, -37, -33, -28, -24, -24, -26, -31, -34
mse: 4667.609329312697
mae: 56.99902083861063
rsme: 68.3199043420927
----------------------
max value: 3.429755126072989
pred_str: 28, 19, 15, 11, 8, 7, 7, 8, 9, 10, 11, 11, 13, 20, 35, 59, 84, 88, 69, 47, 33, 23, 16, 11, 7, 4, -2, -6, -8, -6, -1, 6, 20, 39, 60, 83, 83, 61, 41, 26, 17, 13, 10, 9, 9, 9, 10, 12, 14, 15, 16, 22, 35, 60, 84, 88, 64, 39, 23, 16, 13, 11, 7, 3, -3
target_str: 2, 0, -3, -4, -3, 0, 9, 25, 45, 68, 83, 74, 56, 39, 27, 19, 14, 11, 9, 9, 11, 11, 11, 11, 18, 32, 55, 78, 91, 76, 48, 29, 18, 13, 10, 7, 4, 0, -2, -5, -5, -2, 3, 13, 30, 55, 83, 89, 66, 45
mse: 2.5137531091639778
mae: 1.293703633554731
rsme: 1.58548198008176
----------------------
max value: 4.099949577202679
pred_str: -11, -16, -18, -17, -13, -7, -1, 8, 17, 29, 42, 52, 50, 42, 31, 22, 16, 13, 11, 10, 10, 11, 16, 34, 64, 89, 95, 80, 47, 28, 18, 11, 7, 3, -1, -6, -11, -14, -15, -14, -10, -5, 2, 14, 29, 46, 57, 51, 40, 32, 27, 24, 22, 21, 21, 23, 26, 33, 49, 79, 96, 84, 44, 24, 15
target_str: 29, 52, 72, 72, 55, 36, 26, 20, 16, 13, 10, 7, 4, 2, 1, 3, 10, 27, 58, 90, 98, 75, 40, 23, 15, 12, 9, 5, 0, -6, -10, -14, -13, -10, -4, 4, 27, 57, 70, 67, 55, 40, 27, 20, 16, 15, 13, 11, 9, 7
mse: 4.0171213711056755
mae: 1.6949191552155876
rsme: 2.0042757722194007
----------------------
max value: 1.3801877277474726
pred_str: -24, -38, -47, -55, -59, -61, -58, -52, -47, -42, -36, -27, -19, 3, 37, 13, 13, 2, 0, 0, 0, 0, 0, 0, 0, 0, 0, 0, 0, 0, 0, 0, 0, 0, 0, 0, 0, 0, 0, 0, 0, 0, 0, 0, 0, 0, 0, 0, 0, 0, 0, 0, 0, 0, 0, 0, 0, 0, 0, 0, 0, 0, 0, 0
target_str: -43, -5, 78, 53, 30, 26, 10, 29, 44, 47, 45, 40, 40, 49, 64, 87, 105, 112, 118, 83, 76, 66, 44, 15, -19, -39, -48, -53, -56, -62, -66, -65, -57, -49, -47, -40, -44, 1, 87, 47, 25, 22, 3, 7, 20, 27, 35, 42, 45, 55
mse: 0.7703603349597042
mae: 0.77538946544853
rsme: 0.8777017346227044
----------------------
max value: 3.0789129706521985
pred_str: -1, -5, -10, -12, -9, -3, 4, 17, 41, 70, 94, 83, 62, 41, 27, 19, 14, 11, 10, 10, 10, 11, 13, 18, 31, 57, 83, 91, 72, 51, 35, 24, 17, 12, 11, 13, 15, 17, 18, 17, 17, 15, 10, 6, 1, -2, -5, -5, -5, -3, 3, 17, 43, 75, 96, 82, 56, 36, 24, 16, 11, 8, 8
target_str: 7, 6, 5, 4, 6, 12, 17, 22, 30, 43, 54, 58, 52, 38, 25, 16, 13, 15, 18, 16, 9, 6, 10, 23, 40, 51, 56, 60, 61, 52, 36, 21, 10, 2, 0, 0, 0, 1, 4, 8, 11, 17, 32, 53, 70, 74, 54, 31, 15, 6
mse: 0.4995425389404899
mae: 0.48154198861000397
rsme: 0.7067832333470354
----------------------
max value: 0.6406635239223756
pred_str: -82, -85, -86, -80, -70, -53, -32, -12, 1, 11, 20, 29, 33, 33, 33, 32, 30, 28, 30, 33, 38, 43, 48, 51, 53, 54, 53, 53, 53, 48, 35, 15, -10, -30, -45, -56, -64, -69, -69, -71, -72, -75, -78, -83, -89, -94, -87, -69, -46, -24, -6, 2, 11, 20
target_str: 16, 23, 29, 34, 43, 42, 41, 38, 36, 40, 52, 66, 76, 84, 80, 82, 66, 50, 32, 14, -2, -16, -22, -29, -36, -42, -46, -49, -50, -57, -63, -65, -47, -24, -14, 2, -2, 0, 4, 14, 25, 33, 40, 44, 46, 45, 45, 49, 52, 60
mse: 0.28551295121286185
mae: 0.4826758989231179
rsme: 0.5343341194541688
----------------------
max value: 0.4095369217376126
pred_str: -24, -24, -24, -24, -24, -24, -24, -24, -24, -24, -24, -24, -24, -24, -24, -24, -24, -24, -24, -24, -24, -24, -24, -24, -24, -24, -24, -24, -24, -24, -24, -24, -24, -24, -24, -24, -24, -24, -24, -24, -24, -24, -24, -24, -24, -24, -24, -24, -24, -24, -24, -24, -24, -24, -24, -24, -24, -24
target_str: 15, 15, 16, 13, 6, 1, -7, -13, -21, -15, -25, -36, -22, -20, -27, -42, -62, -77, -77, -63, -49, -30, -16, -5, 0, 0, -3, -10, -18, -33, -53, -70, -79, -74, -74, -75, -55, -26, -7, -10, -31, -52, -65, -55, -39, -26, -18, -12, -7, -5
mse: 0.013308956343612979
mae: 0.09435730676834597
rsme: 0.11536445008586041
----------------------
max value: 138.5283982537536
pred_str: -4, -19, -38, -55, -66, -68, -63, -52, -36, -16, 2, 21, 40, 49, 45, 31, 16, 7, -2, -11, -17, -18, -15, -11, -7, -2, 0, 1, 3, 5, 6, 8, 11, 19, 31, 48, 65, 75, 71, 59, 40, 22, 1, -10, -22, -34, -44, -48, -47, -41, -31, -22, -13, -7, -1, 4, 11, 19, 29, 36, 40, 38, 28
target_str: -25, -24, -22, -15, 0, 25, 49, 66, 67, 58, 42, 24, 8, -1, -4, -4, -1, 1, 5, 9, 15, 21, 31, 45, 60, 67, 68, 67, 66, 62, 53, 37, 16, -5, -26, -40, -47, -48, -44, -35, -28, -26, -27, -21, -7, 10, 24, 31, 30, 24
mse: 7524.406543596252
mae: 73.89104762855217
rsme: 86.74333717119865
----------------------
max value: 323.8033973066421
pred_str: -28, -46, -59, -63, -55, -36, -11, 11, 30, 43, 45, 40, 32, 22, 15, 12, 12, 8, -5, -32, -62, -81, -85, -73, -52, -22, 2, 22, 36, 42, 38, 28, 17, 10, 7, 4, -2, -22, -54, -79, -85, -75, -56, -27, 4, 26, 41, 43, 40, 31, 21, 15, 11, 9, 7, 4, -2
target_str: -17, -4, 4, 8, 9, 8, 7, 6, 6, 7, 5, -2, -24, -49, -70, -80, -83, -80, -73, -58, -35, -11, 10, 28, 44, 58, 64, 58, 40, 17, -5, -26, -45, -58, -69, -76, -73, -57, -35, -15, 0, 11, 17, 21, 24, 28, 30, 22, 1, -25
mse: 37474.581552599004
mae: 171.6158005725203
rsme: 193.58352603617644
----------------------
max value: 55.41006693244366
pred_str: 32, 35, 37, 37, 31, 23, 16, 10, 4, -3, -13, -25, -36, -41, -40, -35, -29, -20, -13, -7, -1, 0, 2, 4, 5, 7, 12, 25, 43, 60, 69, 71, 68, 58, 47, 34, 23, 15, 10, 4, -1, -7, -14, -23, -31, -36, -38, -37, -34, -30, -25, -20, -15, -11, -7, -2, 1, 5, 9, 11
target_str: -3, -4, -9, -18, -21, -27, -31, -33, -33, -38, -38, -32, -19, 0, 25, 45, 63, 69, 71, 57, 42, 25, 7, -8, -19, -23, -23, -21, -19, -23, -27, -30, -35, -42, -43, -41, -40, -36, -33, -32, -29, -26, -18, -4, 9, 18, 26, 25, 23, 14
mse: 990.906861055393
mae: 27.893427693792137
rsme: 31.478673114592887
----------------------
max value: 117.07380176672444
pred_str: -29, -36, -38, -36, -32, -27, -22, -16, -10, -3, 6, 11, 11, 4, -7, -16, -24, -31, -35, -34, -32, -28, -20, -13, -4, 4, 12, 18, 24, 29, 31, 32, 30, 26, 20, 10, -2, -17, -27, -35, -38, -34, -29, -22, -10, 1, 14, 20, 16, 1, -2, -7, -11, -15, -18, -21, -22, -22, -21, -17, -10
target_str: -46, -47, -46, -41, -31, -14, 6, 30, 51, 64, 73, 75, 72, 68, 61, 49, 34, 13, -10, -32, -49, -58, -53, -37, -17, 0, 12, 16, 12, 1, -10, -17, -18, -18, -17, -17, -14, -13, -12, -12, -8, 0, 13, 24, 32, 36, 38, 37, 33, 24
mse: 1887.957151880383
mae: 36.246049026977886
rsme: 43.450628900861524
----------------------
max value: 0.7033805557760526
pred_str: 119, 86, 65, 52, 43, 38, 30, 16, -2, -16, -25, -32, -35, -37, -37, -30, -20, -12, 22, 83, 84, 73, 67, 72, 72, 68, 63, 57, 54, 52, 55, 61, 70, 75, 80, 71, 54, 40, 36, 31, 24, 8, -12, -28, -40, -45, -46, -45, -39, -28, -12, 29
target_str: 76, 76, 67, 63, 69, 76, 74, 67, 60, 56, 55, 55, 55, 59, 66, 78, 81, 89, 90, 75, 61, 49, 42, 34, 28, 16, -4, -23, -36, -43, -44, -38, -28, -11, 0, 30, 83, 90, 88, 86, 86, 84, 76, 67, 57, 52, 57, 61, 63, 62
mse: 0.26868964148054847
mae: 0.4704209157030239
rsme: 0.5183528156386811
----------------------
max value: 1.4304087818148197
pred_str: 6, 4, 0, -2, -10, -16, -18, -18, -16, -11, -8, -4, 10, 22, 18, 13, 11, 11, 13, 21, 37, 54, 64, 68, 71, 73, 74, 70, 55, 37, 1, -21, -41, -56, -62, -65, -69, -75, -80, -73, -58, -42, -21, 12, 60, 63, 53, 37, 23, 16, 14, 10, 7, 5
target_str: 24, 21, 19, 15, 14, 15, 25, 45, 64, 80, 78, 79, 83, 80, 66, 54, 35, 12, -10, -33, -52, -62, -65, -73, -81, -78, -65, -51, -42, -30, 31, 70, 54, 50, 38, 24, 23, 18, 12, 9, 16, 30, 48, 74, 88, 85, 84, 81, 79, 59
mse: 1.2850419975236635
mae: 0.9918454493103959
rsme: 1.133596929037682
----------------------
max value: 1.7578727664155078
pred_str: -22, -33, -39, -43, -49, -55, -58, -53, -41, -30, -15, 24, 76, 63, 51, 40, 26, 20, 20, 19, 17, 20, 36, 59, 68, 70, 70, 72, 70, 60, 46, 37, 17, -5, -28, -42, -50, -51, -56, -67, -69, -58, -48, -38, -26, -10, 58, 78, 51, 44, 36
target_str: 41, 37, 22, 0, -14, -26, -42, -51, -56, -64, -71, -68, -57, -48, -34, 4, 69, 73, 54, 49, 22, 11, 11, 9, 2, 2, 11, 30, 52, 68, 70, 67, 60, 69, 62, 46, 42, 19, 0, -17, -31, -43, -49, -56, -69, -79, -67, -50, -39, -20
mse: 1.1698501860093666
mae: 0.9137422639827806
rsme: 1.0815961288805387
----------------------
max value: 4.069879745437377
pred_str: 4, 20, 38, 62, 82, 75, 50, 31, 17, 11, 7, 4, 0, -5, -11, -14, -14, -11, -4, 13, 44, 82, 107, 88, 53, 27, 13, 6, 2, -1, -4, -6, -6, -4, 0, 16, 41, 73, 88, 72, 43, 24, 13, 8, 6, 7, 9, 8, 7, 11, 17, 31, 62, 98, 91, 60, 32, 15, 7, 3, 0, -2, -5, -7, -7, -4, 1, 15, 40, 72, 93
target_str: 3, 2, 4, 5, 5, 5, 6, 8, 12, 20, 42, 83, 99, 82, 52, 27, 12, 3, -3, -10, -15, -17, -15, -10, -3, 4, 17, 40, 73, 84, 62, 37, 20, 14, 13, 12, 11, 7, 2, 0, 1, 6, 13, 22, 38, 72, 92, 76, 47, 27
mse: 5.002933613984474
mae: 1.838771668988607
rsme: 2.2367238573378865
----------------------
max value: 0.9935025565579053
pred_str: 79, 79, 80, 81, 81, 81, 81, 81, 81, 81, 81, 82, 82, 82, 83, 83, 83, 83, 82, 83, 83, 84, 84, 84, 84, 84, 84, 84, 84, 84, 84, 84, 84, 84, 84, 84, 84, 84, 84, 84, 84, 84, 84, 84, 84, 84, 84, 84, 84, 84
target_str: 80, 81, 82, 79, 77, 77, 78, 78, 76, 79, 86, 91, 88, 80, 74, 73, 75, 74, 77, 85, 103, 107, 90, 79, 75, 80, 87, 85, 84, 83, 82, 81, 84, 88, 90, 90, 86, 81, 77, 76, 76, 75, 76, 77, 75, 76, 77, 77, 77, 76
mse: 0.004998407678548245
mae: 0.05643094521248904
rsme: 0.07069941780911809
----------------------
AVG MSE: 2507.9955504294394
Median MSE: 1.7575773404164399
AVG RMSE: 26.503029210190498
Median RMSE: 1.3192486928293308
AVG MAE: 22.28392393072825
Median MAE: 1.1129367712711975
Number of False Outputs: 49
----------------------
