max value: 0.4657017531985316
pred_str: 59, 57, 54, 46, 29, 21, 20, 22, 27, 36, 42, 46, 47, 46, 43, 42, 43, 43, 40, 39, 41, 44, 46, 47, 47, 47, 46, 45, 46, 44, 44, 44, 44, 44, 42, 42, 41, 40, 38, 36, 34, 32, 30, 31, 34, 37, 40, 43, 46, 49, 50, 48, 46, 46
target_str: 58, 58, 63, 65, 68, 74, 80, 87, 92, 92, 91, 89, 84, 77, 61, 60, 49, 41, 45, 43, 38, 33, 28, 25, 23, 20, 21, 22, 17, 18, 20, 24, 30, 37, 41, 44, 48, 45, 45, 46, 48, 50, 52, 54, 50, 46, 32, 19, 27, 25
mse: 0.01608324784040505
mae: 0.0990081927300078
rsme: 0.12681974546735633
----------------------
max value: 91.41004782265443
pred_str: -21, -25, -28, -30, -33, -34, -32, -28, -23, -18, -14, -11, -7, -2, 2, 8, 12, 14, 13, 8, 1, -1, -6, -9, -10, -10, -9, -7, -4, -1, 0, 1, 3, 4, 4, 3, 2, 1, -1, -3, -4, -3, -1, 0, 2, 4, 5, 5, 4, 3, 2, 1, -1, -3, -4, -4, -3, -2, -1, -1, -1, -1, -1, -1, -1, -1, -1, -1, -1, -1, -1, -1
target_str: -18, -22, -24, -24, -22, -18, -11, 0, 17, 34, 50, 58, 57, 48, 34, 19, 5, -5, -13, -15, -16, -13, -8, -4, -2, -2, -5, -10, -15, -18, -20, -19, -19, -17, -17, -18, -19, -21, -23, -21, -15, 0, 19, 37, 50, 55, 52, 41, 28, 15
mse: 678.2066065540658
mae: 20.713516836613504
rsme: 26.042400168841308
----------------------
max value: 1.068059217960615
pred_str: 24, 22, 21, 18, 19, 25, 36, 46, 49, 53, 54, 53, 50, 47, 48, 49, 52, 72, 93, 82, 51, 42, 53, 28, -12, -17, -23, -33, -44, -53, -54, -50, -48, -49, -51, -70, -82, -48, 66, 15, -2, 24, 33, 22, 14, 17, 32, 42, 45, 46, 66, 99
target_str: 41, 50, 71, 85, 85, 65, 52, 49, 23, -16, -29, -28, -28, -31, -39, -47, -47, -43, -37, -34, -40, -45, -65, -93, -77, 29, 66, 16, 21, 38, 37, 22, 19, 29, 44, 44, 37, 41, 61, 76, 82, 62, 32, 30, 31, 0, -25, -38, -45, -44
mse: 0.6752512838662628
mae: 0.7348247419569032
rsme: 0.8217367485188081
----------------------
max value: 145.27823263056464
pred_str: 4, -1, -13, -21, -26, -26, -23, -16, -8, 0, 14, 23, 29, 32, 30, 22, 10, -1, -10, -17, -21, -21, -17, -12, -5, 0, 11, 24, 34, 37, 38, 31, 21, 14, 9, 4, -1, -10, -17, -23, -25, -24, -21, -15, -9, -6, 1, 17, 30
target_str: -104, -98, -88, -75, -56, -33, -12, 5, 16, 22, 21, 19, 15, 14, 14, 16, 19, 20, 20, 19, 16, 11, 5, 2, 0, -6, -11, -15, -13, -9, 0, 5, 7, 3, -6, -24, -43, -61, -73, -76, -72, -64, -53, -36, -9, 22, 54, 82, 100, 106
mse: 3724.2388470054157
mae: 48.69726357776526
rsme: 61.026542151799944
----------------------
max value: 86.97451584571705
pred_str: 2, -10, -22, -29, -35, -37, -34, -30, -22, -13, -1, 11, 26, 46, 61, 69, 67, 59, 43, 22, 1, -12, -25, -38, -49, -55, -56, -54, -49, -44, -35, -26, -16, -7, 0, 11, 20, 26, 29, 29, 23, 10, 0, -14, -27, -39, -48, -51, -51, -48, -43, -32, -18, -4, 1, 12, 20
target_str: -63, -64, -62, -53, -43, -33, -22, -15, -8, 2, 14, 29, 41, 48, 51, 53, 49, 44, 39, 32, 25, 21, 17, 12, 7, 0, -7, -14, -17, -9, 8, 28, 47, 58, 59, 51, 35, 16, -9, -31, -50, -62, -66, -61, -52, -39, -24, -13, -5, 3
mse: 1182.7199576714231
mae: 29.20604242099178
rsme: 34.3906958009201
----------------------
max value: 1.2677365602192732
pred_str: 58, 56, 47, 40, 35, 29, 23, 18, 13, 9, 1, -10, -18, -23, -28, -33, -37, -40, -34, -28, -23, -16, -11, -11, -9, -7, -4, 11, 17, 14, 10, 13, 20, 29, 39, 45, 51, 58, 62, 61, 54, 45, 35, 26, 17, 10, 1, -11, -20, -27, -31, -34, -33, -24, -14, -10
target_str: 5, -5, 7, 31, 22, 35, 66, 49, 53, 60, 42, 12, 3, 18, 13, 2, 3, 21, 33, 42, 46, 25, 33, 32, 26, 28, 17, 19, 19, 23, 23, 26, 22, 26, 33, 27, 28, 22, 10, 16, 24, 18, 29, 53, 54, 23, 9, 17, 31, 3
mse: 0.2126042367794199
mae: 0.395787354100457
rsme: 0.4610902696646503
----------------------
max value: 4.059336781248802
pred_str: 1, 2, 3, 4, 5, 5, 5, 5, 5, 4, 3, 3, 3, 3, 4, 6, 10, 19, 26, 28, 27, 24, 17, 11, 7, 4, 2, 1, 1, 2, 2, 4, 7, 10, 14, 18, 22, 24, 24, 20, 15, 10, 7, 5, 4, 4, 5, 6, 7, 7, 6, 5, 4, 4, 5, 6, 6, 5, 5, 5, 4, 4, 4, 3, 3, 3, 2, 2, 2, 2, 2, 2, 2, 2, 2, 2, 3, 4, 5, 6
target_str: 1, 2, 2, 1, 1, 7, 22, 62, 96, 96, 60, 25, 12, 2, -1, -4, -7, -11, -15, -17, -15, -6, 4, 34, 69, 83, 67, 38, 22, 13, 10, 8, 8, 9, 10, 9, 8, 7, 14, 39, 79, 94, 68, 39, 22, 13, 6, 3, 0, -3
mse: 2.1905809594422947
mae: 1.027012205655947
rsme: 1.4800611336841105
----------------------
max value: 125.1331162831952
pred_str: -25, -11, 0, 10, 18, 20, 15, 10, 4, -1, -6, -8, -11, -14, -17, -22, -27, -31, -34, -34, -28, -18, -7, 5, 12, 15, 11, 1, -7, -13, -16, -21, -27, -33, -39, -44, -47, -52, -57, -60, -63, -65, -65, -63, -59, -50, -39, -27, -15, -6, 0, 4, 8, 13, 17, 21, 26, 32, 39, 45
target_str: 37, 42, 49, 59, 68, 72, 74, 72, 68, 65, 59, 51, 43, 35, 28, 22, 13, 2, -15, -37, -59, -75, -84, -84, -78, -67, -53, -42, -37, -31, -16, 0, 12, 19, 16, 3, -15, -30, -37, -37, -28, -13, 5, 24, 41, 54, 61, 67, 64, 45
mse: 5316.336242986868
mae: 66.09531202078371
rsme: 72.91321034618396
----------------------
max value: 132.69174574791145
pred_str: -48, -40, -32, -20, 4, 20, 31, 34, 28, 18, 2, -6, -14, -17, -16, -11, -7, -3, 2, 12, 23, 29, 27, 21, 11, 0, -2, -8, -10, -10, -9, -7, -5, -3, -1, 1, 9, 19, 25, 27, 27, 25, 20, 13, 6, 0, -6, -14, -23, -29, -30, -27, -20, -10, 2, 17, 28, 35, 36
target_str: -32, -14, 5, 23, 37, 47, 57, 66, 74, 78, 75, 61, 40, 14, -13, -36, -45, -36, -18, 1, 17, 27, 30, 27, 23, 19, 20, 21, 19, 13, 6, 3, 7, 13, 20, 32, 42, 48, 47, 40, 31, 21, 14, 8, 6, 9, 15, 22, 28, 30
mse: 1646.43986392415
mae: 33.14639808782827
rsme: 40.576346113519755
----------------------
max value: 203.76651784696872
pred_str: -39, -46, -50, -51, -50, -44, -35, -23, -7, 17, 47, 80, 95, 97, 93, 79, 59, 33, 8, -16, -35, -50, -57, -61, -58, -52, -46, -37, -27, -16, -1, 13, 44, 77, 94, 99, 97, 92, 78, 59, 31, 12, -1, -16, -27, -38, -44, -49, -50, -50, -47
target_str: -24, -18, -10, -1, 6, 14, 20, 28, 40, 55, 68, 75, 75, 70, 60, 46, 27, 8, -6, -18, -24, -27, -28, -26, -23, -19, -14, -10, -5, -2, 0, 2, 11, 25, 43, 60, 69, 70, 63, 48, 30, 11, -4, -18, -29, -37, -42, -44, -41, -37
mse: 3647.4356517576502
mae: 49.43375722967461
rsme: 60.39400344204423
----------------------
max value: 0.6697612007286137
pred_str: 1, 4, 15, 38, 47, 46, 41, 51, 66, 75, 70, 56, 17, -12, -41, -35, -44, -65, -77, -84, -85, -81, -73, -57, -57, -55, -54, -57, -62, -67, -69, -72, -73, -71, -57, -40, -29, -10, -4, 15, 34, 42, 42, 40, 49, 68, 79, 73, 54, 23, 0, -17, -22
target_str: -14, -55, -62, -74, -57, -43, -55, -69, -74, -90, -102, -102, -89, -71, -46, -49, -79, -16, 18, 29, 11, -12, -2, 12, 33, 38, 32, 23, 23, 37, 66, 79, 70, 46, 28, 13, -48, -58, -44, -77, -78, -80, -68, -63, -66, -74, -87, -97, -103, -96
mse: 0.4982351878273971
mae: 0.6463195587031122
rsme: 0.7058577674201773
----------------------
max value: 1.2373675175263328
pred_str: -10, -18, -20, -18, -18, -16, -14, -11, -9, -8, -7, -8, -10, -12, -13, -13, -12, -10, -8, -6, -3, -1, 1, 2, 2, 3, 4, 6, 7, 7, 7, 6, 5, 4, 4, 3, 2, 0, -1, -4, -7, -10, -12, -14, -17, -21, -26, -31, -35, -37, -38, -37, -36, -34, -32, -29, -27, -24, -22, -18, -15, -12, -10, -9, -9, -9, -9, -9, -11, -12, -12, -13, -14, -15, -17, -20
target_str: -13, -17, -18, -18, -20, -21, -19, -18, -14, -8, -3, 3, 3, 0, 0, -6, -17, -34, -50, -69, -81, -82, -75, -66, -54, -41, -31, -26, -24, -20, -16, -11, -7, -7, -7, -9, -24, -46, -76, -89, -59, -37, -35, -32, -24, -13, -1, 9, 16, 21
mse: 0.2106120788921848
mae: 0.34126596133376247
rsme: 0.4589249163993875
----------------------
max value: 115.00403143508265
pred_str:  -57, -56, -51, -42, -30, -2, 11, 32, 51, 64, 69, 65, 52, 32, 12, -3, -11, -18, -20, -20, -17, -13, 1, 24, 48, 66, 72, 70, 58, 38, 15, -3, -17, -26, -31, -35, -36, -36, -33, -27, -22, -13, 1, 32, 59, 78, 86, 84, 69, 46, 20, 0, -2, -8, -11
target_str: 52, 40, 22, 2, -18, -38, -55, -68, -76, -79, -76, -68, -50, -23, 8, 38, 61, 70, 67, 58, 44, 28, 13, 1, -9, -17, -22, -24, -26, -27, -25, -14, 5, 30, 55, 72, 80, 77, 65, 48, 27, 8, -9, -21, -32, -39, -44, -47, -48, -46
mse: 9414.162110222644
mae: 86.48303163918217
rsme: 97.02660516694709
----------------------
max value: 223.62932948950453
pred_str: 15, 11, 12, 15, 17, 18, 18, 18, 15, 13, 11, 8, 5, 2, 0, -1, -4, -6, -8, -10, -12, -14, -17, -20, -23, -26, -29, -30, -30, -29, -27, -25, -23, -21, -18, -15, -12, -8, -3, 0, 6, 10, 12, 12, 10, 9, 8, 8, 8, 8, 8, 8, 8, 8, 8, 8, 8, 8, 9, 10, 10, 10, 10, 10, 10
target_str: 24, 8, -4, -15, -23, -29, -31, -31, -30, -26, -21, -16, -10, -4, 0, 5, 10, 15, 19, 22, 23, 21, 16, 9, 0, -9, -19, -29, -37, -43, -43, -37, -26, -11, 3, 15, 21, 22, 20, 16, 9, 2, -1, 0, 5, 14, 21, 25, 24, 20
mse: 2915.7875298700815
mae: 44.99422109328832
rsme: 53.99803264814452
----------------------
max value: 68.76971772643536
pred_str: -28, -17, -4, 6, 15, 27, 38, 42, 40, 31, 21, 10, -1, -10, -19, -25, -28, -32, -35, -37, -38, -41, -44, -45, -46, -45, -41, -31, -11, 4, 20, 35, 45, 50, 48, 40, 27, 14, 0, -5, -11, -14, -16, -19, -21, -22, -23, -22, -19, -13, -6, -1, 0, 1, 7, 17, 29, 40
target_str: 43, 29, 14, -1, -13, -21, -23, -22, -18, -13, -9, -7, -7, -7, -9, -16, -19, -27, -34, -40, -42, -44, -42, -36, -24, -8, 12, 34, 50, 56, 56, 47, 33, 14, -4, -20, -34, -39, -42, -43, -39, -37, -36, -37, -40, -47, -54, -66, -77, -88
mse: 704.8415497647607
mae: 21.855016293461148
rsme: 26.548852136481543
----------------------
max value: 222.60005948993262
pred_str: -5, -2, 5, 13, 20, 27, 32, 34, 31, 26, 18, 7, -5, -13, -18, -23, -26, -28, -28, -23, -18, -13, -6, 3, 15, 30, 42, 48, 49, 47, 45, 43, 42, 41, 40, 40, 39, 41, 41, 41, 40, 39, 40, 40, 39, 39, 40, 40, 40, 40, 40, 40, 40, 41, 40, 40
target_str: -5, -2, -5, -11, -14, -10, 2, 18, 35, 46, 49, 44, 33, 18, 3, -11, -24, -31, -35, -34, -31, -27, -23, -19, -17, -17, -14, -7, 4, 18, 30, 37, 36, 30, 18, 3, -11, -24, -34, -40, -42, -41, -38, -34, -30, -26, -21, -12, 1, 18
mse: 8617.476379165673
mae: 75.14978008380125
rsme: 92.83036345488298
----------------------
max value: 1.5189687410043196
pred_str: -61, -49, -42, -32, -23, -17, -14, -7, 1, 7, 11, 16, 19, 21, 20, 15, 10, 6, -1, -11, -28, -46, -64, -76, -80, -70, -56, -42, -27, -17, -11, -6, -2, 0, 4, 9, 13, 17, 20, 20, 16, 10, -3, -12, -30, -47, -63, -77, -84, -73, -59, -40, -21, -12, -7, -2, 0, 2, 6, 10
target_str: -31, -17, -9, -5, 0, 3, -2, -17, -27, -41, -55, -62, -62, -72, -57, -30, -27, -13, -1, 6, 11, 17, 24, 28, 28, 23, 21, 10, -9, -35, -82, -101, -104, -101, -91, -72, -47, -28, -15, -9, -6, -3, -5, -18, -32, -38, -51, -65, -65, -61
mse: 0.7235078690832952
mae: 0.6862700771857514
rsme: 0.8505926575531294
----------------------
max value: 261.0921159996241
pred_str: -3, -14, -22, -34, -45, -54, -61, -62, -54, -40, -23, -7, 15, 35, 54, 66, 71, 68, 54, 37, 12, -6, -26, -45, -61, -70, -70, -63, -47, -31, -14, -1, 12, 33, 50, 61, 67, 68, 62, 49, 31, 11, -5, -28, -49, -67, -78, -85, -85, -79, -64, -46, -26, -8, 6, 14, 21
target_str: -97, -91, -77, -60, -41, -23, -8, 2, 8, 11, 11, 11, 9, 4, 0, -2, -7, -24, -48, -68, -75, -67, -45, -14, 14, 35, 47, 49, 45, 36, 26, 16, 8, -1, -19, -45, -68, -77, -71, -54, -33, -13, 4, 18, 27, 30, 28, 21, 13, 2
mse: 40155.958620842306
mae: 175.6627756445471
rsme: 200.38951724289947
----------------------
max value: 1.2285575361135035
pred_str: 27, 17, 1, -2, -6, -8, -9, -10, -13, -14, -18, -21, -24, -25, -25, -20, -13, -3, 0, 1, 2, 4, 9, 15, 22, 26, 32, 37, 40, 43, 48, 52, 57, 61, 59, 58, 61, 57, 49, 40, 26, 13, 2, -5, -12, -18, -26, -37, -53, -71, -86, -93, -94, -95, -94, -88, -74, -60
target_str: 66, 58, 51, 37, 18, 0, -12, -20, -28, -39, -50, -57, -65, -75, -86, -86, -79, -80, -71, -57, -42, -20, -2, 4, 6, 2, 3, 13, 28, 38, 46, 52, 53, 49, 50, 55, 58, 56, 57, 61, 53, 43, 26, 8, -5, -19, -30, -39, -43, -52
mse: 0.1537608719299095
mae: 0.29780234675391337
rsme: 0.39212354166755853
----------------------
max value: 84.48096819731116
pred_str: -17, -20, -20, -17, -12, -1, 1, 12, 20, 29, 37, 37, 32, 22, 12, 0, -2, -7, -10, -12, -12, -12, -11, -10, -9, -9, -10, -12, -15, -19, -23, -24, -24, -21, -13, 3, 21, 35, 46, 50, 47, 39, 27, 13, 2, -3, -8, -11, -13, -12, -11, -10, -9, -9, -10, -11, -12, -12, -10, -6
target_str: 20, 27, 36, 44, 50, 51, 45, 35, 25, 14, 4, -4, -12, -19, -25, -28, -25, -19, -15, -10, -7, -7, -7, -7, -2, 6, 17, 27, 34, 39, 44, 50, 54, 57, 55, 49, 41, 28, 18, 6, -3, -12, -22, -29, -31, -30, -26, -19, -9, 0
mse: 1155.8854764884736
mae: 28.453190088854388
rsme: 33.99831578899863
----------------------
max value: 1.3270199072442206
pred_str: -75, -59, -42, -29, -21, -15, -12, -11, -8, -6, -5, -5, -5, -4, -4, -4, -4, -3, -2, -1, -1, -1, -1, -1, -1, -1, -1, -1, -1, -1, -1, -1, -1, -1, -1, -1, -1, -1, -1, -1, -1, -1, -1, -1, -1, -1, -1, -1, -1, -1, -1, -1, -1, -1, -1, -1, -1, -1, -1, -1, -1, -1, -1, -1, -1, -1, -1, -1, -1, -1, -1, -1, -1, -1, -1, -1, -1, -1, -1, -1, -1, -1, -1, -1, -1, -1, -1, -1, -1, -1, -1, -1, -1, -1, -1, -1, -1, -1, -1, -1, -1, -1, -1, -1, -1, -1, -1, -1, -1, -1, -1, -1, -1, -1, -1, -1, -1, -1, -1, -1, -1, -1, -1, -1, -1, -1, -1, -1, -1, -1, -1, -1, -1, -1, -1, -1, -1, -1, -1, -1, -1, -1, -1, -1, -1, -1, -1, -1, -1, -1, -1, -1, -1, -1, -1, -1, -1, -1, -1, -1, -1, -1, -1, -1, -1, -1, -1, -1,
target_str: 58, 51, 43, 36, 35, 41, 50, 59, 68, 77, 79, 74, 68, 52, 38, 18, -5, -24, -38, -41, -44, -49, -54, -57, -63, -63, -52, -38, -23, -4, 21, 44, 51, 49, 49, 47, 49, 43, 41, 45, 53, 59, 66, 79, 91, 85, 67, 55, 36, 11
mse: 0.6406029277261095
mae: 0.7293301410214237
rsme: 0.8003767411201487
----------------------
max value: 4.032283656964537
pred_str: 10, 24, 46, 77, 91, 72, 50, 35, 27, 22, 20, 20, 19, 16, 12, 7, 5, 6, 9, 17, 32, 62, 96, 105, 80, 52, 37, 29, 24, 20, 18, 16, 13, 9, 6, 4, 1, -1, -7, -11, -14, -13, -10, -7, -3, 4, 17, 40, 70, 84, 66, 47, 36, 28, 24, 21, 18, 16, 12, 8, 5
target_str: 27, 19, 10, 0, -10, -19, -23, -23, -19, -12, -5, 4, 24, 62, 96, 93, 66, 42, 26, 19, 17, 17, 15, 12, 9, 6, 6, 5, 5, 7, 14, 29, 56, 91, 87, 60, 44, 35, 28, 21, 14, 6, -2, -11, -18, -20, -19, -14, -9, 0
mse: 4.2546715935156705
mae: 1.717752837866893
rsme: 2.0626855294774504
----------------------
max value: 0.9033504344950996
pred_str: -39, -52, -63, -70, -62, -37, -17, -5, 12, 16, 24, 30, 35, 42, 47, 42, 30, 20, 23, 39, 53, 55, 43, 27, -10, -45, -55, -65, -69, -64, -45, -24, -6, 1, 11, 16, 15, -2, -16, -23, -31, -38, -37, -30, -24, -16, -15, -47, -70, -79, -76, -68, -50, -26
target_str: 14, 18, 33, 44, 46, 38, 16, -47, -38, -8, -35, -32, -34, -37, -37, -40, -51, -61, -68, -70, -63, -50, -41, -24, -46, -32, 18, 28, 24, -7, -7, 0, 14, 28, 28, 23, 22, 27, 37, 44, 45, 31, 16, -21, -46, -13, -28, -39, -29, -25
mse: 0.34344596761355595
mae: 0.5094896450552361
rsme: 0.5860426329317313
----------------------
max value: 1.5774595060334473
pred_str: 20, 16, 18, 33, 66, 84, 92, 91, 80, 61, 41, 22, 1, -6, -18, -27, -30, -28, -23, -17, -13, -10, -6, -2, 25, 50, 57, 52, 46, 50, 57, 53, 48, 42, 36, 30, 25, 22, 20, 18, 16, 16, 26, 53, 77, 87, 90, 80, 60, 41, 23, 2, -11, -22, -27, -29
target_str: 92, 98, 87, 76, 57, 37, 17, 0, -13, -22, -23, -19, -13, -9, -6, -4, 15, 46, 55, 47, 37, 39, 41, 34, 28, 24, 21, 17, 14, 12, 12, 10, 11, 20, 47, 68, 78, 87, 83, 70, 53, 35, 17, 0, -14, -24, -28, -24, -14, -8
mse: 0.8336366557556394
mae: 0.7975635262505111
rsme: 0.9130370505930411
----------------------
max value: 1.3977679483467502
pred_str: -45, -38, -32, -29, -26, -23, -21, -18, -13, 16, 52, 42, 35, 41, 41, 37, 33, 28, 25, 23, 26, 31, 37, 46, 59, 71, 83, 86, 82, 76, 63, 50, 38, 23, 11, -1, -14, -21, -27, -32, -36, -40, -40, -35, -31, -26, -18, -10, 20, 64, 44
target_str: 53, 66, 87, 91, 81, 70, 62, 52, 37, 22, 9, 0, -8, -17, -26, -32, -34, -34, -32, -28, -23, -17, -13, -3, 22, 71, 61, 49, 55, 45, 39, 33, 30, 30, 31, 27, 24, 22, 21, 24, 30, 39, 56, 73, 89, 83, 66, 59, 46, 38
mse: 0.8284039431998295
mae: 0.7914162123539299
rsme: 0.9101669864370107
----------------------
max value: 0.8701004692292774
pred_str: -60, -61, -60, -59, -59, -58, -57, -56, -55, -54, -53, -52, -51, -50, -49, -49, -49, -48, -47, -46, -46, -45, -44, -44, -43, -43, -42, -42, -41, -40, -40, -39, -39, -38, -38, -37, -37, -37, -37, -36, -36, -35, -35, -34, -34, -33, -33, -33, -33, -33, -32, -32, -31, -31, -31, -30, -30, -29, -29, -28, -28, -28, -27, -27, -26, -26, -25, -25, -25, -25, -25, -25, -25, -24, -24, -24, -24, -24, -24, -24, -24, -23, -23, -23, -23, -22
target_str: -67, -101, -74, 70, 73, 19, 41, 32, 14, 12, 28, 31, 33, 39, 44, 48, 63, 86, 102, 98, 76, 78, 60, -2, -22, -15, -18, -24, -27, -31, -32, -33, -34, -37, -41, -43, -45, -51, -79, -92, -18, 96, 78, 45, 43, 16, 4, 14, 24, 19
mse: 0.4435065465919774
mae: 0.539462290922152
rsme: 0.6659628717818865
----------------------
max value: 1.3421128758198233
pred_str: -78, -77, -71, -71, -70, -70, -70, -69, -70, -69, -70, -71, -73, -77, -81, -86, -86, -86, -78, -67, -58, -51, -39, -30, -24, -18, -12, -9, -12, -15, -18, -21, -27, -36, -47, -57, -60, -63, -66, -66, -63, -60, -58, -57, -57, -56, -54, -53, -53, -54, -55, -57
target_str: 48, 57, 59, 67, 67, 76, 67, 40, 21, -8, -28, -56, -66, -63, -59, -57, -65, -74, -79, -75, -67, -61, -71, -62, -12, 0, 5, 11, 5, 12, 28, 35, 32, 35, 42, 49, 53, 62, 67, 70, 55, 61, 48, 30, 4, -23, -41, -54, -54, -53
mse: 1.1203448258292092
mae: 0.8186888542500921
rsme: 1.0584634267792201
----------------------
max value: 2.4562661091401266
pred_str: 5, 13, 26, 35, 40, 41, 38, 31, 23, 16, 11, 5, 1, 1, 4, 5, 5, 6, 5, 2, -1, -7, -13, -18, -19, -17, -10, -2, 10, 34, 70, 99, 86, 65, 50, 37, 27, 18, 10, 5, 1, 0, 1, 2, 2, 5, 10, 18, 33, 54, 82, 89, 76, 57, 46, 37, 27, 19, 13, 7, 1, -3, -8, -13
target_str: 73, 103, 86, 61, 50, 39, 28, 17, 8, 1, -5, -11, -16, -19, -19, -13, -4, 6, 22, 48, 81, 101, 90, 69, 51, 38, 30, 26, 25, 24, 20, 16, 12, 8, 10, 12, 14, 20, 37, 58, 84, 88, 71, 60, 47, 32, 20, 12, 5, 0
mse: 1.4857102707044758
mae: 0.9741551388849743
rsme: 1.218897153456548
----------------------
max value: 71.3028563089283
pred_str: 13, -14, -12, -11, -12, -14, -18, -22, -28, -32, -34, -33, -30, -23, -12, 1, 11, 18, 23, 28, 32, 36, 41, 46, 49, 48, 44, 35, 22, 5, -2, -11, -19, -25, -28, -29, -28, -24, -16, -6, 1, 10, 17, 21, 26, 30, 35, 40, 44, 47, 49, 48, 45, 37, 24, 6, -11, -22, -31
target_str: -5, -6, -11, -15, -19, -21, -18, -15, -13, -12, -7, -5, -3, -1, -1, 0, 3, 11, 21, 36, 50, 61, 68, 66, 55, 36, 13, -7, -21, -21, -10, 7, 28, 48, 64, 73, 73, 67, 53, 38, 22, 9, -4, -15, -28, -40, -53, -60, -67, -67
mse: 1187.065546346577
mae: 24.799133424245255
rsme: 34.45381758741079
----------------------
max value: 3.53249676378062
pred_str: 1, -1, -1, 0, 2, 4, 7, 11, 21, 36, 58, 77, 77, 60, 44, 31, 23, 16, 11, 6, 2, 0, -2, -5, -5, -3, 0, 1, 5, 11, 19, 35, 57, 77, 77, 60, 44, 31, 21, 15, 10, 6, 1, 0, 0, 2, 6, 11, 19, 33, 52, 70, 70, 57, 41, 27, 17, 10, 6, 2, 0, 0, 0, 1, 4, 8, 12, 20, 32
target_str: 12, 9, 9, 6, 2, 0, -1, -1, 1, 8, 19, 39, 67, 86, 79, 62, 49, 40, 32, 25, 19, 14, 8, 3, 0, -3, -4, -3, -1, 1, 13, 34, 55, 69, 75, 73, 58, 37, 20, 9, 3, 1, 0, 1, 2, 3, 4, 6, 12, 24
mse: 0.2838866345342426
mae: 0.39210714077964864
rsme: 0.5328101299095603
----------------------
max value: 1.1157594302725051
pred_str: 30, 28, 28, 29, 32, 35, 36, 35, 34, 34, 34, 35, 37, 40, 44, 47, 49, 51, 51, 50, 50, 48, 46, 44, 44, 44, 45, 47, 49, 51, 55, 58, 62, 65, 67, 67, 65, 62, 59, 58, 59, 59, 60, 62, 64, 67, 69, 69, 69, 69, 68, 66, 63
target_str: 48, 55, 60, 60, 54, 46, 36, 25, 17, 10, 8, 9, 13, 18, 21, 23, 24, 27, 31, 33, 33, 31, 27, 24, 23, 24, 25, 26, 25, 25, 25, 25, 27, 30, 35, 42, 44, 44, 45, 43, 40, 34, 25, 17, 12, 9, 7, 7, 8, 10
mse: 0.11641487546290426
mae: 0.3043791725783394
rsme: 0.3411962418651534
----------------------
max value: 3.5567151713401364
pred_str: -3, -2, -1, 0, 1, 2, 5, 13, 23, 38, 59, 78, 73, 58, 44, 32, 24, 18, 14, 10, 6, 3, 0, -1, -4, -6, -5, -1, 3, 11, 24, 44, 67, 86, 88, 70, 50, 37, 28, 22, 17, 13, 8, 3, 0, -1, -5, -7, -7, -5, 0, 4, 13, 27, 46, 69, 85, 78, 59, 43, 32, 25, 19, 14, 10, 6, 2, 0, -1, -4, -6
target_str: 0, 1, 4, 9, 17, 31, 53, 77, 87, 75, 58, 45, 34, 28, 24, 21, 17, 10, 4, -1, -5, -8, -7, -2, 4, 15, 32, 50, 64, 69, 60, 47, 36, 26, 19, 15, 12, 10, 8, 5, 4, 2, 3, 6, 13, 24, 39, 61, 83, 84
mse: 1.758811078171254
mae: 1.017931882037547
rsme: 1.3262017486684499
----------------------
max value: 2.0050117010472084
pred_str: -49, -46, -35, -25, -18, -12, -1, 11, 20, 20, 17, 13, 9, 5, 2, -1, -9, -23, -39, -57, -68, -63, -49, -42, -36, -30, -25, -20, -14, -10, -6, -3, 1, 10, 19, 22, 21, 16, 11, 7, 4, 1, -2, -9, -21, -39, -57, -72, -75, -56, -39, -28, -23, -17, -12, -6, 1, 11, 20, 21, 17, 11, 5, -2, -11, -23, -39
target_str: -75, -43, -32, -35, -32, -22, -10, -2, 1, 2, 0, -1, -3, -3, -13, -40, -58, -89, -73, -40, -33, -20, -22, -21, -17, -6, 7, 16, 16, 9, 3, 0, -4, -17, -36, -61, -83, -80, -63, -47, -40, -36, -28, -16, -8, -2, 0, 1, 0, -2
mse: 0.6697198616630861
mae: 0.6476187794382484
rsme: 0.818364137571464
----------------------
max value: 111.06794479724826
pred_str: -27, -23, -17, -10, -5, 0, 5, 13, 21, 28, 29, 24, 14, 2, -11, -21, -30, -36, -38, -36, -32, -27, -21, -15, -11, -8, -7, -7, -8, -11, -22, -37, -46, -52, -54, -47, -38, -29, -19, -9, 1, 12, 21, 30, 38, 45, 47, 44, 38, 31, 20, 8, -3, -14, -23, -31, -37, -38
target_str: -18, 4, 26, 47, 61, 67, 63, 53, 38, 21, 5, -10, -22, -31, -35, -35, -31, -30, -28, -23, -13, 3, 29, 56, 80, 98, 105, 102, 88, 68, 43, 18, -3, -21, -34, -44, -51, -52, -46, -36, -24, -11, 3, 18, 35, 50, 59, 61, 54, 41
mse: 2677.4492901533376
mae: 39.91781936013103
rsme: 51.744074927988976
----------------------
max value: 109.74012483367467
pred_str:  -4, -1, 0, 3, 5, 7, 10, 11, 12, 13, 11, 9, 10, 10, 10, 8, 6, 4, 4, 4, 3, 3, 3, 3, 4, 6, 9, 14, 20, 27, 34, 38, 39, 36, 31, 20, 6, -5, -12, -19, -23, -23, -23, -23, -23, -24, -24, -24, -24, -25, -25, -25, -26, -26, -26, -25, -25, -25, -25, -24
target_str: -29, -33, -26, -12, 4, 19, 27, 28, 22, 13, 3, -4, -9, -17, -30, -35, -33, -30, -26, -22, -19, -17, -14, -9, -4, 4, 12, 25, 39, 55, 69, 81, 90, 92, 95, 97, 87, 64, 35, 3, -20, -34, -37, -33, -28, -24, -24, -26, -31, -34
mse: 1168.0163001155365
mae: 25.942565510680687
rsme: 34.176253453465854
----------------------
max value: 3.429755126072989
pred_str: 1, 2, 2, 1, 1, 1, 1, 2, 4, 8, 14, 23, 39, 62, 86, 99, 82, 56, 39, 29, 23, 19, 16, 14, 13, 12, 12, 14, 20, 36, 59, 82, 87, 67, 48, 34, 25, 18, 13, 10, 9, 10, 10, 12, 14, 18, 29, 50, 81, 105, 99, 65, 40, 26, 18, 13, 10, 8, 6, 1, -2, -5, -6
target_str: 2, 0, -3, -4, -3, 0, 9, 25, 45, 68, 83, 74, 56, 39, 27, 19, 14, 11, 9, 9, 11, 11, 11, 11, 18, 32, 55, 78, 91, 76, 48, 29, 18, 13, 10, 7, 4, 0, -2, -5, -5, -2, 3, 13, 30, 55, 83, 89, 66, 45
mse: 1.634640608881985
mae: 1.0008025457880982
rsme: 1.278530644482949
----------------------
max value: 4.099949577202679
pred_str: -1, -6, -9, -11, -13, -15, -17, -19, -21, -24, -27, -31, -34, -36, -38, -41, -44, -47, -50, -54, -57, -60, -63, -66, -69, -72, -75, -78, -81, -84, -87, -90, -93, -96, -99, -103, -107, -111, -116, -121, -127, -133, -139, -146, -152, -159, -166, -173, -179, -186, -193, -199, -206, -212, -219, -225, -231, -237, -243, -248, -254, -259, -265, -271
target_str: 29, 52, 72, 72, 55, 36, 26, 20, 16, 13, 10, 7, 4, 2, 1, 3, 10, 27, 58, 90, 98, 75, 40, 23, 15, 12, 9, 5, 0, -6, -10, -14, -13, -10, -4, 4, 27, 57, 70, 67, 55, 40, 27, 20, 16, 15, 13, 11, 9, 7
mse: 22.179543431095546
mae: 4.171288699846005
rsme: 4.709516262961149
----------------------
max value: 1.3801877277474726
pred_str: 27, 11, -25, -42, -49, -56, -63, -67, -63, -57, -53, -49, -46, -42, -37, -31, -17, 63, 65, 41, 34, 11, -13, -23, -33, -42, -50, -55, -58, -57, -53, -49, -45, -39, -34, -22, -14, -7, 49, 54, 29, 20, 7, 14, 20, 22, 26, 34, 45, 59, 75, 88, 88, 83, 71, 54
target_str: -43, -5, 78, 53, 30, 26, 10, 29, 44, 47, 45, 40, 40, 49, 64, 87, 105, 112, 118, 83, 76, 66, 44, 15, -19, -39, -48, -53, -56, -62, -66, -65, -57, -49, -47, -40, -44, 1, 87, 47, 25, 22, 3, 7, 20, 27, 35, 42, 45, 55
mse: 0.6376294471407247
mae: 0.5802309207450373
rsme: 0.798517029962871
----------------------
max value: 3.0789129706521985
pred_str: -6, -5, -2, 1, 2, 2, 2, 2, 1, 1, 0, -1, -2, -4, -6, -9, -13, -19, -27, -35, -40, -40, -33, -23, -13, -4, 4, 10, 18, 32, 54, 75, 82, 57, 39, 27, 18, 11, 6, 2, 0, -1, -4, -5, -5, -3, -1, 1, 9, 21, 39, 65, 88, 86, 62, 38, 23, 15, 10, 7, 7, 7, 9, 11, 15, 20, 28, 44
target_str: 7, 6, 5, 4, 6, 12, 17, 22, 30, 43, 54, 58, 52, 38, 25, 16, 13, 15, 18, 16, 9, 6, 10, 23, 40, 51, 56, 60, 61, 52, 36, 21, 10, 2, 0, 0, 0, 1, 4, 8, 11, 17, 32, 53, 70, 74, 54, 31, 15, 6
mse: 1.5090173735900814
mae: 1.0554513663395741
rsme: 1.228420682661311
----------------------
max value: 0.6406635239223756
pred_str: 67, 74, 79, 85, 91, 91, 89, 82, 69, 51, 29, 13, 2, -3, -11, -20, -30, -40, -47, -53, -57, -61, -65, -67, -67, -66, -53, -34, -14, 0, 9, 14, 21, 26, 32, 37, 43, 48, 52, 57, 59, 58, 57, 52, 41, 27, 14, 4, -5, -16, -30, -42, -52, -59, -63
target_str: 16, 23, 29, 34, 43, 42, 41, 38, 36, 40, 52, 66, 76, 84, 80, 82, 66, 50, 32, 14, -2, -16, -22, -29, -36, -42, -46, -49, -50, -57, -63, -65, -47, -24, -14, 2, -2, 0, 4, 14, 25, 33, 40, 44, 46, 45, 45, 49, 52, 60
mse: 0.11750109198474835
mae: 0.30739035877795584
rsme: 0.34278432283981186
----------------------
max value: 0.4095369217376126
pred_str: -19, -22, -21, -26, -30, -37, -45, -48, -45, -37, -27, -18, -7, 1, 5, 7, 8, 6, 2, -1, -4, -5, -7, -12, -18, -27, -34, -34, -30, -26, -22, -19, -17, -20, -27, -39, -50, -54, -51, -43, -30, -16, -2, 0, -4, -6, -9, -15, -23, -31, -39, -41, -37, -35, -31, -26, -20, -16, -14, -12, -16, -27, -42
target_str: 15, 15, 16, 13, 6, 1, -7, -13, -21, -15, -25, -36, -22, -20, -27, -42, -62, -77, -77, -63, -49, -30, -16, -5, 0, 0, -3, -10, -18, -33, -53, -70, -79, -74, -74, -75, -55, -26, -7, -10, -31, -52, -65, -55, -39, -26, -18, -12, -7, -5
mse: 0.02426546509075056
mae: 0.13359094387080925
rsme: 0.15577376252357314
----------------------
max value: 138.5283982537536
pred_str: -2, -2, -1, 0, 1, 3, 6, 9, 13, 19, 25, 31, 36, 38, 34, 27, 18, 6, -4, -13, -24, -36, -45, -49, -48, -42, -33, -24, -14, -3, 6, 14, 25, 39, 50, 59, 63, 59, 50, 40, 27, 15, 2, -5, -10, -12, -9, -8, -7, -6, -5, -4, -3, -2, -1, 0, 1, 3, 5, 7, 9, 12, 17, 24
target_str: -25, -24, -22, -15, 0, 25, 49, 66, 67, 58, 42, 24, 8, -1, -4, -4, -1, 1, 5, 9, 15, 21, 31, 45, 60, 67, 68, 67, 66, 62, 53, 37, 16, -5, -26, -40, -47, -48, -44, -35, -28, -26, -27, -21, -7, 10, 24, 31, 30, 24
mse: 6112.013923361809
mae: 64.30488246939242
rsme: 78.17937019036295
----------------------
max value: 323.8033973066421
pred_str: -96, -81, -53, -22, 3, 28, 45, 55, 50, 33, 18, -2, -15, -19, -21, -31, -51, -65, -72, -67, -49, -26, -4, 18, 35, 45, 43, 32, 18, 7, 1, -13, -25, -30, -31, -44, -66, -82, -85, -70, -47, -16, 10, 32, 42, 40, 34, 24, 15, 11, 11, 11, 9, 7, 5
target_str: -17, -4, 4, 8, 9, 8, 7, 6, 6, 7, 5, -2, -24, -49, -70, -80, -83, -80, -73, -58, -35, -11, 10, 28, 44, 58, 64, 58, 40, 17, -5, -26, -45, -58, -69, -76, -73, -57, -35, -15, 0, 11, 17, 21, 24, 28, 30, 22, 1, -25
mse: 10129.846515328914
mae: 80.23848185258589
rsme: 100.64713863458272
----------------------
max value: 55.41006693244366
pred_str: 44, 44, 40, 33, 27, 21, 16, 12, 9, 7, 9, 14, 27, 53, 76, 87, 85, 70, 52, 36, 21, 10, 2, -3, -11, -20, -29, -37, -42, -41, -37, -31, -24, -15, -8, -2, 11, 22, 35, 48, 57, 61, 55, 44, 31, 20, 10, 4, 0, -1, -11, -20, -28, -32, -31, -31, -31, -30
target_str: -3, -4, -9, -18, -21, -27, -31, -33, -33, -38, -38, -32, -19, 0, 25, 45, 63, 69, 71, 57, 42, 25, 7, -8, -19, -23, -23, -21, -19, -23, -27, -30, -35, -42, -43, -41, -40, -36, -33, -32, -29, -26, -18, -4, 9, 18, 26, 25, 23, 14
mse: 517.0650998950827
mae: 18.961324904282222
rsme: 22.7390655017985
----------------------
max value: 117.07380176672444
pred_str: 16, 1, -4, -17, -28, -36, -38, -34, -29, -21, -7, 3, 15, 33, 51, 60, 64, 61, 56, 51, 45, 38, 30, 19, 10, -1, -13, -23, -31, -37, -41, -43, -43, -40, -34, -26, -14, 4, 20, 35, 49, 57, 61, 59, 56, 50, 46, 40, 34, 27, 20, 13, 9, 4, -2, 1, 0, -1, -4, -7
target_str: -46, -47, -46, -41, -31, -14, 6, 30, 51, 64, 73, 75, 72, 68, 61, 49, 34, 13, -10, -32, -49, -58, -53, -37, -17, 0, 12, 16, 12, 1, -10, -17, -18, -18, -17, -17, -14, -13, -12, -12, -8, 0, 13, 24, 32, 36, 38, 37, 33, 24
mse: 3046.411519961243
mae: 45.518294126902454
rsme: 55.19430695244975
----------------------
max value: 0.7033805557760526
pred_str: 21, 12, 1, -13, -24, -32, -38, -40, -33, -20, -11, 24, 79, 70, 59, 54, 61, 67, 70, 65, 58, 52, 49, 44, 38, 27, 6, -14, -29, -38, -42, -40, -31, -17, -9, 13, 65, 90, 89, 87, 81, 73, 65, 59, 57, 56, 59, 63, 69, 75, 84, 82, 66, 47
target_str: 76, 76, 67, 63, 69, 76, 74, 67, 60, 56, 55, 55, 55, 59, 66, 78, 81, 89, 90, 75, 61, 49, 42, 34, 28, 16, -4, -23, -36, -43, -44, -38, -28, -11, 0, 30, 83, 90, 88, 86, 86, 84, 76, 67, 57, 52, 57, 61, 63, 62
mse: 0.08505543444902655
mae: 0.18020609838982474
rsme: 0.2916426485427441
----------------------
max value: 1.4304087818148197
pred_str: 9, 12, 21, 38, 60, 84, 96, 95, 82, 63, 41, 18, 6, -9, -19, -31, -41, -49, -57, -67, -70, -73, -70, -55, -40, -26, -10, 14, 48, 73, 80, 81, 77, 66, 56, 47, 40, 30, 23, 18, 13, 10, 10, 21, 41, 62, 73, 72, 65, 52, 41, 29, 19
target_str: 24, 21, 19, 15, 14, 15, 25, 45, 64, 80, 78, 79, 83, 80, 66, 54, 35, 12, -10, -33, -52, -62, -65, -73, -81, -78, -65, -51, -42, -30, 31, 70, 54, 50, 38, 24, 23, 18, 12, 9, 16, 30, 48, 74, 88, 85, 84, 81, 79, 59
mse: 0.43336565843622055
mae: 0.5275347587333055
rsme: 0.6583051408246943
----------------------
max value: 1.7578727664155078
pred_str: 14, 12, 12, 10, 11, 13, 17, 27, 45, 59, 65, 63, 59, 51, 42, 28, 15, -5, -24, -40, -49, -54, -56, -55, -57, -55, -45, -36, -28, -23, -19, -17, -16, -18, -28, -40, -49, -54, -55, -55, -47, -37, -27, -20, -16, -15, -15, -15, -15, -16, -17, -21
target_str: 41, 37, 22, 0, -14, -26, -42, -51, -56, -64, -71, -68, -57, -48, -34, 4, 69, 73, 54, 49, 22, 11, 11, 9, 2, 2, 11, 30, 52, 68, 70, 67, 60, 69, 62, 46, 42, 19, 0, -17, -31, -43, -49, -56, -69, -79, -67, -50, -39, -20
mse: 1.5389708016267318
mae: 1.1021862245425234
rsme: 1.2405526194509977
----------------------
max value: 4.069879745437377
pred_str: -10, -11, -12, -9, -6, -1, 1, 11, 27, 50, 71, 63, 37, 19, 10, 5, 2, 0, -4, -8, -12, -15, -17, -16, -11, -6, 2, 14, 30, 53, 77, 72, 44, 23, 11, 4, 1, 0, -2, -6, -10, -13, -14, -12, -7, 1, 18, 39, 71, 92, 78, 49, 26, 11, 5, 2, 0, -2, -7, -11, -15, -15, -11, -6, 0, 12, 27, 56, 80
target_str: 3, 2, 4, 5, 5, 5, 6, 8, 12, 20, 42, 83, 99, 82, 52, 27, 12, 3, -3, -10, -15, -17, -15, -10, -3, 4, 17, 40, 73, 84, 62, 37, 20, 14, 13, 12, 11, 7, 2, 0, 1, 6, 13, 22, 38, 72, 92, 76, 47, 27
mse: 1.3550943886533144
mae: 0.8571166743891117
rsme: 1.1640852153744219
----------------------
max value: 0.9935025565579053
pred_str: 84, 82, 81, 82, 81, 81, 80, 79, 77, 78, 79, 79, 80, 81, 81, 82, 81, 80, 80, 81, 80, 79, 79, 80, 81, 81, 81, 80, 79, 79, 78, 78, 78, 77, 77, 77, 77, 77, 77, 77, 78, 78, 79, 80, 80, 81, 81, 81, 81
target_str: 80, 81, 82, 79, 77, 77, 78, 78, 76, 79, 86, 91, 88, 80, 74, 73, 75, 74, 77, 85, 103, 107, 90, 79, 75, 80, 87, 85, 84, 83, 82, 81, 84, 88, 90, 90, 86, 81, 77, 76, 76, 75, 76, 77, 75, 76, 77, 77, 77, 76
mse: 0.01707197061772718
mae: 0.0691477779364302
rsme: 0.13065975133041996
----------------------
AVG MSE: 2080.8869795600804
Median MSE: 1.5239940876084066
AVG RMSE: 24.11598222443289
Median RMSE: 1.2344866510561543
AVG MAE: 20.06051878188458
Median MAE: 1.0093672139128227
Number of False Outputs: 50
----------------------
