max value: 0.4657017531985316
pred_str: 40, 41, 39, 37, 36, 35, 35, 34, 33, 33, 33, 32, 31, 31, 31, 30, 30, 29, 29, 29, 29, 29, 29, 29, 29, 29, 29, 29, 29, 29, 29, 29, 29, 29, 29, 29, 29, 29, 29, 29, 29, 29, 29, 29, 29, 29, 29, 29, 29, 29, 29, 29, 29, 29, 29, 29, 29, 29, 29, 29, 29, 29, 29, 29, 29, 29, 29, 29, 29, 29, 29, 29, 29, 29, 29, 29, 29, 29, 29, 29, 29, 29, 29, 29, 29, 29, 29, 29, 29, 29, 29, 29, 29, 29, 29, 29, 29, 29, 29, 29, 29, 29, 29, 29, 29, 29, 29, 29, 29, 29, 29, 29, 29, 29, 29, 29, 29, 29, 29, 29, 29, 29, 29, 29, 29, 29, 29, 29, 
target_str: 58, 58, 63, 65, 68, 74, 80, 87, 92, 92, 91, 89, 84, 77, 61, 60, 49, 41, 45, 43, 38, 33, 28, 25, 23, 20, 21, 22, 17, 18, 20, 24, 30, 37, 41, 44, 48, 45, 45, 46, 48, 50, 52, 54, 50, 46, 32, 19, 27, 25
mse: 0.015500279445963334
mae: 0.09714538571721366
rsme: 0.1245001182568247
----------------------
max value: 91.41004782265443
pred_str: 0, 3, 11, 20, 30, 28, 19, 11, 3, -4, -10, -18, -26, -33, -39, -43, -45, -43, -39, -32, -25, -17, -11, -5, 2, 11, 20, 28, 24, 16, 8, 1, -2, -5, -9, -13, -18, -24, -29, -33, -37, -40, -42, -42, -37, -30, -23, -16, -10, -5, 2, 12, 22, 28, 26, 17, 9, 0, -1, -4, -7, -11, -15, -19, -22, -23, -20, -14, -9, -3, 2, 11, 20, 28, 24, 16, 8, 1, -2, -5, -9, -13, -18, -24, -29, -33, -37, -40, -42, -42, -37, -30, -23, -16, -10, -5, 2, 12, 22, 28, 26, 17, 9, 0, -1, -4, -7, -11, -15, -19, -22, -23, -20, -14, -9, -3, 2, 11, 20, 28, 24, 16, 8, 1, -2, -5, -9, -13, -18, -24, -29, -33, -37, -40, -42, -42, -37, -30, -2
target_str: -18, -22, -24, -24, -22, -18, -11, 0, 17, 34, 50, 58, 57, 48, 34, 19, 5, -5, -13, -15, -16, -13, -8, -4, -2, -2, -5, -10, -15, -18, -20, -19, -19, -17, -17, -18, -19, -21, -23, -21, -15, 0, 19, 37, 50, 55, 52, 41, 28, 15
mse: 1554.0278084436618
mae: 31.536466498815784
rsme: 39.4211594000438
----------------------
max value: 1.068059217960615
pred_str: 01, 03, 01, 02, 04, 05, 07, 05, 07, 07, 09, 11, 09, 06, 08, 04, 07, 03, 05, 02, 03, 04, 05, 06, 05, 05, 04, 02, 03, 01, 03, 02, 03, 02, 03, 03, 02, 02, 02, 02, 02, 02, 02, 02, 02, 02, 02, 02, 02, 02, 02, 02, 02, 02, 02, 02, 02, 02, 02, 02, 02, 02, 02, 02, 02, 02, 02, 02, 02, 02, 02, 02, 02, 02, 02, 02, 02, 02, 02, 02, 02, 02, 02, 02, 02, 02, 02, 02, 02, 02, 02, 02, 02, 02, 02, 02, 02, 02, 02, 02, 02, 02, 02, 02, 02, 02, 02, 02, 02, 02, 02, 02, 02, 02, 02, 02, 02, 02, 02, 02, 02, 02, 02, 02, 02, 02, 02, 02, 
target_str: 41, 50, 71, 85, 85, 65, 52, 49, 23, -16, -29, -28, -28, -31, -39, -47, -47, -43, -37, -34, -40, -45, -65, -93, -77, 29, 66, 16, 21, 38, 37, 22, 19, 29, 44, 44, 37, 41, 61, 76, 82, 62, 32, 30, 31, 0, -25, -38, -45, -44
mse: 0.2689501807492926
mae: 0.4718685624949997
rsme: 0.5186040693528084
----------------------
max value: 145.27823263056464
pred_str: 0, 2, 6, 11, 14, 15, 12, 6, 2, -4, -8, -12, -16, -19, -22, -23, -23, -21, -18, -14, -9, -5, -1, -2, -2, -1, -2, -1, -1, -1, -1, -1, -1, -1, -1, -1, -1, -1, -1, -1, -1, -1, -1, -1, -1, -1, -1, -1, -1, -1, -1, -1, -1, -1, -1, -1, -1, -1, -1, -1, -1, -1, -1, -1, -1, -1, -1, -1, -1, -1, -1, -1, -1, -1, -1, -1, -1, -1, -1, -1, -1, -1, -1, -1, -1, -1, -1, -1, -1, -1, -1, -1, -1, -1, -1, -1, -1, -1, -1, -1, -1, -1, -1, -1, -1, -1, -1, -1, -1, -1, -1, -1, -1, -1, -1, -1, -1, -1, -1, -1, -1, -1, -1, -1, -1, -1, -1, -1, -1, -1, -1, -1, -1, -1, -1, -1, -1, -1, -1, -1, -1, -1, -1, -1, -1, -1, -1, -1, -1, -1, -1, -1, -1, -1, -1, -1, -1, -1, -1, -1, -1, -1, -1, -1, -1, -1, -1
target_str: -104, -98, -88, -75, -56, -33, -12, 5, 16, 22, 21, 19, 15, 14, 14, 16, 19, 20, 20, 19, 16, 11, 5, 2, 0, -6, -11, -15, -13, -9, 0, 5, 7, 3, -6, -24, -43, -61, -73, -76, -72, -64, -53, -36, -9, 22, 54, 82, 100, 106
mse: 5138.620574423134
mae: 55.64156309750626
rsme: 71.6841724122078
----------------------
max value: 86.97451584571705
pred_str: ... 1 2 3 4 5 6 7 8 9 10 11 12 13 14 15 16 17 18 19 20 21 22 23 24 25 26 27 28 29 30 31 32 33 34 35 36 37 38 39 40 41 42
target_str: -63, -64, -62, -53, -43, -33, -22, -15, -8, 2, 14, 29, 41, 48, 51, 53, 49, 44, 39, 32, 25, 21, 17, 12, 7, 0, -7, -14, -17, -9, 8, 28, 47, 58, 59, 51, 35, 16, -9, -31, -50, -62, -66, -61, -52, -39, -24, -13, -5, 3
mse: 1094.7591794955144
mae: 28.023189005490032
rsme: 33.08714523036876
----------------------
max value: 1.2677365602192732
pred_str: 0, 0, 0, 0, 0, 0, 0, 0, 0, 0, 0, 0, 0, 0, 0, 0, 0, 0, 0, 0, 0, 0, 0, 0, 0, 0, 0, 0, 0, 0, 0, 0, 0, 0, 0, 0, 0, 0, 0, 0, 0, 0, 0, 0, 0, 0, 0, 0, 0, 0, 0, 0, 0, 0, 0, 0, 0, 0, 0, 0, 0, 0, 0, 0, 0, 0, 0, 0, 0, 0, 0, 0, 0, 0, 0, 0, 0, 0, 0, 0, 0, 0, 0, 0, 0, 0, 0, 0, 0, 0, 0, 0, 0, 0, 0, 0, 0, 0, 0, 0, 0, 0, 0, 0, 0, 0, 0, 0, 0, 0, 0, 0, 0, 0, 0, 0, 0, 0, 0, 0, 0, 0, 0, 0, 0, 0, 0, 0, 0, 0, 0, 0, 0, 0, 0, 0, 0, 0, 0, 0, 0, 0, 0, 0, 0, 0, 0, 0, 0, 0, 0, 0, 0, 0, 0, 0, 0, 0, 0, 0, 0, 0, 0, 0, 0, 0, 0, 0, 0, 0, 0,
target_str: 5, -5, 7, 31, 22, 35, 66, 49, 53, 60, 42, 12, 3, 18, 13, 2, 3, 21, 33, 42, 46, 25, 33, 32, 26, 28, 17, 19, 19, 23, 23, 26, 22, 26, 33, 27, 28, 22, 10, 16, 24, 18, 29, 53, 54, 23, 9, 17, 31, 3
mse: 0.14351260093626744
mae: 0.32555474866430933
rsme: 0.3788305702240349
----------------------
max value: 4.059336781248802
pred_str: 1, 3, 7, 13, 22, 35, 57, 85, 99, 89, 67, 46, 28, 18, 10, 6, 3, 1, 0, 0, 0, 0, 0, 0, 0, 0, 0, 0, 0, 0, 0, 0, 0, 0, 0, 0, 0, 0, 0, 0, 0, 0, 0, 0, 0, 0, 0, 0, 0, 0, 0, 0, 0, 0, 0, 0, 0, 0, 0, 0, 0, 0, 0, 0, 0, 0, 0, 0, 0, 0, 0, 0, 0, 0, 0, 0, 0, 0, 0, 0, 0, 0, 0, 0, 0, 0, 0, 0, 0, 0, 0, 0, 0, 0, 0, 0, 0, 0, 0, 0, 0, 0, 0, 0, 0, 0, 0, 0, 0, 0, 0, 0, 0, 0, 0, 0, 0, 0, 0, 0, 0, 0, 0, 0, 0, 0, 0, 0, 0, 0, 0, 0, 0, 0, 0, 0, 0, 0, 0, 0, 0, 0, 0, 0, 0, 0, 0, 0, 0, 0, 0, 0, 0, 0, 0, 0, 0, 0, 0, 0, 0, 0, 0, 0, 0, 0, 0,
target_str: 1, 2, 2, 1, 1, 7, 22, 62, 96, 96, 60, 25, 12, 2, -1, -4, -7, -11, -15, -17, -15, -6, 4, 34, 69, 83, 67, 38, 22, 13, 10, 8, 8, 9, 10, 9, 8, 7, 14, 39, 79, 94, 68, 39, 22, 13, 6, 3, 0, -3
mse: 1.6183584617547027
mae: 0.8686980711872435
rsme: 1.2721471855704052
----------------------
max value: 125.1331162831952
pred_str: 0, 0, 0, 0, 0, 0, 0, 0, 0, 0, 0, 0, 0, 0, 0, 0, 0, 0, 0, 0, 0, 0, 0, 0, 0, 0, 0, 0, 0, 0, 0, 0, 0, 0, 0, 0, 0, 0, 0, 0, 0, 0, 0, 0, 0, 0, 0, 0, 0, 0, 0, 0, 0, 0, 0, 0, 0, 0, 0, 0, 0, 0, 0, 0, 0, 0, 0, 0, 0, 0, 0, 0, 0, 0, 0, 0, 0, 0, 0, 0, 0, 0, 0, 0, 0, 0, 0, 0, 0, 0, 0, 0, 0, 0, 0, 0, 0, 0, 0, 0, 0, 0, 0, 0, 0, 0, 0, 0, 0, 0, 0, 0, 0, 0, 0, 0, 0, 0, 0, 0, 0, 0, 0, 0, 0, 0, 0, 0, 0, 0, 0, 0, 0, 0, 0, 0, 0, 0, 0, 0, 0, 0, 0, 0, 0, 0, 0, 0, 0, 0, 0, 0, 0, 0, 0, 0, 0, 0, 0, 0, 0, 0, 0, 0, 0, 0, 0, 0, 0, 0, 0,
target_str: 37, 42, 49, 59, 68, 72, 74, 72, 68, 65, 59, 51, 43, 35, 28, 22, 13, 2, -15, -37, -59, -75, -84, -84, -78, -67, -53, -42, -37, -31, -16, 0, 12, 19, 16, 3, -15, -30, -37, -37, -28, -13, 5, 24, 41, 54, 61, 67, 64, 45
mse: 3651.139012478443
mae: 52.7561218249951
rsme: 60.424655667024226
----------------------
max value: 132.69174574791145
pred_str: 13, 17, 20, 23, 25, 26, 28, 30, 32, 35, 38, 41, 45, 49, 53, 56, 57, 57, 56, 54, 50, 42, 31, 20, 11, 7, 3, 0, -4, -12, -18, -24, -29, -33, -36, -36, -32, -23, -12, -1, 11, 23, 33, 42, 49, 53, 55, 55, 54, 52, 47, 38, 27, 16, 11, 6, 2, -3, -11, -19, -28, -36, -42, -46, -48, -50, -50, -46, -36, -24, -10, -3, 1, 12, 25, 37, 47, 53, 56, 57, 57, 55, 52, 45, 33, 22, 13, 7, 3, -2, -12, -20, -29, -38, -46, -52, -54, -54, -50, -37, -22, -7, 1, 11, 21, 33, 42, 51, 56, 58, 59, 58, 57, 54, 46, 34, 23, 13, 6, 2, -2, -11, -19, -28, -37, -46, -52, -54, -54, -50, -37, -24, -10
target_str: -32, -14, 5, 23, 37, 47, 57, 66, 74, 78, 75, 61, 40, 14, -13, -36, -45, -36, -18, 1, 17, 27, 30, 27, 23, 19, 20, 21, 19, 13, 6, 3, 7, 13, 20, 32, 42, 48, 47, 40, 31, 21, 14, 8, 6, 9, 15, 22, 28, 30
mse: 3309.078259286757
mae: 47.82210516754728
rsme: 57.52458830175804
----------------------
max value: 203.76651784696872
pred_str: 01000000000000000000000000000000000000000000000000000000000000000000000000000000000000000000000000000000000000000000000000000000000000000000000000000000000000000000000000000000000000000000000000000000000000000000000000000000000000000000000000000000000000000000000000000000000000000000000000000000000000000000000000000000000000000000000000000000000000000000000000000000000000000000000000000000000000000000000000000000000000000000000000000000000000000000000000000000000000000000000000000000000000000000000000000000
target_str: -24, -18, -10, -1, 6, 14, 20, 28, 40, 55, 68, 75, 75, 70, 60, 46, 27, 8, -6, -18, -24, -27, -28, -26, -23, -19, -14, -10, -5, -2, 0, 2, 11, 25, 43, 60, 69, 70, 63, 48, 30, 11, -4, -18, -29, -37, -42, -44, -41, -37
mse: inf
mae: inf
rsme: inf
----------------------
max value: 0.6697612007286137
pred_str: 3, 12, 21, 20, 16, 15, 15, 13, 13, 13, 14, 14, 14, 15, 14, 14, 13, 14, 14, 14, 14, 13, 14, 13, 13, 13, 14, 14, 14, 14, 14, 14, 14, 14, 14, 14, 14, 14, 14, 14, 14, 14, 14, 14, 14, 14, 14, 14, 14, 14, 14, 14, 14, 14, 14, 14, 14, 14, 14, 14, 14, 14, 14, 14, 14, 14, 14, 14, 14, 14, 14, 14, 14, 14, 14, 14, 14, 14, 14, 14, 14, 14, 14, 14, 14, 14, 14, 14, 14, 14, 14, 14, 14, 14, 14, 14, 14, 14, 14, 14, 14, 14, 14, 14, 14, 14, 14, 14, 14, 14, 14, 14, 14, 14, 14, 14, 14, 14, 14, 14, 14, 14, 14, 14, 14, 14, 14, 14, 1
target_str: -14, -55, -62, -74, -57, -43, -55, -69, -74, -90, -102, -102, -89, -71, -46, -49, -79, -16, 18, 29, 11, -12, -2, 12, 33, 38, 32, 23, 23, 37, 66, 79, 70, 46, 28, 13, -48, -58, -44, -77, -78, -80, -68, -63, -66, -74, -87, -97, -103, -96
mse: 0.22284291370779655
mae: 0.4049376219605198
rsme: 0.4720624044634317
----------------------
max value: 1.2373675175263328
pred_str: 1, 4, 7, 3, 0, 1, 4, 7, 3, 1, 0, 1, 4, 7, 3, 0, 1, 4, 7, 3, 1, 0, 1, 4, 7, 3, 0, 1, 4, 7, 3, 0, 1, 4, 7, 3, 0, 1, 4, 7, 3, 0, 1, 4, 7, 3, 0, 1, 4, 7, 3, 0, 1, 4, 7, 3, 0, 1, 4, 7, 3, 0, 1, 4, 7, 3, 0, 1, 4, 7, 3, 0, 1, 4, 7, 3, 0, 1, 4, 7, 3, 0, 1, 4, 7, 3, 0, 1, 4, 7, 3, 0, 1, 4, 7, 3, 0, 1, 4, 7, 3, 0, 1, 4, 7, 3, 0, 1, 4, 7, 3, 0, 1, 4, 7, 3, 0, 1, 4, 7, 3, 0, 1, 4, 7, 3, 0, 1, 4, 7, 3, 0, 1, 4, 7, 3, 0, 1, 4, 7, 3, 0, 1, 4, 7, 3, 0, 1, 4, 7, 3, 0, 1, 4, 7, 3, 0, 1, 4, 7, 3, 0, 1, 4, 7, 3, 0, 1, 4, 7, 3,
target_str: -13, -17, -18, -18, -20, -21, -19, -18, -14, -8, -3, 3, 3, 0, 0, -6, -17, -34, -50, -69, -81, -82, -75, -66, -54, -41, -31, -26, -24, -20, -16, -11, -7, -7, -7, -9, -24, -46, -76, -89, -59, -37, -35, -32, -24, -13, -1, 9, 16, 21
mse: 0.2334557682237497
mae: 0.3729425697824366
rsme: 0.48317260707096144
----------------------
max value: 115.00403143508265
pred_str: 52, 49, 52, 45, 31, 13, -11, -27, -38, -48, -55, -58, -59, -59, -58, -58, -58, -58, -59, -58, -59, -59, -59, -59, -60, -60, -60, -60, -60, -60, -60, -60, -60, -60, -60, -60, -60, -60, -60, -60, -60, -60, -60, -60, -60, -60, -60, -60, -60, -60, -60, -60, -60, -60, -60, -60, -60, -60, -60, -60, -60, -60, -60, -60, -60, -60, -60, -60, -60, -60, -60, -60, -60, -60, -60, -60, -60, -60, -60, -60, -60, -60, -60, -60, -60, -60, -60, -60, -60, -60, -60, -60, -60, -60, -60, -60, -60, -60, -60, -60, -60, -60, -60, -60, -60, -60, -60, -60, -60, -60, -60, -60, -60, -60, -60, -60, -60, -60, -60, -60, -60, -60, -60, -60, -60, -60, -60, -60, -
target_str: 52, 40, 22, 2, -18, -38, -55, -68, -76, -79, -76, -68, -50, -23, 8, 38, 61, 70, 67, 58, 44, 28, 13, 1, -9, -17, -22, -24, -26, -27, -25, -14, 5, 30, 55, 72, 80, 77, 65, 48, 27, 8, -9, -21, -32, -39, -44, -47, -48, -46
mse: 6768.923757249362
mae: 68.12838822214297
rsme: 82.27346934005739
----------------------
max value: 223.62932948950453
pred_str: 0, 1, 2, 2, 2, 2, 2, 2, 2, 2, 2, 2, 2, 2, 2, 2, 2, 2, 2, 2, 2, 2, 2, 2, 2, 2, 2, 2, 2, 2, 2, 2, 2, 2, 2, 2, 2, 2, 2, 2, 2, 2, 2, 2, 2, 2, 2, 2, 2, 2, 2, 2, 2, 2, 2, 2, 2, 2, 2, 2, 2, 2, 2, 2, 2, 2, 2, 2, 2, 2, 2, 2, 2, 2, 2, 2, 2, 2, 2, 2, 2, 2, 2, 2, 2, 2, 2, 2, 2, 2, 2, 2, 2, 2, 2, 2, 2, 2, 2, 2, 2, 2, 2, 2, 2, 2, 2, 2, 2, 2, 2, 2, 2, 2, 2, 2, 2, 2, 2, 2, 2, 2, 2, 2, 2, 2, 2, 2, 2, 2, 2, 2, 2, 2, 2, 2, 2, 2, 2, 2, 2, 2, 2, 2, 2, 2, 2, 2, 2, 2, 2, 2, 2, 2, 2, 2, 2, 2, 2, 2, 2, 2, 2, 2, 2, 2, 2, 2, 2, 2, 2,
target_str: 24, 8, -4, -15, -23, -29, -31, -31, -30, -26, -21, -16, -10, -4, 0, 5, 10, 15, 19, 22, 23, 21, 16, 9, 0, -9, -19, -29, -37, -43, -43, -37, -26, -11, 3, 15, 21, 22, 20, 16, 9, 2, -1, 0, 5, 14, 21, 25, 24, 20
mse: 2247.7529211982137
mae: 39.6718430514381
rsme: 47.41047269536778
----------------------
max value: 68.76971772643536
pred_str: -14, -14, -15, -16, -15, -13, -12, -12, -12, -13, -12, -11, -10, -9, -8, -8, -9, -9, -10, -11, -11, -11, -10, -10, -10, -10, -9, -9, -9, -9, -9, -9, -9, -9, -9, -9, -9, -9, -9, -9, -9, -9, -9, -9, -9, -9, -9, -9, -9, -9, -9, -9, -9, -9, -9, -9, -9, -9, -9, -9, -9, -9, -9, -9, -9, -9, -9, -9, -9, -9, -9, -9, -9, -9, -9, -9, -9, -9, -9, -9, -9, -9, -9, -9, -9, -9, -9, -9, -9, -9, -9, -9, -9, -9, -9, -9, -9, -9, -9, -9, -9, -9, -9, -9, -9, -9, -9, -9, -9, -9, -9, -9, -9, -9, -9, -9, -9, -9, -9, -9, -9, -9, -9, -9, -9, -9, -9, -9, -9, -9, -9, -9, -9, -9, -9, -9, -9, -9, -9, -9, -9, -9, -9, -9, -9, -9, -9, -9, -9, -9, -9, -9, -9, -9, -9, -9, -9, -9, -9, -9, -9, -9, -9, -9
target_str: 43, 29, 14, -1, -13, -21, -23, -22, -18, -13, -9, -7, -7, -7, -9, -16, -19, -27, -34, -40, -42, -44, -42, -36, -24, -8, 12, 34, 50, 56, 56, 47, 33, 14, -4, -20, -34, -39, -42, -43, -39, -37, -36, -37, -40, -47, -54, -66, -77, -88
mse: 545.6636429089099
mae: 18.760378995771564
rsme: 23.35944440497055
----------------------
max value: 222.60005948993262
pred_str: 0, 2, 2, 3, 3, 3, 2, 2, 2, 2, 2, 2, 2, 2, 2, 2, 2, 2, 2, 2, 2, 2, 2, 2, 2, 2, 2, 2, 2, 2, 2, 2, 2, 2, 2, 2, 2, 2, 2, 2, 2, 2, 2, 2, 2, 2, 2, 2, 2, 2, 2, 2, 2, 2, 2, 2, 2, 2, 2, 2, 2, 2, 2, 2, 2, 2, 2, 2, 2, 2, 2, 2, 2, 2, 2, 2, 2, 2, 2, 2, 2, 2, 2, 2, 2, 2, 2, 2, 2, 2, 2, 2, 2, 2, 2, 2, 2, 2, 2, 2, 2, 2, 2, 2, 2, 2, 2, 2, 2, 2, 2, 2, 2, 2, 2, 2, 2, 2, 2, 2, 2, 2, 2, 2, 2, 2, 2, 2, 2, 2, 2, 2, 2, 2, 2, 2, 2, 2, 2, 2, 2, 2, 2, 2, 2, 2, 2, 2, 2, 2, 2, 2, 2, 2, 2, 2, 2, 2, 2, 2, 2, 2, 2, 2, 2, 2, 2, 2, 2, 2, 2,
target_str: -5, -2, -5, -11, -14, -10, 2, 18, 35, 46, 49, 44, 33, 18, 3, -11, -24, -31, -35, -34, -31, -27, -23, -19, -17, -17, -14, -7, 4, 18, 30, 37, 36, 30, 18, 3, -11, -24, -34, -40, -42, -41, -38, -34, -30, -26, -21, -12, 1, 18
mse: 3539.115373899036
mae: 51.64321380166439
rsme: 59.4904645628107
----------------------
max value: 1.5189687410043196
pred_str: 0, 0, 0, 0, 0, 0, 0, 0, 0, 0, 0, 0, 0, 0, 0, 0, 0, 0, 0, 0, 0, 0, 0, 0, 0, 0, 0, 0, 0, 0, 0, 0, 0, 0, 0, 0, 0, 0, 0, 0, 0, 0, 0, 0, 0, 0, 0, 0, 0, 0, 0, 0, 0, 0, 0, 0, 0, 0, 0, 0, 0, 0, 0, 0, 0, 0, 0, 0, 0, 0, 0, 0, 0, 0, 0, 0, 0, 0, 0, 0, 0, 0, 0, 0, 0, 0, 0, 0, 0, 0, 0, 0, 0, 0, 0, 0, 0, 0, 0, 0, 0, 0, 0, 0, 0, 0, 0, 0, 0, 0, 0, 0, 0, 0, 0, 0, 0, 0, 0, 0, 0, 0, 0, 0, 0, 0, 0, 0, 0, 0, 0, 0, 0, 0, 0, 0, 0, 0, 0, 0, 0, 0, 0, 0, 0, 0, 0, 0, 0, 0, 0, 0, 0, 0, 0, 0, 0, 0, 0, 0, 0, 0, 0, 0, 0, 0, 0, 0, 0, 0, 0,
target_str: -31, -17, -9, -5, 0, 3, -2, -17, -27, -41, -55, -62, -62, -72, -57, -30, -27, -13, -1, 6, 11, 17, 24, 28, 28, 23, 21, 10, -9, -35, -82, -101, -104, -101, -91, -72, -47, -28, -15, -9, -6, -3, -5, -18, -32, -38, -51, -65, -65, -61
mse: 0.47215430710530515
mae: 0.5276897406249005
rsme: 0.6871348536534188
----------------------
max value: 261.0921159996241
pred_str: 00000000000000000000000000000000000000000000000000000000000000000000000000000000000000000000000000000000000000000000000000000000000000000000000000000000000000000000000000000000000000000000000000000000000000000000000000000000000000000000000000000000000000000000000000000000000000000000000000000000000000000000000000000000000000000000000000000000000000000000000000000000000000000000000000000000000000000000000000000000000000000000000000000000000000000000000000000000000000000000000000000000000000000000000000000000
target_str: -97, -91, -77, -60, -41, -23, -8, 2, 8, 11, 11, 11, 9, 4, 0, -2, -7, -24, -48, -68, -75, -67, -45, -14, 14, 35, 47, 49, 45, 36, 26, 16, 8, -1, -19, -45, -68, -77, -71, -54, -33, -13, 4, 18, 27, 30, 28, 21, 13, 2
mse: 11695.498616013594
mae: 83.70613238947952
rsme: 108.14572860734535
----------------------
max value: 1.2285575361135035
pred_str: 0, 2, 2, 2, 2, 2, 2, 2, 2, 2, 2, 2, 2, 2, 2, 2, 2, 2, 2, 2, 2, 2, 2, 2, 2, 2, 2, 2, 2, 2, 2, 2, 2, 2, 2, 2, 2, 2, 2, 2, 2, 2, 2, 2, 2, 2, 2, 2, 2, 2, 2, 2, 2, 2, 2, 2, 2, 2, 2, 2, 2, 2, 2, 2, 2, 2, 2, 2, 2, 2, 2, 2, 2, 2, 2, 2, 2, 2, 2, 2, 2, 2, 2, 2, 2, 2, 2, 2, 2, 2, 2, 2, 2, 2, 2, 2, 2, 2, 2, 2, 2, 2, 2, 2, 2, 2, 2, 2, 2, 2, 2, 2, 2, 2, 2, 2, 2, 2, 2, 2, 2, 2, 2, 2, 2, 2, 2, 2, 2, 2, 2, 2, 2, 2, 2, 2, 2, 2, 2, 2, 2, 2, 2, 2, 2, 2, 2, 2, 2, 2, 2, 2, 2, 2, 2, 2, 2, 2, 2, 2, 2, 2, 2, 2, 2, 2, 2, 2, 2, 2, 2,
target_str: 66, 58, 51, 37, 18, 0, -12, -20, -28, -39, -50, -57, -65, -75, -86, -86, -79, -80, -71, -57, -42, -20, -2, 4, 6, 2, 3, 13, 28, 38, 46, 52, 53, 49, 50, 55, 58, 56, 57, 61, 53, 43, 26, 8, -5, -19, -30, -39, -43, -52
mse: 0.3420859417473144
mae: 0.5027257437776457
rsme: 0.5848811347165459
----------------------
max value: 84.48096819731116
pred_str: 0, 0, 0, 0, 0, 0, 0, 0, 0, 0, 0, 0, 0, 0, 0, 0, 0, 0, 0, 0, 0, 0, 0, 0, 0, 0, 0, 0, 0, 0, 0, 0, 0, 0, 0, 0, 0, 0, 0, 0, 0, 0, 0, 0, 0, 0, 0, 0, 0, 0, 0, 0, 0, 0, 0, 0, 0, 0, 0, 0, 0, 0, 0, 0, 0, 0, 0, 0, 0, 0, 0, 0, 0, 0, 0, 0, 0, 0, 0, 0, 0, 0, 0, 0, 0, 0, 0, 0, 0, 0, 0, 0, 0, 0, 0, 0, 0, 0, 0, 0, 0, 0, 0, 0, 0, 0, 0, 0, 0, 0, 0, 0, 0, 0, 0, 0, 0, 0, 0, 0, 0, 0, 0, 0, 0, 0, 0, 0, 0, 0, 0, 0, 0, 0, 0, 0, 0, 0, 0, 0, 0, 0, 0, 0, 0, 0, 0, 0, 0, 0, 0, 0, 0, 0, 0, 0, 0, 0, 0, 0, 0, 0, 0, 0, 0, 0, 0, 0, 0, 0, 0,
target_str: 20, 27, 36, 44, 50, 51, 45, 35, 25, 14, 4, -4, -12, -19, -25, -28, -25, -19, -15, -10, -7, -7, -7, -7, -2, 6, 17, 27, 34, 39, 44, 50, 54, 57, 55, 49, 41, 28, 18, 6, -3, -12, -22, -29, -31, -30, -26, -19, -9, 0
mse: 628.487212944102
mae: 21.018864887491013
rsme: 25.0696472441098
----------------------
max value: 1.3270199072442206
pred_str: 01, 02, 03, 04, 05, 06, 07, 08, 09, 10, 11, 12, 13, 14, 15, 16, 17, 18, 19, 20, 21, 22, 23, 24, 25, 26, 27, 28, 29, 30, 31, 32, 33, 34, 35, 36, 37, 38, 39, 40, 41, 42, 43, 44, 45, 46, 47, 48, 49, 50, 51, 52, 53, 54, 55, 56, 57, 58, 59, 60, 61, 62, 63, 64, 65, 66, 67, 68, 69, 70, 71, 72, 73, 74, 75, 76, 77, 78, 79, 80, 81, 82, 83, 84, 85, 86, 87, 88, 89, 90, 91, 92, 93, 94, 95, 96, 97, 98, 99, 100, 101, 102, 103, 104, 105, 106, 107, 108, 109, 110, 111, 112, 113, 114, 115, 116, 117, 118, 119, 120, 121, 122, 1
target_str: 58, 51, 43, 36, 35, 41, 50, 59, 68, 77, 79, 74, 68, 52, 38, 18, -5, -24, -38, -41, -44, -49, -54, -57, -63, -63, -52, -38, -23, -4, 21, 44, 51, 49, 49, 47, 49, 43, 41, 45, 53, 59, 66, 79, 91, 85, 67, 55, 36, 11
mse: 0.3756385570216614
mae: 0.517537763825246
rsme: 0.6128935935557341
----------------------
max value: 4.032283656964537
pred_str: 0, 1, 2, 3, 4, 5, 6, 7, 8, 9, 10, 11, 12, 13, 14, 15, 16, 17, 18, 19, 20, 21, 22, 23, 24, 25, 26, 27, 28, 29, 30, 31, 32, 33, 34, 35, 36, 37, 38, 39, 40, 41, 42, 43, 44, 45, 46, 47, 48, 49, 50, 51, 52, 53, 54, 55, 56, 57, 58, 59, 60, 61, 62, 63, 64, 65, 66, 67, 68, 69, 70, 71, 72, 73, 74, 75, 76, 77, 78, 79, 80, 81, 82, 83, 84, 85, 86, 87, 88, 89, 90, 91, 92, 93, 94, 95, 96, 97, 98, 99, 100, 101, 102, 103, 104, 105, 106, 107, 108, 109, 110, 111, 112, 113, 114, 115, 116, 117, 118, 119, 120, 121, 122, 123, 12
target_str: 27, 19, 10, 0, -10, -19, -23, -23, -19, -12, -5, 4, 24, 62, 96, 93, 66, 42, 26, 19, 17, 17, 15, 12, 9, 6, 6, 5, 5, 7, 14, 29, 56, 91, 87, 60, 44, 35, 28, 21, 14, 6, -2, -11, -18, -20, -19, -14, -9, 0
mse: 2.043697898452127
mae: 1.134684621069821
rsme: 1.4295796229843676
----------------------
max value: 0.9033504344950996
pred_str: 1, 4, 9, 14, 19, 22, 24, 22, 19, 15, 12, 10, 9, 7, 6, 3, 0, -4, -10, -19, -27, -34, -40, -45, -50, -52, -49, -44, -40, -33, -23, -16, -10, -4, 2, 11, 17, 23, 25, 29, 30, 25, 22, 21, 19, 16, 14, 12, 10, 9, 8, 6, 6, 6, 6, 6, 6, 6, 6, 6, 6, 6, 6, 6, 6, 6, 6, 6, 6, 6, 6, 6, 6, 6, 6, 6, 6, 6, 6, 6, 6, 6, 6, 6, 6, 6, 6, 6, 6, 6, 6, 6, 6, 6, 6, 6, 6, 6, 6, 6, 6, 6, 6, 6, 6, 6, 6, 6, 6, 6, 6, 6, 6, 6, 6, 6, 6, 6, 6, 6, 6, 6, 6, 6, 6, 6, 6, 6, 6, 6, 6, 6, 6, 6, 6, 6, 6, 6, 6, 6, 6, 6, 6, 6, 6, 6, 6, 6, 6, 6, 6, 6, 6, 6, 6, 6, 6, 6, 
target_str: 14, 18, 33, 44, 46, 38, 16, -47, -38, -8, -35, -32, -34, -37, -37, -40, -51, -61, -68, -70, -63, -50, -41, -24, -46, -32, 18, 28, 24, -7, -7, 0, 14, 28, 28, 23, 22, 27, 37, 44, 45, 31, 16, -21, -46, -13, -28, -39, -29, -25
mse: 0.11272151458033326
mae: 0.2850973971266534
rsme: 0.3357402486749738
----------------------
max value: 1.5774595060334473
pred_str: 00000000000000000000000000000000000000000000000000000000000000000000000000000000000000000000000000000000000000000000000000000000000000000000000000000000000000000000000000000000000000000000000000000000000000000000000000000000000000000000000000000000000000000000000000000000000000000000000000000000000000000000000000000000000000000000000000000000000000000000000000000000000000000000000000000000000000000000000000000000000000000000000000000000000000000000000000000000000000000000000000000000000000000000000000000000
target_str: 92, 98, 87, 76, 57, 37, 17, 0, -13, -22, -23, -19, -13, -9, -6, -4, 15, 46, 55, 47, 37, 39, 41, 34, 28, 24, 21, 17, 14, 12, 12, 10, 11, 20, 47, 68, 78, 87, 83, 70, 53, 35, 17, 0, -14, -24, -28, -24, -14, -8
mse: 0.46608324528570405
mae: 0.5382291834586121
rsme: 0.6827028967901807
----------------------
max value: 1.3977679483467502
pred_str: 0, 1, 2, 3, 4, 5, 6, 7, 8, 9, 10, 11, 12, 13, 14, 15, 16, 17, 18, 19, 20, 21, 22, 23, 24, 25, 26, 27, 28, 29, 30, 31, 32, 33, 34, 35, 36, 37, 38, 39, 40, 41, 42, 43, 44, 45, 46, 47, 48, 49, 50, 51, 52, 53, 54, 55, 56, 57, 58, 59, 60, 61, 62, 63, 64, 65, 66, 67, 68, 69, 70, 71, 72, 73, 74, 75, 76, 77, 78, 79, 80, 81, 82, 83, 84, 85, 86, 87, 88, 89, 90, 91, 92, 93, 94, 95, 96, 97, 98, 99, 100, 101, 102, 103, 104, 105, 106, 107, 108, 109, 110, 111, 112, 113, 114, 115, 116, 117, 118, 119, 120, 121, 122, 123, 12
target_str: 53, 66, 87, 91, 81, 70, 62, 52, 37, 22, 9, 0, -8, -17, -26, -32, -34, -34, -32, -28, -23, -17, -13, -3, 22, 71, 61, 49, 55, 45, 39, 33, 30, 30, 31, 27, 24, 22, 21, 24, 30, 39, 56, 73, 89, 83, 66, 59, 46, 38
mse: 0.2726230983198771
mae: 0.41457797347964587
rsme: 0.5221332189392637
----------------------
max value: 0.8701004692292774
pred_str: -100, -95, -74, -46, -41, -41, -41, -43, -46, -41, -41, -41, -41, -41, -43, -46, -45, -45, -45, -45, -45, -45, -45, -45, -45, -45, -45, -45, -45, -45, -45, -45, -45, -45, -45, -45, -45, -45, -45, -45, -45, -45, -45, -45, -45, -45, -45, -45, -45, -45, -45, -45, -45, -45, -45, -45, -45, -45, -45, -45, -45, -45, -45, -45, -45, -45, -45, -45, -45, -45, -45, -45, -45, -45, -45, -45, -45, -45, -45, -45, -45, -45, -45, -45, -45, -45, -45, -45, -45, -45, -45, -45, -45, -45, -45, -45, -45, -45, -45, -45, -45, -45, -45, -45, -45, -45, -45, -45, -45, -45, -45, -45, -45, -45, -45, -45, -45, -45, -45, -45, -45, -45, -45, -45, -45, -45, -45, -45
target_str: -67, -101, -74, 70, 73, 19, 41, 32, 14, 12, 28, 31, 33, 39, 44, 48, 63, 86, 102, 98, 76, 78, 60, -2, -22, -15, -18, -24, -27, -31, -32, -33, -34, -37, -41, -43, -45, -51, -79, -92, -18, 96, 78, 45, 43, 16, 4, 14, 24, 19
mse: 0.4220979846467114
mae: 0.5284990250098633
rsme: 0.6496906838232417
----------------------
max value: 1.3421128758198233
pred_str: 0: 1: 3: 6: 10: 14: 17: 20: 23: 27: 30: 33: 35: 36: 36: 36: 32: 25: 16: 7: 0: -4: -11: -19: -27: -36: -46: -54: -63: -70: -75: -78: -80: -81: -76: -70: -60: -51: -44: -34: -24: -13: -4: 13: 25: 28: 21: 14: 7: 0: -6: -11: -19: -27: -36: -46: -54: -63: -70: -75: -78: -80: -81: -76: -70: -60: -51: -44: -34: -24: -13: -4: 13: 25: 28: 21: 14: 7: 0: -6: -11: -19: -27: -36: -46: -54: -63: -70: -75: -78: -80: -81: -76: -70: -60: -51: -44: -34: -24: -13: -4: 13: 25: 28: 21: 14: 7: 0: -6: -11: -19: -27: -36: -46: -54: -63: -70: -75: -78: -80: -81: -76: -70: -60: -51: -44: -34: -24: -13: -4: 13: 25: 28: 
target_str: 48, 57, 59, 67, 67, 76, 67, 40, 21, -8, -28, -56, -66, -63, -59, -57, -65, -74, -79, -75, -67, -61, -71, -62, -12, 0, 5, 11, 5, 12, 28, 35, 32, 35, 42, 49, 53, 62, 67, 70, 55, 61, 48, 30, 4, -23, -41, -54, -54, -53
mse: 0.48187494019999166
mae: 0.6264982904326936
rsme: 0.6941721257728458
----------------------
max value: 2.4562661091401266
pred_str: .................................................. .................................................. .................................................. .................................................. .................................................. .................................................. .................................................. .................................................. .................................................. .................................................. .................................................. .................................................. .................................................. .................................................. .................................................. .................................................. .................................................. .................................................. .................................................. .................................................. .................................................. .................................................. .................................................. .................................................. .................................................. .................................................. .................................................. .................................................. .................................................. .................................................. .................................................. .................................................. .................................................. .................................................. .................................................. .................................................. .................................................. .................................................. .................................................. .................................................. .................................................. .................................................. .................................................. .................................................. .................................................. .................................................. .................................................. .................................................. .................................................. .................................................. .................................................. .................................................. .................................................. .................................................. .................................................. .................................................. .................................................. .................................................. .................................................. .................................................. .................................................. .................................................. .................................................. .................................................. .................................................. .................................................. .................................................. .................................................. .................................................. .................................................. .................................................. .................................................. .................................................. .................................................. .................................................. .................................................. .................................................. .................................................. .................................................. .................................................. .................................................. .................................................. .................................................. .................................................. .................................................. .................................................. .................................................. .................................................. .................................................. .................................................. .................................................. .................................................. .................................................. .................................................. .................................................. .................................................. .................................................. .................................................. .................................................. .................................................. .................................................. .................................................. ................................
target_str: 73, 103, 86, 61, 50, 39, 28, 17, 8, 1, -5, -11, -16, -19, -19, -13, -4, 6, 22, 48, 81, 101, 90, 69, 51, 38, 30, 26, 25, 24, 20, 16, 12, 8, 10, 12, 14, 20, 37, 58, 84, 88, 71, 60, 47, 32, 20, 12, 5, 0
mse: 1.284742939748771
mae: 0.8793432670721654
rsme: 1.1334650147881808
----------------------
max value: 71.3028563089283
pred_str: 4, 4, 7, 13, 25, 47, 47, 41, 29, 9, -14, -35, -52, -58, -58, -52, -42, -28, -13, 0, 12, 20, 26, 27, 26, 24, 26, 34, 36, 33, 29, 23, 15, 10, 2, -1, -3, -6, -3, 0, 0, -2, nan, nan, nan, nan, nan, nan, nan, nan, nan, nan, nan, nan, nan, nan, nan, nan, nan, nan, nan, nan, nan, nan, nan, nan, nan, nan, nan, nan, nan, nan, nan, nan, nan, nan, nan, nan, nan, nan, nan, nan, nan, nan, nan, nan, nan, nan, nan, nan, nan, nan, nan, nan, nan, nan, nan, nan, nan, nan, nan, nan, nan, nan, nan, nan, nan, nan, nan, nan, nan, nan, nan, nan, nan, nan, nan, nan, nan, nan, nan, nan, nan, nan, nan, nan, nan, nan, nan, nan, nan, nan, nan, nan, nan, nan, nan, nan, nan, nan, nan, nan, nan, nan, nan, nan, nan, nan, nan, nan, nan, nan, nan, nan, nan, nan, nan, nan, nan, nan, nan, nan, nan, nan, nan, nan, nan, nan, nan, nan, nan, nan, nan, nan, nan, nan, nan, nan, nan, nan, nan, nan, nan, nan, nan, nan, nan, nan, nan, nan, nan, nan, nan, nan, nan, nan, nan, nan, nan, nan, nan, nan, nan, nan, nan, nan, nan, nan, nan, nan, nan, nan, nan, nan, nan, nan, nan, nan, nan, nan, nan,
target_str: -5, -6, -11, -15, -19, -21, -18, -15, -13, -12, -7, -5, -3, -1, -1, 0, 3, 11, 21, 36, 50, 61, 68, 66, 55, 36, 13, -7, -21, -21, -10, 7, 28, 48, 64, 73, 73, 67, 53, 38, 22, 9, -4, -15, -28, -40, -53, -60, -67, -67
mse: nan
mae: nan
rsme: nan
----------------------
max value: 3.53249676378062
pred_str: 2 3 4 5 6 7 8 9 10 11 12 13 14 15 16 17 18 19 20 21 22 23 24 25 26 27 28 29 30 31 32 33 34 35 36 37 38 39 40 41 42 43
target_str: 12, 9, 9, 6, 2, 0, -1, -1, 1, 8, 19, 39, 67, 86, 79, 62, 49, 40, 32, 25, 19, 14, 8, 3, 0, -3, -4, -3, -1, 1, 13, 34, 55, 69, 75, 73, 58, 37, 20, 9, 3, 1, 0, 1, 2, 3, 4, 6, 12, 24
mse: 1.4139675750480925
mae: 0.7785622867372486
rsme: 1.1891036855750186
----------------------
max value: 1.1157594302725051
pred_str: 14, 20, 27, 34, 39, 39, 37, 34, 32, 32, 35, 34, 35, 35, 36, 39, 45, 53, 61, 66, 72, 78, 75, 65, 51, 43, 37, 35, 35, 34, 37, 41, 46, 50, 52, 54, 55, 55, 54, 53, 51, 49, 48, 47, 49, 52, 56, 60, 61, 63, 62, 57, 49, 47, 50, 53, 56, 59, 61, 65, 67, 68, 66, 62, 60, 58, 58, 58, 57, 56, 55, 55, 55, 58, 61, 69, 82, 100
target_str: 48, 55, 60, 60, 54, 46, 36, 25, 17, 10, 8, 9, 13, 18, 21, 23, 24, 27, 31, 33, 33, 31, 27, 24, 23, 24, 25, 26, 25, 25, 25, 25, 27, 30, 35, 42, 44, 44, 45, 43, 40, 34, 25, 17, 12, 9, 7, 7, 8, 10
mse: 0.09468605738255598
mae: 0.26666650383512874
rsme: 0.30771099652523953
----------------------
max value: 3.5567151713401364
pred_str: 0, 2, 6, 13, 19, 25, 31, 37, 42, 47, 52, 57, 59, 56, 51, 44, 35, 27, 20, 14, 9, 6, 3, 1, 0, 0, 1, 4, 9, 15, 25, 38, 56, 72, 76, 70, 57, 44, 34, 25, 20, 15, 11, 8, 5, 3, 1, 0, 0, 1, 4, 7, 11, 19, 30, 46, 64, 76, 77, 70, 59, 46, 36, 28, 22, 16, 12, 8, 5, 3, 1, 0, 0, 1, 3, 6, 10, 19, 32, 49, 69, 80, 71, 57, 45, 36, 28, 22, 17, 13, 10, 7, 4, 2, 1, 0, 0, 1, 4, 7, 11, 19, 30, 46, 64, 76, 77, 70, 59, 46, 36, 28, 22, 16, 12, 8, 5, 3, 1, 0, 0, 1, 3, 6, 10, 19, 32, 49, 69, 80, 71, 57, 45, 36, 28, 22, 17, 13, 10, 7, 4
target_str: 0, 1, 4, 9, 17, 31, 53, 77, 87, 75, 58, 45, 34, 28, 24, 21, 17, 10, 4, -1, -5, -8, -7, -2, 4, 15, 32, 50, 64, 69, 60, 47, 36, 26, 19, 15, 12, 10, 8, 5, 4, 2, 3, 6, 13, 24, 39, 61, 83, 84
mse: 1.339633295137732
mae: 0.8984262522805184
rsme: 1.1574252870651012
----------------------
max value: 2.0050117010472084
pred_str: 0, 1, 0, 1, 1, 0, 0, 1, 0, 0, 0, 0, 0, 0, 0, 0, 0, 0, 0, 0, 0, 0, 0, 0, 0, 0, 0, 0, 0, 0, 0, 0, 0, 0, 0, 0, 0, 0, 0, 0, 0, 0, 0, 0, 0, 0, 0, 0, 0, 0, 0, 0, 0, 0, 0, 0, 0, 0, 0, 0, 0, 0, 0, 0, 0, 0, 0, 0, 0, 0, 0, 0, 0, 0, 0, 0, 0, 0, 0, 0, 0, 0, 0, 0, 0, 0, 0, 0, 0, 0, 0, 0, 0, 0, 0, 0, 0, 0, 0, 0, 0, 0, 0, 0, 0, 0, 0, 0, 0, 0, 0, 0, 0, 0, 0, 0, 0, 0, 0, 0, 0, 0, 0, 0, 0, 0, 0, 0, 0, 0, 0, 0, 0, 0, 0, 0, 0, 0, 0, 0, 0, 0, 0, 0, 0, 0, 0, 0, 0, 0, 0, 0, 0, 0, 0, 0, 0, 0, 0, 0, 0, 0, 0, 0, 0, 0, 0, 0, 0, 0, 0,
target_str: -75, -43, -32, -35, -32, -22, -10, -2, 1, 2, 0, -1, -3, -3, -13, -40, -58, -89, -73, -40, -33, -20, -22, -21, -17, -6, 7, 16, 16, 9, 3, 0, -4, -17, -36, -61, -83, -80, -63, -47, -40, -36, -28, -16, -8, -2, 0, 1, 0, -2
mse: 0.5126234911211095
mae: 0.5100749767464098
rsme: 0.7159772979090255
----------------------
max value: 111.06794479724826
pred_str: 1, 1, 1, 1, 1, 1, 1, 1, 1, 1, 1, 1, 1, 1, 1, 1, 1, 1, 1, 1, 1, 1, 1, 1, 1, 1, 1, 1, 1, 1, 1, 1, 1, 1, 1, 1, 1, 1, 1, 1, 1, 1, 1, 1, 1, 1, 1, 1, 1, 1, 1, 1, 1, 1, 1, 1, 1, 1, 1, 1, 1, 1, 1, 1, 1, 1, 1, 1, 1, 1, 1, 1, 1, 1, 1, 1, 1, 1, 1, 1, 1, 1, 1, 1, 1, 1, 1, 1, 1, 1, 1, 1, 1, 1, 1, 1, 1, 1, 1, 1, 1, 1, 1, 1, 1, 1, 1, 1, 1, 1, 1, 1, 1, 1, 1, 1, 1, 1, 1, 1, 1, 1, 1, 1, 1, 1, 1, 1, 1, 1, 1, 1, 1, 1, 1, 1, 1, 1, 1, 1, 1, 1, 1, 1, 1, 1, 1, 1, 1, 1, 1, 1, 1, 1, 1, 1, 1, 1, 1, 1, 1, 1, 1, 1, 1, 1, 1, 1, 1, 1, 1,
target_str: -18, 4, 26, 47, 61, 67, 63, 53, 38, 21, 5, -10, -22, -31, -35, -35, -31, -30, -28, -23, -13, 3, 29, 56, 80, 98, 105, 102, 88, 68, 43, 18, -3, -21, -34, -44, -51, -52, -46, -36, -24, -11, 3, 18, 35, 50, 59, 61, 54, 41
mse: 2730.913897112012
mae: 44.116187673467
rsme: 52.25814670567654
----------------------
max value: 109.74012483367467
pred_str: ................. ...... ... ....... ...... ....... ...... ...... ...... .......... .......... .......... .......... .......... .......... .......... .......... .......... .......... .......... .......... .......... .......... .......... .......... .......... .......... .......... .......... .......... .......... .......... .......... .......... .......... .......... .......... .......... .......... .......... .......... .......... .......... .......... .......... .......... .......... .......... .......... .......... .......... .......... .......... .......... .......... .......... .......... .......... .......... .......... .......... .......... .......... .......... .......... .......... .......... .......... .......... .......... .......... .......... .......... .......... .......... .......... .......... .......... .......... .......... .......... .......... .......... .......... .......... .......... .......... .......... .......... .......... .......... .......... .......... .......... .......... .......... .......... .......... .......... .......... .......... .......... .......... .......... .......... .......... .......... .......... .......... .......... .......... .......... .......... .......... .......... .......... .......... .......... .......... .......... .......... .......... .......... .......... .......... .......... .......... .......... .......... .......... .......... .......... .......... .......... .......... .......... .......... .......... .......... .......... .......... .......... .......... .......... .......... .......... .......... .......... .......... .......... .......... .......... .......... .......... .......... .......... .......... .......... .......... .......... .......... .......... .......... .......... .......... .......... .......... .......... .......... .......... .......... .......... .......... ........
target_str: -29, -33, -26, -12, 4, 19, 27, 28, 22, 13, 3, -4, -9, -17, -30, -35, -33, -30, -26, -22, -19, -17, -14, -9, -4, 4, 12, 25, 39, 55, 69, 81, 90, 92, 95, 97, 87, 64, 35, 3, -20, -34, -37, -33, -28, -24, -24, -26, -31, -34
mse: 2052.0611361661954
mae: 35.643592545977526
rsme: 45.29968141351764
----------------------
max value: 3.429755126072989
pred_str: 36, 50, 45, 32, 30, 30, 31, 28, 25, 22, 20, 20, 20, 20, 20, 20, 20, 20, 20, 20, 20, 20, 20, 20, 20, 20, 20, 20, 20, 20, 20, 20, 20, 20, 20, 20, 20, 20, 20, 20, 20, 20, 20, 20, 20, 20, 20, 20, 20, 20, 20, 20, 20, 20, 20, 20, 20, 20, 20, 20, 20, 20, 20, 20, 20, 20, 20, 20, 20, 20, 20, 20, 20, 20, 20, 20, 20, 20, 20, 20, 20, 20, 20, 20, 20, 20, 20, 20, 20, 20, 20, 20, 20, 20, 20, 20, 20, 20, 20, 20, 20, 20, 20, 20, 20, 20, 20, 20, 20, 20, 20, 20, 20, 20, 20, 20, 20, 20, 20, 20, 20, 20, 20, 20, 20, 20, 20, 20, 
target_str: 2, 0, -3, -4, -3, 0, 9, 25, 45, 68, 83, 74, 56, 39, 27, 19, 14, 11, 9, 9, 11, 11, 11, 11, 18, 32, 55, 78, 91, 76, 48, 29, 18, 13, 10, 7, 4, 0, -2, -5, -5, -2, 3, 13, 30, 55, 83, 89, 66, 45
mse: 1.214858331938918
mae: 0.8780173122746849
rsme: 1.1022061204415978
----------------------
max value: 4.099949577202679
pred_str: 0, 0, 0, 0, 1, 3, 7, 12, 19, 27, 36, 45, 54, 63, 67, 62, 50, 33, 20, 12, 6, 1, -1, -3, -6, -8, -9, -8, -5, -1, 0, 8, 22, 44, 64, 71, 60, 46, 29, 19, 13, 9, 7, 5, 4, 3, 4, 7, 15, 32, 50, 70, 80, 68, 44, 24, 14, 7, 4, 2, 2, 2, 2, 2, 2, 2, 2, 2, 2, 2, 2, 2, 2, 2, 2, 2, 2, 2, 2, 2, 2, 2, 2, 2, 2, 2, 2, 2, 2, 2, 2, 2, 2, 2, 2, 2, 2, 2, 2, 2, 2, 2, 2, 2, 2, 2, 2, 2, 2, 2, 2, 2, 2, 2, 2, 2, 2, 2, 2, 2, 2, 2, 2, 2, 2, 2, 2, 2, 2, 2, 2, 2, 2, 2, 2, 2, 2, 2, 2, 2, 2, 2, 2, 2, 2, 2, 2, 2, 2, 2, 2, 2, 2, 2, 2, 2, 2, 2, 2, 2, 2
target_str: 29, 52, 72, 72, 55, 36, 26, 20, 16, 13, 10, 7, 4, 2, 1, 3, 10, 27, 58, 90, 98, 75, 40, 23, 15, 12, 9, 5, 0, -6, -10, -14, -13, -10, -4, 4, 27, 57, 70, 67, 55, 40, 27, 20, 16, 15, 13, 11, 9, 7
mse: 2.8576297110527524
mae: 1.3923428764180301
rsme: 1.6904525166513114
----------------------
max value: 1.3801877277474726
pred_str: 000
target_str: -43, -5, 78, 53, 30, 26, 10, 29, 44, 47, 45, 40, 40, 49, 64, 87, 105, 112, 118, 83, 76, 66, 44, 15, -19, -39, -48, -53, -56, -62, -66, -65, -57, -49, -47, -40, -44, 1, 87, 47, 25, 22, 3, 7, 20, 27, 35, 42, 45, 55
mse: 0.5617984648751898
mae: 0.654208982952302
rsme: 0.7495321640031132
----------------------
max value: 3.0789129706521985
pred_str: 0, 2, 6, 12, 18, 27, 37, 49, 63, 70, 61, 45, 30, 20, 12, 6, 3, 1, -4, -9, -15, -20, -24, -26, -25, -25, -24, -24, -24, -24, -23, -23, -23, -23, -23, -23, -23, -23, -23, -23, -23, -23, -23, -23, -23, -23, -23, -23, -23, -23, -23, -23, -23, -23, -23, -23, -23, -23, -23, -23, -23, -23, -23, -23, -23, -23, -23, -23, -23, -23, -23, -23, -23, -23, -23, -23, -23, -23, -23, -23, -23, -23, -23, -23, -23, -23, -23, -23, -23, -23, -23, -23, -23, -23, -23, -23, -23, -23, -23, -23, -23, -23, -23, -23, -23, -23, -23, -23, -23, -23, -23, -23, -23, -23, -23, -23, -23, -23, -23, -23, -23, -23, -23, -23, -23, -23, -23, -23, -23, -23, -
target_str: 7, 6, 5, 4, 6, 12, 17, 22, 30, 43, 54, 58, 52, 38, 25, 16, 13, 15, 18, 16, 9, 6, 10, 23, 40, 51, 56, 60, 61, 52, 36, 21, 10, 2, 0, 0, 0, 1, 4, 8, 11, 17, 32, 53, 70, 74, 54, 31, 15, 6
mse: 1.8796738422513295
mae: 1.1157980605643567
rsme: 1.3710119774281075
----------------------
max value: 0.6406635239223756
pred_str: 0, 0, 1, 2, 2, 3, 3, 4, 5, 5, 6, 6, 6, 6, 6, 6, 6, 6, 6, 6, 6, 6, 6, 6, 6, 6, 6, 6, 6, 6, 6, 6, 6, 6, 6, 6, 6, 6, 6, 6, 6, 6, 6, 6, 6, 6, 6, 6, 6, 6, 6, 6, 6, 6, 6, 6, 6, 6, 6, 6, 6, 6, 6, 6, 6, 6, 6, 6, 6, 6, 6, 6, 6, 6, 6, 6, 6, 6, 6, 6, 6, 6, 6, 6, 6, 6, 6, 6, 6, 6, 6, 6, 6, 6, 6, 6, 6, 6, 6, 6, 6, 6, 6, 6, 6, 6, 6, 6, 6, 6, 6, 6, 6, 6, 6, 6, 6, 6, 6, 6, 6, 6, 6, 6, 6, 6, 6, 6, 6, 6, 6, 6, 6, 6, 6, 6, 6, 6, 6, 6, 6, 6, 6, 6, 6, 6, 6, 6, 6, 6, 6, 6, 6, 6, 6, 6, 6, 6, 6, 6, 6, 6, 6, 6, 6, 6, 6, 6, 6, 6, 6,
target_str: 16, 23, 29, 34, 43, 42, 41, 38, 36, 40, 52, 66, 76, 84, 80, 82, 66, 50, 32, 14, -2, -16, -22, -29, -36, -42, -46, -49, -50, -57, -63, -65, -47, -24, -14, 2, -2, 0, 4, 14, 25, 33, 40, 44, 46, 45, 45, 49, 52, 60
mse: 0.07681649177756145
mae: 0.24575852777662327
rsme: 0.27715788240200107
----------------------
max value: 0.4095369217376126
pred_str: -13, -15, -17, -22, -23, -22, -20, -17, -14, -11, -10, -10, -11, -13, -16, -20, -23, -25, -27, -28, -31, -34, -36, -37, -40, -42, -43, -46, -48, -51, -52, -54, -54, -55, -55, -55, -54, -52, -49, -47, -45, -44, -44, -45, -45, -44, -45, -46, -46, -46, -46, -46, -46, -46, -46, -46, -46, -46, -46, -46, -46, -46, -46, -46, -46, -46, -46, -46, -46, -46, -46, -46, -46, -46, -46, -46, -46, -46, -46, -46, -46, -46, -46, -46, -46, -46, -46, -46, -46, -46, -46, -46, -46, -46, -46, -46, -46, -46, -46, -46, -46, -46, -46, -46, -46, -46, -46, -46, -46, -46, -46, -46, -46, -46, -46, -46, -46, -46, -46, -46, -46, -46, -46, -46, -46, -46, -46, -46,
target_str: 15, 15, 16, 13, 6, 1, -7, -13, -21, -15, -25, -36, -22, -20, -27, -42, -62, -77, -77, -63, -49, -30, -16, -5, 0, 0, -3, -10, -18, -33, -53, -70, -79, -74, -74, -75, -55, -26, -7, -10, -31, -52, -65, -55, -39, -26, -18, -12, -7, -5
mse: 0.012261709602390081
mae: 0.0964868987613815
rsme: 0.11073260406217349
----------------------
max value: 138.5283982537536
pred_str: 0, 1, 2, 3, 4, 5, 6, 6, 6, 6, 6, 6, 6, 6, 6, 6, 6, 6, 6, 6, 6, 6, 6, 6, 6, 6, 6, 6, 6, 6, 6, 6, 6, 6, 6, 6, 6, 6, 6, 6, 6, 6, 6, 6, 6, 6, 6, 6, 6, 6, 6, 6, 6, 6, 6, 6, 6, 6, 6, 6, 6, 6, 6, 6, 6, 6, 6, 6, 6, 6, 6, 6, 6, 6, 6, 6, 6, 6, 6, 6, 6, 6, 6, 6, 6, 6, 6, 6, 6, 6, 6, 6, 6, 6, 6, 6, 6, 6, 6, 6, 6, 6, 6, 6, 6, 6, 6, 6, 6, 6, 6, 6, 6, 6, 6, 6, 6, 6, 6, 6, 6, 6, 6, 6, 6, 6, 6, 6, 6, 6, 6, 6, 6, 6, 6, 6, 6, 6, 6, 6, 6, 6, 6, 6, 6, 6, 6, 6, 6, 6, 6, 6, 6, 6, 6, 6, 6, 6, 6, 6, 6, 6, 6, 6, 6, 6, 6, 6, 6, 6, 6,
target_str: -25, -24, -22, -15, 0, 25, 49, 66, 67, 58, 42, 24, 8, -1, -4, -4, -1, 1, 5, 9, 15, 21, 31, 45, 60, 67, 68, 67, 66, 62, 53, 37, 16, -5, -26, -40, -47, -48, -44, -35, -28, -26, -27, -21, -7, 10, 24, 31, 30, 24
mse: 2389.3998631879185
mae: 40.89358316450806
rsme: 48.88148793958628
----------------------
max value: 323.8033973066421
pred_str: 0, 6, 13, 19, 22, 21, 17, 11, 4, -1, -7, -12, -18, -28, -39, -46, -42, -31, -11, 17, 42, 61, 73, 74, 55, 38, 37, 23, -7, -39, -67, -89, -100, -95, -79, -54, -23, 6, 29, 41, 43, 38, 26, 15, 9, 10, 9, -3, -38, -76, -97, -97, -79, -51, -19, 7, 26, 35, 34, 35, 55, 71, 60, 32, 0, -34, -62, -75, -73, -59, -37, -11, 13, 30, 39, 41, 35, 24, 15, 11, 10, 5, -15, -54, -87, -96, -86, -62
target_str: -17, -4, 4, 8, 9, 8, 7, 6, 6, 7, 5, -2, -24, -49, -70, -80, -83, -80, -73, -58, -35, -11, 10, 28, 44, 58, 64, 58, 40, 17, -5, -26, -45, -58, -69, -76, -73, -57, -35, -15, 0, 11, 17, 21, 24, 28, 30, 22, 1, -25
mse: 16241.683444464994
mae: 105.49514684250398
rsme: 127.44286345050865
----------------------
max value: 55.41006693244366
pred_str: 0, 1, 3, 6, 11, 17, 25, 36, 50, 63, 69, 65, 55, 42, 28, 14, 3, 3, 10, 16, 24, 30, 35, 40, 43, 43, 37, 28, 16, 5, 0, -2, -7, -13, -19, -24, -28, -31, -33, -33, -33, -33, -33, -33, -33, -33, -33, -33, -33, -33, -33, -33, -33, -33, -33, -33, -33, -33, -33, -33, -33, -33, -33, -33, -33, -33, -33, -33, -33, -33, -33, -33, -33, -33, -33, -33, -33, -33, -33, -33, -33, -33, -33, -33, -33, -33, -33, -33, -33, -33, -33, -33, -33, -33, -33, -33, -33, -33, -33, -33, -33, -33, -33, -33, -33, -33, -33, -33, -33, -33, -33, -33, -33, -33, -33, -33, -33, -33, -33, -33, -33, -33, -33, -33, -33, -33, -33, -33, -33, -33, -33
target_str: -3, -4, -9, -18, -21, -27, -31, -33, -33, -38, -38, -32, -19, 0, 25, 45, 63, 69, 71, 57, 42, 25, 7, -8, -19, -23, -23, -21, -19, -23, -27, -30, -35, -42, -43, -41, -40, -36, -33, -32, -29, -26, -18, -4, 9, 18, 26, 25, 23, 14
mse: 691.6286847156682
mae: 21.598844090266535
rsme: 26.29883428434934
----------------------
max value: 117.07380176672444
pred_str: 18, 39, 44, 42, 42, 44, 47, 52, 51, 48, 44, 35, 23, 5, 17, 31, 44, 52, 52, 51, 46, 36, 23, 8, 2, 10, 15, 20, 26, 32, 39, 43, 45, 42, 37, 27, 14, 2, 10, 15, 20, 25, 31, 39, 43, 45, 42, 37, 27, 14, 2, 10, 15, 20, 25, 31, 39, 43, 45, 42, 37, 27, 14, 2, 10, 15, 20, 25, 31, 39, 43, 45, 42, 37, 27, 14, 2, 10, 15, 20, 25, 31, 39, 43, 45, 42, 37, 27, 14, 2, 10, 15, 20, 25, 31, 39, 43, 45, 42, 37, 27, 14, 2, 10, 15, 20, 25, 31, 39, 43, 45, 42, 37, 27, 14, 2, 10, 15, 20, 25, 31, 39, 43, 45, 42, 37, 27, 14, 2, 10, 15,
target_str: -46, -47, -46, -41, -31, -14, 6, 30, 51, 64, 73, 75, 72, 68, 61, 49, 34, 13, -10, -32, -49, -58, -53, -37, -17, 0, 12, 16, 12, 1, -10, -17, -18, -18, -17, -17, -14, -13, -12, -12, -8, 0, 13, 24, 32, 36, 38, 37, 33, 24
mse: 3050.4959899291566
mae: 44.69877751453539
rsme: 55.23129538521758
----------------------
max value: 0.7033805557760526
pred_str: ...................... .............................. .............................. .............................. .............................. .............................. .............................. .............................. .............................. .............................. .............................. .............................. .............................. .............................. .............................. .............................. .............................. .............................. .............................. .............................. .............................. .............................. .............................. .............................. .............................. .............................. .............................. .............................. .............................. .............................. .............................. .............................. .............................. .............................. .............................. .............................. .............................. .............................. .............................. .............................. .............................. .............................. .............................. .............................. .............................. .............................. .............................. .............................. .............................. .............................. .............................. .............................. .............................. .............................. .............................. .............................. .............................. .............................. .............................. .............................. .............................. .............................. .............................. .............................. .............................. .............................. .............................. .............................. .............................. .............................. .............................. .............................. .............................. .............................. .............................. .............................. .............................. .............................. .............................. .............................. .............................. .............................. .............................. .............................. .............................. .............................. .............................. .............................. .............................. .............................. .............................. .............................. .............................. .............................. .............................. .............................. .............................. .............................. .............................. .............................. .............................. .............................. ............................
target_str: 76, 76, 67, 63, 69, 76, 74, 67, 60, 56, 55, 55, 55, 59, 66, 78, 81, 89, 90, 75, 61, 49, 42, 34, 28, 16, -4, -23, -36, -43, -44, -38, -28, -11, 0, 30, 83, 90, 88, 86, 86, 84, 76, 67, 57, 52, 57, 61, 63, 62
mse: 0.19096136872599298
mae: 0.4059912567939376
rsme: 0.4369912684779788
----------------------
max value: 1.4304087818148197
pred_str: 46, 30, 6, -22, -45, -61, -65, -65, -72, -76, -67, -51, -38, -20, 29, 86, 80, 65, 60, 36, 23, 19, 12, 5, 3, 8, 25, 49, 74, 77, 75, 68, 70, 78, 63, 52, 22, -11, -36, -53, -73, -82, -83, -87, -83, -63, -39
target_str: 24, 21, 19, 15, 14, 15, 25, 45, 64, 80, 78, 79, 83, 80, 66, 54, 35, 12, -10, -33, -52, -62, -65, -73, -81, -78, -65, -51, -42, -30, 31, 70, 54, 50, 38, 24, 23, 18, 12, 9, 16, 30, 48, 74, 88, 85, 84, 81, 79, 59
mse: 1.608149074432571
mae: 1.0988400261901448
rsme: 1.2681281774460227
----------------------
max value: 1.7578727664155078
pred_str: 40, 100, 67, 66, 48, 22, 17, 15, 12, 10, 12, 23, 40, 62, 70, 69, 68, 69, 53, 39, 39, 22, 3, -16, -30, -38, -43, -51, -62, -73, -65, -48, -37, -18, 19, 60, 56, 42, 34, 17, 13, 15, 14, 11, 12, 25, 44, 66, 73, 68, 65, 75, 61, 42, 37, 16, -1, -20, -37, -49, -50, -50, -61, -73, -68, -51, -45, -31, 19, 77, 59, 52, 47, 26, 21, 20, 18, 16, 17, 26
target_str: 41, 37, 22, 0, -14, -26, -42, -51, -56, -64, -71, -68, -57, -48, -34, 4, 69, 73, 54, 49, 22, 11, 11, 9, 2, 2, 11, 30, 52, 68, 70, 67, 60, 69, 62, 46, 42, 19, 0, -17, -31, -43, -49, -56, -69, -79, -67, -50, -39, -20
mse: 1.6257783589210677
mae: 1.0832011986652357
rsme: 1.2750601393350307
----------------------
max value: 4.069879745437377
pred_str: 0, 1, 3, 6, 9, 12, 15, 18, 21, 24, 27, 30, 33, 36, 39, 42, 45, 48, 51, 54, 57, 60, 63, 66, 69, 72, 75, 78, 81, 84, 87, 90, 93, 96, 99, 102, 105, 108, 111, 114, 117, 120, 123, 126, 129, 132, 135, 138, 141, 144, 147, 150, 153, 156, 159, 162, 165, 168, 171, 174, 177, 180, 183, 186, 189, 192, 195, 198, 201, 204, 207, 210, 213, 216, 219, 222, 225, 228, 231, 234, 237, 240, 243, 246, 249, 252, 255, 258, 261, 264, 267, 270, 273, 276, 279, 282, 285, 288, 291, 294, 297, 300, 303, 306, 309, 312, 315, 318, 321, 324, 32
target_str: 3, 2, 4, 5, 5, 5, 6, 8, 12, 20, 42, 83, 99, 82, 52, 27, 12, 3, -3, -10, -15, -17, -15, -10, -3, 4, 17, 40, 73, 84, 62, 37, 20, 14, 13, 12, 11, 7, 2, 0, 1, 6, 13, 22, 38, 72, 92, 76, 47, 27
mse: 7.367565868419993
mae: 2.2286661486015076
rsme: 2.714326043131148
----------------------
max value: 0.9935025565579053
pred_str: 56, 57, 56, 55, 53, 53, 53, 54, 55, 55, 55, 54, 54, 54, 54, 54, 54, 54, 54, 54, 54, 54, 54, 54, 54, 54, 54, 54, 54, 54, 54, 54, 54, 54, 54, 54, 54, 54, 54, 54, 54, 54, 54, 54, 54, 54, 54, 54, 54, 54, 54, 54, 54, 54, 54, 54, 54, 54, 54, 54, 54, 54, 54, 54, 54, 54, 54, 54, 54, 54, 54, 54, 54, 54, 54, 54, 54, 54, 54, 54, 54, 54, 54, 54, 54, 54, 54, 54, 54, 54, 54, 54, 54, 54, 54, 54, 54, 54, 54, 54, 54, 54, 54, 54, 54, 54, 54, 54, 54, 54, 54, 54, 54, 54, 54, 54, 54, 54, 54, 54, 54, 54, 54, 54, 54, 54, 54, 54, 
target_str: 80, 81, 82, 79, 77, 77, 78, 78, 76, 79, 86, 91, 88, 80, 74, 73, 75, 74, 77, 85, 103, 107, 90, 79, 75, 80, 87, 85, 84, 83, 82, 81, 84, 88, 90, 90, 86, 81, 77, 76, 76, 75, 76, 77, 75, 76, 77, 77, 77, 76
mse: 0.07684755691568958
mae: 0.2686430912932576
rsme: 0.2772139190511356
----------------------
AVG MSE: inf
Median MSE: 1.608149074432571
AVG RMSE: inf
Median RMSE: 1.2681281774460227
AVG MAE: inf
Median MAE: 0.8984262522805184
Number of False Outputs: 50
----------------------
