max value: 55.41006693244366
pred_str: 40, 47, 56, 61, 66, 66, 62, 52, 39, 26, 13, -1, -12, -23, -33, -41, -48
target_str: -3, -4, -9, -18, -21, -27, -31, -33, -33, -38
mse: 1728.1966832666953
mae: 40.56016899454876
rsme: 41.57158504635944
----------------------
max value: 1.6333645923663662
pred_str: -44, -48, -48, -50, -51, -54, -57, -59, -62, -65, -68, -73
target_str: -36, -4, 66, 44, 25, 22, 9, 25, 37, 40
mse: 1.8040737402951461
mae: 1.2511572777526365
rsme: 1.343158121851313
----------------------
max value: 1.2285575361135035
pred_str: 51, 48, 48, 52, 58, 64, 68, 67, 65, 62, 61, 62, 64, 66, 67, 66, 63
target_str: 66, 58, 51, 37, 18, 0, -12, -20, -28, -39
mse: 0.5897648332995606
mae: 0.6241072283456597
rsme: 0.7679614790466776
----------------------
max value: 86.97451584571705
pred_str: -63, -62, -58, -50, -36, -19, -9, 2, 14, 25, 31, 27, 20, 11, 3, -5, -14, -23
target_str: -63, -64, -62, -53, -43, -33, -22, -15, -8, 2
mse: 132.00168379511564
mae: 9.13232416380029
rsme: 11.489198570619086
----------------------
max value: 4.069879745437377
pred_str: -3, -2, -1, 0, 0, 0, 0, 0, 0, 0, 0, 0, 0, 0, 0, 0, 0, 0, 0, 0, 0, 0, 0, 0, 0, 0, 0, 0, 0, 0, 0, 0, 0, 0
target_str: 3, 2, 4, 5, 5, 5, 6, 8, 12, 20
mse: 0.13184881229287843
mae: 0.30931086065324065
rsme: 0.3631099176459911
----------------------
max value: 138.5283982537536
pred_str: -26, -29, -32, -36, -42, -45, -46, -45, -43, -41, -40, -40, -39, -38, -37, -36, -35, -34, -34, -33, -33
target_str: -25, -24, -22, -15, 0, 25, 49, 66, 67, 58
mse: 9686.787321222031
mae: 78.13001661511703
rsme: 98.42147794674713
----------------------
max value: 0.7033805557760526
pred_str: 82, 82, 79, 79, 79, 76, 71, 68, 64, 67, 66
target_str: 76, 76, 67, 63, 69, 76, 74, 67, 60, 56
mse: 0.0035572108428931263
mae: 0.04853325834854762
rsme: 0.05964235779119674
----------------------
max value: 323.8033973066421
pred_str: 25, 23, 23, 20, 16, 11, 8, 8, 5, 5, 3, 4, 4, 4, 4, 4, 4, 4
target_str: -17, -4, 4, 8, 9, 8, 7, 6, 6, 7
mse: 3214.659305690527
mae: 37.561194087570485
rsme: 56.697965622150214
----------------------
max value: 2.0050117010472084
pred_str: -10, -22, -38, -56, -75, -89, -76, -50, -34, -25, -17, -11, -3, 1, 4, 6, 4, 0, -1, -8, -16, -27, -43, -60, -80, -85
target_str: -75, -43, -32, -35, -32, -22, -10, -2, 1, 2
mse: 0.8078334525925135
mae: 0.7999996687178361
rsme: 0.8987955566159156
----------------------
max value: 2.4823661915626722
pred_str: 83, 79, 71, 65, 60, 56, 54, 52, 52, 53, 54, 55, 56, 57, 58, 59, 60, 61, 62
target_str: 72, 102, 85, 61, 49, 39, 28, 17, 8, 1
mse: 0.4814481473512142
mae: 0.5883207874003533
rsme: 0.6938646462756365
----------------------
max value: 154.72178554216515
pred_str: -89, -88, -86, -84, -82, -80, -77, -75, -72, -68, -66, -63, -60, -57, -55, -53, -51, -50
target_str: -97, -92, -83, -70, -53, -31, -11, 4, 15, 20
mse: 7046.873658319491
mae: 66.06620242650453
rsme: 83.9456589605412
----------------------
max value: 203.76651784696872
pred_str: -28, -27, -26, -24, -21, -18, -15, -12, -8, -4, 4, 11, 22, 38, 53, 66
target_str: -24, -18, -10, -1, 6, 14, 20, 28, 40, 55
mse: 4669.013262301616
mae: 59.703589729161834
rsme: 68.33017826920705
----------------------
max value: 261.0921159996241
pred_str: -94, -98, -95, -84, -69, -54, -38, -22, -7, 2, 11, 17, 19, 18, 16, 12, 8, 9
target_str: -97, -91, -77, -60, -41, -23, -8, 2, 8, 11
mse: 3057.383822716679
mae: 49.34640992392896
rsme: 55.29361466495638
----------------------
max value: 4.059336781248802
pred_str: -12, -12, -12, -11, -4, 12, 31, 62, 81, 68, 38, 20, 12, 7, 4, 3, 4, 5, 5, 6, 5, 4, 5, 5, 4, 3, 3, 4, 4, 3, 3, 4
target_str: 1, 2, 2, 1, 1, 7, 22, 62, 96, 96
mse: 0.3040230686614085
mae: 0.46682372984361215
rsme: 0.5513828693942245
----------------------
max value: 3.53249676378062
pred_str: 16, 35, 57, 83, 83, 65, 46, 31, 21, 13, 8, 4, 2, 1, 1, 1, 2, 6, 12, 24, 43, 67, 84, 81, 66, 52, 40, 30, 22, 15
target_str: 12, 9, 9, 6, 2, 0, -1, -1, 1, 8
mse: 2.916108467002513
mae: 1.4306611893311512
rsme: 1.707661695712155
----------------------
max value: 0.6406635239223756
pred_str: 27, 29, 28, 28, 27, 27, 28, 29, 30, 30, 29, 29, 28, 28
target_str: 16, 23, 29, 34, 43, 42, 41, 38, 36, 40
mse: 0.004354871856885991
mae: 0.05958170772478093
rsme: 0.06599145290782732
----------------------
max value: 71.3028563089283
pred_str: -6, -6, -6
target_str: -5, -6, -11, -15, -19, -21, -18, -15, -13, -12
mse: 97.3604636360936
mae: 8.485039900762468
rsme: 9.867140600806984
----------------------
max value: 3.0789129706521985
pred_str: 14, 28, 52, 86, 108, 95, 66, 45, 31, 23, 17, 13, 10, 10, 11, 13, 17, 20, 28, 43, 68
target_str: 7, 6, 5, 4, 6, 12, 17, 22, 30, 43
mse: 2.8524432588278694
mae: 1.3424060552043584
rsme: 1.688917777402994
----------------------
max value: 0.4657017531985316
pred_str: 45, 47, 46, 47, 47, 49, 50, 50, 51, 52, 52, 52, 52, 52
target_str: 58, 58, 63, 65, 68, 74, 80, 87, 92, 92
mse: 0.016307066063271067
mae: 0.1178225435592285
rsme: 0.127699123189124
----------------------
max value: 132.69174574791145
pred_str: -46, -42, -29, -16, 3, 21, 38, 47, 50, 47, 42, 30, 14, -3, -14, -24
target_str: -32, -14, 5, 23, 37, 47, 57, 66, 74, 78
mse: 1364.1980607084067
mae: 35.56138786044027
rsme: 36.93505192508069
----------------------
max value: 0.9033504344950996
pred_str: 31, 41, 40, 30, 24, 15, 6, -2, -12, -21, -34, -43, -47, -41
target_str: 14, 18, 33, 44, 46, 38, 16, -47, -38, -8
mse: 0.041177479698575395
mae: 0.18067008689901992
rsme: 0.20292234893814776
----------------------
max value: 1.3977679483467502
pred_str: 86, 86, 87, 86, 84, 80, 71, 58, 46, 36, 29, 24
target_str: 53, 66, 87, 91, 81, 70, 62, 52, 37, 22
mse: 0.03940724313887199
mae: 0.15235670636979579
rsme: 0.19851257677757345
----------------------
max value: 1.3270199072442206
pred_str: 54, 53, 54, 56, 55, 53, 52, 50, 49, 46, 44
target_str: 58, 51, 43, 36, 35, 41, 50, 59, 68, 77
mse: 0.043883667308823704
mae: 0.1725125879417487
rsme: 0.2094842889307542
----------------------
max value: 109.74012483367467
pred_str: -11, -11, -14, -14, -10, -2, 1, 3, 5, 5, 5, 5, 5, 5, 5, 5, 5, 5, 5, 5, 5, 5
target_str: -29, -33, -26, -12, 4, 19, 27, 28, 22, 13
mse: 391.032800601636
mae: 18.107120597556325
rsme: 19.77454931475395
----------------------
max value: 1.1157594302725051
pred_str: 32, 30, 29, 30, 32, 33, 33, 33, 34, 35
target_str: 48, 55, 60, 60, 54, 46, 36, 25, 17, 10
mse: 0.054552355235525526
mae: 0.21199429175177595
rsme: 0.2335644562760471
----------------------
max value: 1.5942111304401607
pred_str: -41, -35, -22, 1, 11, 19, 27, 30, 29, 25, 21, 17, 13, 8, -1, -16, -36, -55, -72
target_str: -29, -16, -9, -4, 0, 3, -2, -16, -26, -39
mse: 0.2834799281838882
mae: 0.43043700521884337
rsme: 0.5324283315000135
----------------------
max value: 1.7578727664155078
pred_str: 60, 58, 57, 55, 54, 52, 51, 50, 49, 48, 47
target_str: 41, 37, 22, 0, -14, -26, -42, -51, -56, -64
mse: 1.7977989733116804
mae: 1.2076585905274537
rsme: 1.3408202613742382
----------------------
max value: 117.07380176672444
pred_str: -38, -40, -38, -33, -23, -11, 0, 16, 31, 42, 48, 49, 47, 42, 36, 27, 19, 7, -5
target_str: -46, -47, -46, -41, -31, -14, 6, 30, 51, 64
mse: 195.99973335963432
mae: 12.17567538373934
rsme: 13.999990477126559
----------------------
max value: 0.4095369217376126
pred_str: 30, 40, 45, 48, 49, 45, 41, 37, 35, 35, 35, 36, 35, 35, 35, 35, 35, 35
target_str: 15, 15, 16, 13, 6, 1, -7, -13, -21, -15
mse: 0.028748969236549803
mae: 0.16176708408635693
rsme: 0.16955520999529858
----------------------
max value: 115.00403143508265
pred_str: 60, 62, 59, 53, 47, 42, 35, 30, 27, 25, 23, 21, 19, 17
target_str: 52, 40, 22, 2, -18, -38, -55, -68, -76, -79
mse: 7177.975235123593
mae: 75.67265268428439
rsme: 84.72293216788235
----------------------
max value: 222.60005948993262
pred_str: 19, 15, 9, 2, -4, -10, -14, -16, -16, -15, -9, -1, 2, 14, 27, 37, 37
target_str: -5, -2, -5, -11, -14, -10, 2, 18, 35, 46
mse: 4491.283286993288
mae: 53.424014277583844
rsme: 67.01703728898562
----------------------
max value: 1.4304087818148197
pred_str: 31, 31, 30, 29, 30, 30, 31, 31, 32, 33, 33
target_str: 24, 21, 19, 15, 14, 15, 25, 45, 64, 80
mse: 0.09027257677006126
mae: 0.246030310472149
rsme: 0.30045395116400325
----------------------
max value: 3.5567151713401364
pred_str: -1, -2, -3, -4, -4, -3, -3, -2, -1, 0, 0, 0, 0, 0, 0, 0, 0, 0, 0, 0, 0, 0, 0, 0, 0, 0, 0, 0, 0, 0, 0, 0, 0, 0, 0
target_str: 0, 1, 4, 9, 17, 31, 53, 77, 87, 75
mse: 3.108286246655198
mae: 1.3408816195952316
rsme: 1.7630332517156897
----------------------
max value: 1.3421128758198233
pred_str: 36, 38, 42, 45, 46, 48, 51, 53, 55, 57, 59, 61, 63
target_str: 48, 57, 59, 67, 67, 76, 67, 40, 21, -8
mse: 0.1496672726570623
mae: 0.3315018803274964
rsme: 0.3868685469989287
----------------------
max value: 4.032283656964537
pred_str: 21, 24, 16, 14, 12, 12, 12, 12, 12, 12, 12, 12, 12, 12, 12, 12, 12, 12, 12
target_str: 27, 19, 10, 0, -10, -19, -23, -23, -19, -12
mse: 0.9308455828152835
mae: 0.8427472843055881
rsme: 0.9648033907565228
----------------------
max value: 3.429755126072989
pred_str: -3, -2, -1, 0, 1, 1, 2, 2, 3, 4, 5, 7, 9, 11, 12, 13, 13, 15, 21, 36, 58, 84, 88, 66, 44
target_str: 2, 0, -3, -4, -3, 0, 9, 25, 45, 68
mse: 0.7650798434225494
mae: 0.5281822894152404
rsme: 0.8746884264825673
----------------------
max value: 1.2677365602192732
pred_str: 19, 19, 19, 19, 19, 19, 19, 19, 19, 19, 19, 19, 19, 19, 19
target_str: 5, -5, 7, 31, 22, 35, 66, 49, 53, 60
mse: 0.11685631175053764
mae: 0.29538261853109066
rsme: 0.34184252478376304
----------------------
max value: 0.8944803367589264
pred_str: -46, -48, -52, -53, -53, -55, -57, -59, -61, -65, -70
target_str: -66, -98, -72, 68, 71, 19, 40, 31, 14, 12
mse: 0.5429125126319847
mae: 0.6690712918956768
rsme: 0.7368259717409429
----------------------
max value: 68.76971772643536
pred_str: -52, -46, -41, -38, -36, -35, -37, -40, -44, -47, -49, -51, -53, -54, -55, -55, -56
target_str: 43, 29, 14, -1, -13, -21, -23, -22, -18, -13
mse: 1046.1627183903615
mae: 26.888959631036226
rsme: 32.344438755222846
----------------------
max value: 1.2373675175263328
pred_str: -12, -16, -17, -18, -17, -17, -16, -15, -15, -14, -13, -12, -11, -10, -9, -8, -7, -6, -5, -4, -3, -2, -1, 0, 1, 1, 2, 2, 3, 4
target_str: -13, -17, -18, -18, -20, -21, -19, -18, -14, -8
mse: 0.0012707950499463018
mae: 0.02845945290310566
rsme: 0.0356482124368993
----------------------
max value: 1.068059217960615
pred_str: 44, 81, 75, 65, 57, 50, 50, 54, 75, 98
target_str: 41, 50, 71, 85, 85, 65, 52, 49, 23, -16
mse: 0.20674961936412287
mae: 0.29264822572120847
rsme: 0.4546972832161227
----------------------
max value: 84.48096819731116
pred_str: 22, 32
target_str: 20, 27, 36, 44, 50, 51, 45, 35, 25, 14
mse: 887.3474356727254
mae: 25.935657236574524
rsme: 29.78837752669194
----------------------
max value: 223.62932948950453
pred_str: 16, 20, 22, 23, 23, 23, 24, 24, 23, 22, 21, 20, 19, 18, 17, 16, 15, 14, 13, 12, 11
target_str: 24, 8, -4, -15, -23, -29, -31, -31, -30, -26
mse: 9157.345200921216
mae: 87.88632648937528
rsme: 95.6940186266687
----------------------
max value: 4.099949577202679
pred_str: 43, 34, 26, 20, 15, 13, 12, 12, 11, 11, 11, 10, 10, 9, 9, 8, 8, 8, 8, 8, 8, 8, 8, 8, 8, 8, 8, 8, 8
target_str: 29, 52, 72, 72, 55, 36, 26, 20, 16, 13
mse: 1.3040877234321913
mae: 0.910188806138995
rsme: 1.1419666034662272
----------------------
max value: 1.0657992415411246
pred_str: 71, 70, 70, 71, 72, 74, 75, 77, 79
target_str: 74, 75, 76, 74, 72, 72, 73, 72, 71, 74
mse: 0.06420265187519984
mae: 0.11510631808644142
rsme: 0.2533824221906481
----------------------
max value: 0.6906413385923199
pred_str: -94, -100, -94, -82, -62, -49, -42, -55, -72, -77, -67
target_str: -14, -53, -60, -71, -55, -42, -54, -66, -72, -87
mse: 0.04936322510767749
mae: 0.1512504531517181
rsme: 0.2221783632752692
----------------------
max value: 91.41004782265443
pred_str: -24, -30, -32, -30, -24, -16, -6, 0, 12, 23, 36, 48, 53, 49, 40, 28, 15, 0, -4, -9, -13
target_str: -18, -22, -24, -24, -22, -18, -11, 0, 17, 34
mse: 31.668470034742494
mae: 4.844732534600685
rsme: 5.627474569888565
----------------------
max value: 1.5774595060334473
pred_str: 93, 90, 82, 71, 60, 48, 37, 30, 27, 25, 25, 25, 26, 26
target_str: 92, 98, 87, 76, 57, 37, 17, 0, -13, -22
mse: 0.13322778452460488
mae: 0.268168116025686
rsme: 0.365003814397336
----------------------
max value: 125.1331162831952
pred_str: 41, 38, 34, 32, 33, 32, 31, 30, 30, 28, 25, 23, 23, 23, 24
target_str: 37, 42, 49, 59, 68, 72, 74, 72, 68, 65
mse: 1602.9398424684277
mae: 35.66293814071064
rsme: 40.03673116612329
----------------------
max value: 116.84188044500092
pred_str: -19, -21, -22, -21, -17, -9, -3, 5, 15, 26, 39, 55, 69, 77, 72
target_str: -17, 3, 25, 45, 58, 64, 60, 50, 36, 20
mse: 3354.3025488695
mae: 49.307273547790395
rsme: 57.91634094855699
----------------------
AVG MSE: 1187.0439033556606
Median MSE: 1.1174666531237374
AVG RMSE: 18.569412553652384
Median RMSE: 1.0533849971113751
AVG MAE: 15.800548471026646
Median MAE: 0.8764680452222915
Number of False Outputs: 48
----------------------
