max value: 55.41006693244366
pred_str: 33, 30, 25, 20, 17, 14, 12, 10, 10, 9, 9, 8, 8, 8, 7, 7, 7, 6, 6, 6, 6, 5, 5, 5, 4, 4, 4, 4, 4, 3, 3, 3, 3, 3, 2, 2, 2, 2, 2, 2, 2, 2, 1, 1, 1, 1, 1, 1, 1, 1, 1, 1, 1, 1, 1, 1, 1, 1, 1, 1, 1, 1, 1, 1, 1, 1, 1, 1, 1, 1, 1, 1, 1, 1, 1, 1, 1, 1, 1, 1, 1, 1, 1, 1, 1, 1, 1, 1, 1, 1, 1, 1, 1, 1, 1, 1, 1, 1, 1, 1, 1, 1, 1, 1, 1, 1, 1, 1, 1, 1, 1, 1, 1, 1, 1, 1, 1, 1, 1, 1, 1, 1, 1, 1, 1, 1, 1, 1, 1, 1, 1, 1, 1, 1, 1, 1, 1, 1, 1, 1, 1, 1, 1, 1, 1, 1, 1, 1, 1, 1, 1, 1, 1, 1, 1, 1, 1, 1, 1, 1, 1, 1, 1, 1, 1, 1, 1, 1,
target_str: -3, -4, -9, -18, -21, -27, -31, -33, -33, -38
mse: 489.186998196565
mae: 21.997796572180135
rsme: 22.117572158728567
----------------------
max value: 1.6333645923663662
pred_str: 15, 19, 20, 20, 21, 22, 23, 24, 24, 25, 26, 27, 28, 29, 29, 30, 31, 31, 32, 33, 33, 34, 34, 35, 36, 36, 37, 37, 38, 38, 39, 39, 40, 40, 41, 41, 42, 42, 43, 43, 44, 44, 45, 45, 46, 46, 47, 47, 48, 48, 49, 49, 50, 50, 51, 51, 52, 52, 53, 53, 54, 54, 55, 55, 56, 56, 57, 57, 58, 58, 59, 59, 60, 60, 61, 61, 62, 62, 63, 63, 64, 64, 65, 65, 66, 66, 67, 67, 68, 68, 69, 69, 70, 70, 71, 71, 72, 72, 73, 73, 74, 74, 75, 75, 76, 76, 77, 77, 78, 78, 79, 79, 80, 80, 81, 81, 82, 82, 83, 83, 84, 84, 85, 85, 86, 86, 87, 87, 
target_str: -36, -4, 66, 44, 25, 22, 9, 25, 37, 40
mse: 0.1715179982307162
mae: 0.311972637141976
rsme: 0.41414731464868415
----------------------
max value: 1.2285575361135035
pred_str: 0, 11, 18, 29, 39, 47, 56, 64, 72, 80, 88, 96, 104, 112, 120, 128, 136, 144, 152, 160, 168, 176, 184, 192, 200, 208, 216, 224, 232, 238, 246, 252, 258, 264, 270, 276, 282, 288, 294, 300, 306, 312, 318, 324, 330, 336, 342, 348, 354, 360, 366, 372, 378, 384, 390, 396, 402, 408, 414, 420, 426, 432, 438, 444, 450, 456, 462, 468, 474, 480, 486, 492, 498, 504, 510, 516, 522, 528, 534, 540, 546, 552, 558, 564, 570, 576, 582, 588, 594, 600, 606, 612, 618, 624, 630, 636, 642, 648, 654, 660, 666, 672, 678, 684, 690, 
target_str: 66, 58, 51, 37, 18, 0, -12, -20, -28, -39
mse: 0.6974572140538312
mae: 0.7285346189153076
rsme: 0.8351390387557219
----------------------
max value: 86.97451584571705
pred_str: -1, -1, -1, -2, -2, -2, -3, -3, -4, -4, -4, -5, -5, -5, -5, -5, -5, -5, -5, -5, -5, -5, -5, -5, -5, -5, -5, -5, -5, -5, -5, -5, -5, -5, -5, -5, -5, -5, -5, -5, -5, -5, -5, -5, -5, -5, -5, -5, -5, -5, -5, -5, -5, -5, -5, -5, -5, -5, -5, -5, -5, -5, -5, -5, -5, -5, -5, -5, -5, -5, -5, -5, -5, -5, -5, -5, -5, -5, -5, -5, -5, -5, -5, -5, -5, -5, -5, -5, -5, -5, -5, -5, -5, -5, -5, -5, -5, -5, -5, -5, -5, -5, -5, -5, -5, -5, -5, -5, -5, -5, -5, -5, -5, -5, -5, -5, -5, -5, -5, -5, -5, -5, -5, -5, -5, -5, -5, -5, -5, -5, -5, -5, -5, -5, -5, -5, -5, -5, -5, -5, -5, -5, -5, -5, -5, -5, -5, -5, -5, -5, -5, -5, -5, -5, -5, -5, -5, -5, -5, -5, -5, -5, -5, -5, -5, -5, -5, -5, -5, -5, -5
target_str: -63, -64, -62, -53, -43, -33, -22, -15, -8, 2
mse: 1311.2419409195043
mae: 30.44108054600096
rsme: 36.21107483794846
----------------------
max value: 4.069879745437377
pred_str: 10, 16, 22, 29, 35, 41, 47, 51, 54, 57, 59, 61, 63, 64, 65, 65, 65, 65, 65, 65, 65, 65, 65, 65, 65, 65, 65, 65, 65, 65, 65, 65, 65, 65, 65, 65, 65, 65, 65, 65, 65, 65, 65, 65, 65, 65, 65, 65, 65, 65, 65, 65, 65, 65, 65, 65, 65, 65, 65, 65, 65, 65, 65, 65, 65, 65, 65, 65, 65, 65, 65, 65, 65, 65, 65, 65, 65, 65, 65, 65, 65, 65, 65, 65, 65, 65, 65, 65, 65, 65, 65, 65, 65, 65, 65, 65, 65, 65, 65, 65, 65, 65, 65, 65, 65, 65, 65, 65, 65, 65, 65, 65, 65, 65, 65, 65, 65, 65, 65, 65, 65, 65, 65, 65, 65, 65, 65, 65, 
target_str: 3, 2, 4, 5, 5, 5, 6, 8, 12, 20
mse: 1.6570546710778338
mae: 1.188404885667714
rsme: 1.2872663559177773
----------------------
max value: 138.5283982537536
pred_str: 16, 38, 51, 68, 82, 94, 95, 80, 58, 33, 11, -8, -22, -34, -44, -52, -49, -41, -33, -18, -4, -20, -33, -45, -54, -52, -49, -41, -33, -18, -4, -20, -33, -45, -54, -52, -49, -41, -33, -18, -4, -20, -33, -45, -54, -52, -49, -41, -33, -18, -4, -20, -33, -45, -54, -52, -49, -41, -33, -18, -4, -20, -33, -45, -54, -52, -49, -41, -33, -18, -4, -20, -33, -45, -54, -52, -49, -41, -33, -18, -4, -20, -33, -45, -54, -52, -49, -41, -33, -18, -4, -20, -33, -45, -54, -52, -49, -41, -33, -18, -4, -20, -33, -45, -54, -52, -49, -41, -33, -18, -4, -20, -33, -45, -54, -52, -49, -41, -33, -18, -4, -20, -33, -45, -54, -52, -49, -41, -33, -18, -4, -2
target_str: -25, -24, -22, -15, 0, 25, 49, 66, 67, 58
mse: 6188.045167402148
mae: 69.81831271989182
rsme: 78.66412884791993
----------------------
max value: 0.7033805557760526
pred_str: 18, 21, 23, 24, 24, 24, 24, 24, 24, 24, 24, 24, 24, 24, 24, 24, 24, 24, 24, 24, 24, 24, 24, 24, 24, 24, 24, 24, 24, 24, 24, 24, 24, 24, 24, 24, 24, 24, 24, 24, 24, 24, 24, 24, 24, 24, 24, 24, 24, 24, 24, 24, 24, 24, 24, 24, 24, 24, 24, 24, 24, 24, 24, 24, 24, 24, 24, 24, 24, 24, 24, 24, 24, 24, 24, 24, 24, 24, 24, 24, 24, 24, 24, 24, 24, 24, 24, 24, 24, 24, 24, 24, 24, 24, 24, 24, 24, 24, 24, 24, 24, 24, 24, 24, 24, 24, 24, 24, 24, 24, 24, 24, 24, 24, 24, 24, 24, 24, 24, 24, 24, 24, 24, 24, 24, 24, 24, 24, 
target_str: 76, 76, 67, 63, 69, 76, 74, 67, 60, 56
mse: 0.10510345917443897
mae: 0.3193347723223279
rsme: 0.32419663658717834
----------------------
max value: 323.8033973066421
pred_str: 43, 36, 33, 23, 14, 4, -10, -15, -21, -24, -29, -34, -35, -32, -30, -25, -22, -19, -15, -11, -12, -12, -14, -16, -21, -26, -29, -29, -25, -21, -16, -10, -6, -2, -1, 3, 8, 12, 16, 20, 21, 19, 16, 11, 6, -1, -5, -10, -16, -22, -26, -25, -20, -16, -10, -6, -2, 0, 3, 8, 12, 16, 20, 21, 19, 16, 11, 6, -1, -5, -10, -16, -22, -26, -25, -20, -16, -10, -6, -2, 0, 3, 8, 12, 16, 20, 21, 19, 16, 11, 6, -1, -5, -10, -16, -22, -26, -25, -20, -16, -10, -6, -2, 0, 3, 8, 12, 16, 20, 21, 19, 16, 11, 6, -1, -5, -10, -16, -22, -26, -25, -20, -16, -10, -6, -2, 0, 3, 8, 12, 16, 20, 21, 19, 16, 11, 6, -1, -
target_str: -17, -4, 4, 8, 9, 8, 7, 6, 6, 7
mse: 9150.140822166091
mae: 80.6270459293539
rsme: 95.6563684349667
----------------------
max value: 2.0050117010472084
pred_str: -40, -53, -65, -67, -65, -59, -51, -39, -28, -16, -6, 1, 9, 12, 15, 18, 18, 16, 13, 9, 4, -2, -6, -13, -20, -30, -40, -50, -58, -66, -74, -79, -83, -85, -85, -85, -85, -85, -85, -85, -85, -85, -85, -85, -85, -85, -85, -85, -85, -85, -85, -85, -85, -85, -85, -85, -85, -85, -85, -85, -85, -85, -85, -85, -85, -85, -85, -85, -85, -85, -85, -85, -85, -85, -85, -85, -85, -85, -85, -85, -85, -85, -85, -85, -85, -85, -85, -85, -85, -85, -85, -85, -85, -85, -85, -85, -85, -85, -85, -85, -85, -85, -85, -85, -85, -85, -85, -85, -85, -85, -85, -85, -85, -85, -85, -85, -85, -85, -85, -85, -85, -85, -85, -85, -85, -85, -85, -85, -85, -85
target_str: -75, -43, -32, -35, -32, -22, -10, -2, 1, 2
mse: 0.40646947196630523
mae: 0.6115285688193987
rsme: 0.6375495839276387
----------------------
max value: 2.4823661915626722
pred_str: 0, 2, 4, 7, 11, 15, 19, 22, 26, 28, 32, 33, 36, 37, 39, 40, 41, 43, 44, 46, 47, 48, 50, 51, 53, 55, 57, 59, 61, 63, 65, 67, 69, 71, 73, 75, 77, 79, 81, 83, 85, 87, 89, 91, 93, 95, 97, 99, 101, 103, 105, 107, 109, 111, 113, 115, 117, 119, 121, 123, 125, 127, 129, 131, 133, 135, 137, 139, 141, 143, 145, 147, 149, 151, 153, 155, 157, 159, 161, 163, 165, 167, 169, 171, 173, 175, 177, 179, 181, 183, 185, 187, 189, 191, 193, 195, 197, 199, 201, 203, 205, 207, 209, 211, 213, 215, 217, 219, 221, 223, 225, 227, 229,
target_str: 72, 102, 85, 61, 49, 39, 28, 17, 8, 1
mse: 1.7155403074693212
mae: 1.0624527299888233
rsme: 1.3097863594759724
----------------------
max value: 154.72178554216515
pred_str: 29, 32, 35, 39, 42, 46, 50, 54, 57, 60, 63, 67, 70, 73, 75, 77, 80, 82, 84, 86, 88, 90, 92, 94, 96, 98, 100, 102, 104, 106, 108, 110, 112, 114, 116, 118, 120, 122, 124, 126, 128, 130, 132, 134, 136, 138, 140, 142, 144, 146, 148, 150, 152, 154, 156, 158, 160, 162, 164, 166, 168, 170, 172, 174, 176, 178, 180, 182, 184, 186, 188, 190, 192, 194, 196, 198, 200, 202, 204, 206, 208, 210, 212, 214, 216, 218, 220, 222, 224, 226, 228, 230, 232, 234, 236, 238, 240, 242, 244, 246, 248, 250, 252, 254, 256, 258, 260, 262
target_str: -97, -92, -83, -70, -53, -31, -11, 4, 15, 20
mse: 19533.12847858944
mae: 130.27574342650306
rsme: 139.7609690814622
----------------------
max value: 203.76651784696872
pred_str: 17, 22, 26, 29, 32, 34, 37, 39, 41, 44, 45, 46, 46, 47, 48, 49, 50, 51, 51, 51, 52, 52, 52, 53, 53, 53, 53, 54, 54, 54, 54, 54, 54, 54, 55, 55, 55, 55, 55, 55, 56, 56, 56, 56, 56, 56, 57, 57, 57, 57, 57, 57, 58, 58, 58, 58, 58, 59, 59, 59, 59, 60, 60, 60, 60, 61, 61, 61, 61, 61, 61, 61, 61, 62, 62, 62, 62, 62, 62, 62, 63, 63, 63, 63, 63, 63, 63, 64, 64, 64, 64, 64, 64, 64, 64, 65, 65, 65, 65, 65, 65, 65, 65, 66, 66, 66, 66, 66, 66, 67, 67, 67, 67, 67, 67, 67, 68, 68, 68, 68, 68, 68, 69, 69, 69, 69, 69, 69, 
target_str: -24, -18, -10, -1, 6, 14, 20, 28, 40, 55
mse: 2941.7482404096886
mae: 47.47759865834371
rsme: 54.23788565578205
----------------------
max value: 261.0921159996241
pred_str: 3, 4, 4, 3, 3, 2, 2, 1, 1, 1, 1, 1, 1, 1, 1, 1, 1, 1, 1, 1, 1, 1, 1, 1, 1, 1, 1, 1, 1, 1, 1, 1, 1, 1, 1, 1, 1, 1, 1, 1, 1, 1, 1, 1, 1, 1, 1, 1, 1, 1, 1, 1, 1, 1, 1, 1, 1, 1, 1, 1, 1, 1, 1, 1, 1, 1, 1, 1, 1, 1, 1, 1, 1, 1, 1, 1, 1, 1, 1, 1, 1, 1, 1, 1, 1, 1, 1, 1, 1, 1, 1, 1, 1, 1, 1, 1, 1, 1, 1, 1, 1, 1, 1, 1, 1, 1, 1, 1, 1, 1, 1, 1, 1, 1, 1, 1, 1, 1, 1, 1, 1, 1, 1, 1, 1, 1, 1, 1, 1, 1, 1, 1, 1, 1, 1, 1, 1, 1, 1, 1, 1, 1, 1, 1, 1, 1, 1, 1, 1, 1, 1, 1, 1, 1, 1, 1, 1, 1, 1, 1, 1, 1, 1, 1, 1, 1, 1, 1, 1, 1, 1,
target_str: -97, -91, -77, -60, -41, -23, -8, 2, 8, 11
mse: 22063.608652407587
mae: 113.83616257583614
rsme: 148.53823969741794
----------------------
max value: 4.059336781248802
pred_str: 3, 4, 5, 6, 7, 8, 9, 10, 11, 12, 13, 14, 15, 16, 17, 18, 19, 20, 21, 22, 23, 24, 25, 26, 27, 28, 29, 30, 31, 32, 33, 34, 35, 36, 37, 38, 39, 40, 41, 42, 43, 44, 45, 46, 47, 48, 49, 50, 51, 52, 53, 54, 55, 56, 57, 58, 59, 60, 61, 62, 63, 64, 65, 66, 67, 68, 69, 70, 71, 72, 73, 74, 75, 76, 77, 78, 79, 80, 81, 82, 83, 84, 85, 86, 87, 88, 89, 90, 91, 92, 93, 94, 95, 96, 97, 98, 99, 100, 101, 102, 103, 104, 105, 106, 107, 108, 109, 110, 111, 112, 113, 114, 115, 116, 117, 118, 119, 120, 121, 122, 123, 124, 125, 1
target_str: 1, 2, 2, 1, 1, 7, 22, 62, 96, 96
mse: 2.839690808803281
mae: 1.0270122056559468
rsme: 1.6851382165280333
----------------------
max value: 3.53249676378062
pred_str: 23, 31, 34, 32, 27, 21, 18, 14, 11, 7, 5, 3, 2, 1, 0, -1, -2, -3, -4, -4, -2, -1, -1, -2, -3, -4, -4, -4, -3, -2, -1, -1, -2, -3, -4, -4, -3, -2, -1, -1, -2, -3, -4, -4, -3, -2, -1, -1, -2, -3, -4, -4, -3, -2, -1, -1, -2, -3, -4, -4, -3, -2, -1, -1, -2, -3, -4, -4, -3, -2, -1, -1, -2, -3, -4, -4, -3, -2, -1, -1, -2, -3, -4, -4, -3, -2, -1, -1, -2, -3, -4, -4, -3, -2, -1, -1, -2, -3, -4, -4, -3, -2, -1, -1, -2, -3, -4, -4, -3, -2, -1, -1, -2, -3, -4, -4, -3, -2, -1, -1, -2, -3, -4, -4, -3, -2, -1, -1, -2, -3, -4, -4, -3, -2, -1, -1, -2, -3, -4, -4, -3, -2, -1, -1, -2, -3, -4, -4, -3, -2, -1, -1, -2, -3, -4, -4, -3, -2, -1, -1, -2, -3, -4, -4, -3, -2, -1, -1,
target_str: 12, 9, 9, 6, 2, 0, -1, -1, 1, 8
mse: 0.4565895365981512
mae: 0.6181869336616086
rsme: 0.6757140938282634
----------------------
max value: 0.6406635239223756
pred_str: 12, 21, 25, 28, 31, 35, 38, 40, 42, 43, 46, 48, 50, 53, 55, 58, 61, 64, 68, 72, 75, 79, 81, 84, 87, 90, 93, 95, 98, 100, 103, 106, 109, 112, 115, 118, 121, 125, 128, 131, 134, 137, 140, 143, 146, 149, 152, 155, 158, 161, 164, 167, 170, 173, 176, 179, 182, 185, 188, 191, 194, 197, 200, 203, 206, 209, 212, 215, 218, 221, 224, 227, 230, 233, 236, 239, 242, 245, 248, 251, 254, 257, 260, 263, 266, 269, 272, 275, 278, 281, 284, 287, 290, 293, 296, 299, 302, 305, 308, 311, 314, 317, 320, 323, 326, 329, 332, 335, 3
target_str: 16, 23, 29, 34, 43, 42, 41, 38, 36, 40
mse: 0.0013257526953573758
mae: 0.031392512672196414
rsme: 0.0364108870443632
----------------------
max value: 71.3028563089283
pred_str: 27, 30, 30, 30, 26, 16, 7, 0, 0, 11, 26, 40, 52, 60, 62
target_str: -5, -6, -11, -15, -19, -21, -18, -15, -13, -12
mse: 557.6237938175846
mae: 22.246491168385624
rsme: 23.614059240579213
----------------------
max value: 3.0789129706521985
pred_str: 13, 18, 23, 29, 35, 41, 47, 53, 59, 65, 71, 77, 83, 89, 95, 101, 107, 113, 119, 125, 131, 137, 143, 149, 155, 161, 167, 173, 179, 185, 191, 197, 203, 209, 215, 221, 227, 233, 239, 245, 251, 257, 263, 269, 275, 281, 287, 293, 299, 305, 311, 317, 323, 329, 335, 341, 347, 353, 359, 365, 371, 377, 383, 389, 395, 401, 407, 413, 419, 425, 431, 437, 443, 449, 455, 461, 467, 473, 479, 485, 491, 497, 503, 509, 515, 521, 527, 533, 539, 545, 551, 557, 563, 569, 575, 581, 587, 593, 599, 605, 611, 617, 623, 629, 635, 64
target_str: 7, 6, 5, 4, 6, 12, 17, 22, 30, 43
mse: 0.5684979136985953
mae: 0.7112288962206579
rsme: 0.7539880063360394
----------------------
max value: 0.4657017531985316
pred_str: 67, 63, 65, 62, 65, 62, 65, 62, 65, 62, 65, 62, 65, 62, 65, 62, 65, 62, 65, 62, 65, 62, 65, 62, 65, 62, 65, 62, 65, 62, 65, 62, 65, 62, 65, 62, 65, 62, 65, 62, 65, 62, 65, 62, 65, 62, 65, 62, 65, 62, 65, 62, 65, 62, 65, 62, 65, 62, 65, 62, 65, 62, 65, 62, 65, 62, 65, 62, 65, 62, 65, 62, 65, 62, 65, 62, 65, 62, 65, 62, 65, 62, 65, 62, 65, 62, 65, 62, 65, 62, 65, 62, 65, 62, 65, 62, 65, 62, 65, 62, 65, 62, 65, 62, 65, 62, 65, 62, 65, 62, 65, 62, 65, 62, 65, 62, 65, 62, 65, 62, 65, 62, 65, 62, 65, 62, 65, 62, 
target_str: 58, 58, 63, 65, 68, 74, 80, 87, 92, 92
mse: 0.005966317161864437
mae: 0.061006929669007635
rsme: 0.07724193913842685
----------------------
max value: 132.69174574791145
pred_str: 34, 35, 35, 36, 37, 38, 39, 40, 41, 42, 43, 44, 45, 46, 47, 48, 49, 50, 51, 52, 53, 54, 55, 56, 57, 58, 59, 60, 61, 62, 63, 64, 65, 66, 67, 68, 69, 70, 71, 72, 73, 74, 75, 76, 77, 78, 79, 80, 81, 82, 83, 84, 85, 86, 87, 88, 89, 90, 91, 92, 93, 94, 95, 96, 97, 98, 99, 100, 101, 102, 103, 104, 105, 106, 107, 108, 109, 110, 111, 112, 113, 114, 115, 116, 117, 118, 119, 120, 121, 122, 123, 124, 125, 126, 127, 128, 129, 130, 131, 132, 133, 134, 135, 136, 137, 138, 139, 140, 141, 142, 143, 144, 145, 146, 147, 148,
target_str: -32, -14, 5, 23, 37, 47, 57, 66, 74, 78
mse: 1988.1936630768366
mae: 37.15368880941521
rsme: 44.58916531038495
----------------------
max value: 0.9033504344950996
pred_str: 34, 49, 44, 51, 41, 20, -13, -44, -41, -53, -75, -63, -46, -36, -37, -53, -77, -90, -92, -72, -46, -36, -37, -53, -77, -90, -92, -72, -46, -36, -37, -53, -77, -90, -92, -72, -46, -36, -37, -53, -77, -90, -92, -72, -46, -36, -37, -53, -77, -90, -92, -72, -46, -36, -37, -53, -77, -90, -92, -72, -46, -36, -37, -53, -77, -90, -92, -72, -46, -36, -37, -53, -77, -90, -92, -72, -46, -36, -37, -53, -77, -90, -92, -72, -46, -36, -37, -53, -77, -90, -92, -72, -46, -36, -37, -53, -77, -90, -92, -72, -46, -36, -37, -53, -77, -90, -92, -72, -46, -36, -37, -53, -77, -90, -92, -72, -46, -36, -37, -53, -77, -90, -92, -72, -46, -36, -37, -53, -
target_str: 14, 18, 33, 44, 46, 38, 16, -47, -38, -8
mse: 0.038876241237418396
mae: 0.15537627473315713
rsme: 0.19717058917956906
----------------------
max value: 1.3977679483467502
pred_str: 34, 30, 26, 24, 21, 19, 16, 14, 11, 8, 6, 4, 3, 2, 1, 0, -1, -2, -4, -5, -6, -6, -5, -4, -3, -2, -1, -2, -2, -1, -2, -3, -3, -4, -4, -4, -3, -2, -1, -1, -2, -3, -3, -3, -3, -3, -3, -3, -3, -3, -3, -3, -3, -3, -3, -3, -3, -3, -3, -3, -3, -3, -3, -3, -3, -3, -3, -3, -3, -3, -3, -3, -3, -3, -3, -3, -3, -3, -3, -3, -3, -3, -3, -3, -3, -3, -3, -3, -3, -3, -3, -3, -3, -3, -3, -3, -3, -3, -3, -3, -3, -3, -3, -3, -3, -3, -3, -3, -3, -3, -3, -3, -3, -3, -3, -3, -3, -3, -3, -3, -3, -3, -3, -3, -3, -3, -3, -3, -3, -3, -3, -3, -3, -3, -3, -3, -3, -3, -3, -3, -3, -3, -3, -3, -3, -3, -3, -3, -3, -3, -3, -3, -3, -3, -3, -3, -3, -3, -3, -3, -3, -3, -3, -3, -3, -3, -3, -3,
target_str: 53, 66, 87, 91, 81, 70, 62, 52, 37, 22
mse: 0.4005198236722241
mae: 0.5842670024089416
rsme: 0.6328663553011995
----------------------
max value: 1.3270199072442206
pred_str: 11, 18, 27, 36, 45, 54, 63, 72, 81, 89, 98, 107, 116, 125, 134, 143, 152, 161, 170, 179, 188, 197, 206, 215, 224, 233, 242, 251, 259, 268, 277, 286, 295, 304, 313, 322, 331, 339, 348, 356, 365, 374, 383, 392, 401, 409, 418, 427, 436, 445, 454, 463, 472, 481, 489, 498, 506, 515, 524, 533, 542, 551, 560, 569, 578, 587, 596, 605, 614, 623, 632, 641, 649, 658, 667, 676, 685, 694, 703, 712, 721, 729, 738, 747, 756, 765, 774, 783, 792, 801, 809, 818, 827, 836, 845, 854, 863, 872, 881, 889, 898, 907, 916, 925, 934
target_str: 58, 51, 43, 36, 35, 41, 50, 59, 68, 77
mse: 0.07878632726311285
mae: 0.2255933842315175
rsme: 0.28068902234165277
----------------------
max value: 109.74012483367467
pred_str: 29, 33, 34, 36, 37, 37, 37, 37, 37, 37, 37, 37, 37, 37, 37, 37, 37, 37, 37, 37, 37, 37, 37, 37, 37, 37, 37, 37, 37, 37, 37, 37, 37, 37, 37, 37, 37, 37, 37, 37, 37, 37, 37, 37, 37, 37, 37, 37, 37, 37, 37, 37, 37, 37, 37, 37, 37, 37, 37, 37, 37, 37, 37, 37, 37, 37, 37, 37, 37, 37, 37, 37, 37, 37, 37, 37, 37, 37, 37, 37, 37, 37, 37, 37, 37, 37, 37, 37, 37, 37, 37, 37, 37, 37, 37, 37, 37, 37, 37, 37, 37, 37, 37, 37, 37, 37, 37, 37, 37, 37, 37, 37, 37, 37, 37, 37, 37, 37, 37, 37, 37, 37, 37, 37, 37, 37, 37, 37, 
target_str: -29, -33, -26, -12, 4, 19, 27, 28, 22, 13
mse: 1929.151349811397
mae: 37.421382568283065
rsme: 43.922105480172476
----------------------
max value: 1.1157594302725051
pred_str: 100, 97, 93, 89, 85, 81, 77, 73, 70, 67, 64, 62, 60, 58, 57, 57, 57, 58, 59, 61, 63, 65, 66, 67, 68, 69, 70, 71, 72, 73, 74, 76, 78, 80, 82, 83, 84, 85, 86, 87, 88, 89, 91, 93, 95, 97, 99, 101, 103, 105, 106, 107, 109, 111, 113, 115, 117, 119, 121, 123, 125, 127, 129, 131, 133, 135, 137, 139, 141, 143, 145, 147, 149, 151, 153, 155, 157, 159, 161, 163, 165, 167, 169, 171, 173, 175, 177, 179, 181, 183, 185, 187, 189, 191, 193, 195, 197, 199, 201, 203, 205, 207, 209, 211, 213, 215, 217, 219, 221, 223, 225, 227
target_str: 48, 55, 60, 60, 54, 46, 36, 25, 17, 10
mse: 0.23189108191970206
mae: 0.4697347201447247
rsme: 0.48155070545032125
----------------------
max value: 1.5942111304401607
pred_str: 0, -11, -24, -41, -58, -71, -82, -83, -71, -54, -38, -22, -6, 1, 10, 15, 21, 26, 28, 27, 25, 22, 19, 16, 13, 10, 7, 5, 4, 3, 3, 3, 3, 4, 5, 7, 8, 9, 10, 11, 12, 13, 14, 14, 14, 14, 14, 14, 14, 14, 14, 14, 14, 14, 14, 14, 14, 14, 14, 14, 14, 14, 14, 14, 14, 14, 14, 14, 14, 14, 14, 14, 14, 14, 14, 14, 14, 14, 14, 14, 14, 14, 14, 14, 14, 14, 14, 14, 14, 14, 14, 14, 14, 14, 14, 14, 14, 14, 14, 14, 14, 14, 14, 14, 14, 14, 14, 14, 14, 14, 14, 14, 14, 14, 14, 14, 14, 14, 14, 14, 14, 14, 14, 14, 14, 14, 14, 14, 14, 14, 14, 14,
target_str: -29, -16, -9, -4, 0, 3, -2, -16, -26, -39
mse: 0.6211194158943916
mae: 0.6775397304370683
rsme: 0.7881112966417825
----------------------
max value: 1.7578727664155078
pred_str: 20, 21, 23, 25, 29, 32, 33, 34, 35, 37, 39, 40, 41, 43, 44, 45, 47, 49, 51, 52, 54, 55, 57, 59, 61, 62, 64, 66, 67, 69, 71, 72, 74, 75, 77, 79, 81, 83, 84, 85, 87, 89, 91, 92, 93, 94, 96, 97, 98, 100, 101, 102, 103, 104, 105, 106, 107, 108, 110, 111, 112, 113, 114, 115, 117, 118, 119, 120, 121, 122, 123, 125, 126, 127, 128, 129, 130, 131, 132, 133, 134, 135, 137, 138, 139, 140, 141, 142, 143, 144, 145, 146, 147, 148, 149, 150, 151, 152, 153, 154, 155, 156, 157, 158, 159, 160, 161, 162, 163, 164, 165, 166, 1
target_str: 41, 37, 22, 0, -14, -26, -42, -51, -56, -64
mse: 1.1701653779089831
mae: 0.9070623474704019
rsme: 1.0817418259034746
----------------------
max value: 117.07380176672444
pred_str: 13, 14, 15, 16, 17, 18, 19, 20, 21, 22, 23, 24, 25, 26, 27, 28, 29, 30, 31, 32, 33, 34, 35, 36, 37, 38, 39, 40, 41, 42, 43, 44, 45, 46, 47, 48, 49, 50, 51, 52, 53, 54, 55, 56, 57, 58, 59, 60, 61, 62, 63, 64, 65, 66, 67, 68, 69, 70, 71, 72, 73, 74, 75, 76, 77, 78, 79, 80, 81, 82, 83, 84, 85, 86, 87, 88, 89, 90, 91, 92, 93, 94, 95, 96, 97, 98, 99, 100, 101, 102, 103, 104, 105, 106, 107, 108, 109, 110, 111, 112, 113, 114, 115, 116, 117, 118, 119, 120, 121, 122, 123, 124, 125, 126, 127, 128, 129, 130, 131, 132,
target_str: -46, -47, -46, -41, -31, -14, 6, 30, 51, 64
mse: 2800.6031830331535
mae: 48.35148012965719
rsme: 52.9207254583037
----------------------
max value: 0.4095369217376126
pred_str: 0, 5, 7, 9, 8, 7, 6, 5, 4, 3, 2, 2, 1, 0, -1, -2, -2, -2, -2, -3, -3, -3, -3, -4, -4, -4, -4, -4, -4, -4, -4, -4, -4, -4, -4, -4, -4, -4, -4, -4, -4, -4, -4, -4, -4, -4, -4, -4, -4, -4, -4, -4, -4, -4, -4, -4, -4, -4, -4, -4, -4, -4, -4, -4, -4, -4, -4, -4, -4, -4, -4, -4, -4, -4, -4, -4, -4, -4, -4, -4, -4, -4, -4, -4, -4, -4, -4, -4, -4, -4, -4, -4, -4, -4, -4, -4, -4, -4, -4, -4, -4, -4, -4, -4, -4, -4, -4, -4, -4, -4, -4, -4, -4, -4, -4, -4, -4, -4, -4, -4, -4, -4, -4, -4, -4, -4, -4, -4, -4, -4, -4, -4, -4, -4, -4, -4, -4, -4, -4, -4, -4, -4, -4, -4, -4, -4, -4, -4, -4, -4, -4, -4, -4, -4, -4, -4, -4, -4, -4, -4, -4, -4, -4, -4, -4, -4, -4, -4, -4, -4, -4,
target_str: 15, 15, 16, 13, 6, 1, -7, -13, -21, -15
mse: 0.0031933981346707213
mae: 0.04914443060851351
rsme: 0.05651015957038806
----------------------
max value: 115.00403143508265
pred_str: 6, 16, 26, 35, 44, 52, 60, 67, 74, 79, 81, 81, 81, 81, 81, 81, 81, 81, 81, 81, 81, 81, 81, 81, 81, 81, 81, 81, 81, 81, 81, 81, 81, 81, 81, 81, 81, 81, 81, 81, 81, 81, 81, 81, 81, 81, 81, 81, 81, 81, 81, 81, 81, 81, 81, 81, 81, 81, 81, 81, 81, 81, 81, 81, 81, 81, 81, 81, 81, 81, 81, 81, 81, 81, 81, 81, 81, 81, 81, 81, 81, 81, 81, 81, 81, 81, 81, 81, 81, 81, 81, 81, 81, 81, 81, 81, 81, 81, 81, 81, 81, 81, 81, 81, 81, 81, 81, 81, 81, 81, 81, 81, 81, 81, 81, 81, 81, 81, 81, 81, 81, 81, 81, 81, 81, 81, 81, 81, 8
target_str: 52, 40, 22, 2, -18, -38, -55, -68, -76, -79
mse: 12519.001435005597
mae: 93.95829368246252
rsme: 111.88834360649726
----------------------
max value: 222.60005948993262
pred_str: -2, 18, 36, 44, 49, 52, 54, 52, 49, 45, 40, 35, 28, 21, 14, 7, 1, -1, -5, -11, -17, -22, -26, -29, -31, -32, -31, -29, -28, -26, -24, -22, -19, -15, -10, -5, 1, 10, 21, 36, 46, 54, 60, 58, 51, 45, 37, 27, 16, 5, 0, -4, -10, -15, -20, -24, -28, -30, -31, -30, -29, -28, -27, -25, -23, -21, -19, -16, -12, -7, 0, 7, 16, 28, 41, 52, 60, 66, 64, 57, 48, 37, 24, 11, -4, -12, -18, -25, -32, -37, -40, -40, -39, -38, -37, -36, -35, -34, -33, -32, -31, -30, -29, -28, -27, -26, -25, -24, -23, -22, -21, -20, -19, -18, -17, -16, -15, -14, -13, -12, -11, -10, -9, -8, -7, -6, -5, -4, -3, -2, -1, 0, 1, 2, 3
target_str: -5, -2, -5, -11, -14, -10, 2, 18, 35, 46
mse: 8416.201084463924
mae: 76.79702052402675
rsme: 91.73985548530106
----------------------
max value: 1.4304087818148197
pred_str: 2, 5, 9, 15, 20, 26, 30, 33, 38, 40, 42, 44, 46, 48, 50, 51, 52, 54, 55, 56, 57, 58, 59, 60, 61, 62, 63, 64, 65, 66, 67, 68, 69, 70, 71, 72, 73, 74, 75, 76, 77, 78, 79, 80, 81, 82, 83, 84, 85, 86, 87, 88, 89, 90, 91, 92, 93, 94, 95, 96, 97, 98, 99, 100, 101, 102, 103, 104, 105, 106, 107, 108, 109, 110, 111, 112, 113, 114, 115, 116, 117, 118, 119, 120, 121, 122, 123, 124, 125, 126, 127, 128, 129, 130, 131, 132, 133, 134, 135, 136, 137, 138, 139, 140, 141, 142, 143, 144, 145, 146, 147, 148, 149, 150, 151, 152
target_str: 24, 21, 19, 15, 14, 15, 25, 45, 64, 80
mse: 0.07042570472405955
mae: 0.21170049970859334
rsme: 0.2653784179696223
----------------------
max value: 3.5567151713401364
pred_str: 1, 2, 3, 4, 5, 6, 7, 8, 9, 10, 11, 12, 13, 14, 15, 16, 17, 18, 19, 20, 21, 22, 23, 24, 25, 26, 27, 28, 29, 30, 31, 32, 33, 34, 35, 36, 37, 38, 39, 40, 41, 42, 43, 44, 45, 46, 47, 48, 49, 50, 51, 52, 53, 54, 55, 56, 57, 58, 59, 60, 61, 62, 63, 64, 65, 66, 67, 68, 69, 70, 71, 72, 73, 74, 75, 76, 77, 78, 79, 80, 81, 82, 83, 84, 85, 86, 87, 88, 89, 90, 91, 92, 93, 94, 95, 96, 97, 98, 99, 100, 101, 102, 103, 104, 105, 106, 107, 108, 109, 110, 111, 112, 113, 114, 115, 116, 117, 118, 119, 120, 121, 122, 123, 124, 
target_str: 0, 1, 4, 9, 17, 31, 53, 77, 87, 75
mse: 2.2748895679296903
mae: 1.0776846969160616
rsme: 1.5082737045807337
----------------------
max value: 1.3421128758198233
pred_str: 13, 15, 15, 13, 16, 17, 19, 20, 21, 22, 23, 25, 26, 27, 28, 29, 30, 31, 32, 33, 34, 35, 36, 37, 38, 39, 40, 41, 42, 43, 44, 45, 46, 47, 48, 49, 50, 51, 52, 53, 54, 55, 56, 57, 58, 59, 60, 61, 62, 63, 64, 65, 66, 67, 68, 69, 70, 71, 72, 73, 74, 75, 76, 77, 78, 79, 80, 81, 82, 83, 84, 85, 86, 87, 88, 89, 90, 91, 92, 93, 94, 95, 96, 97, 98, 99, 100, 101, 102, 103, 104, 105, 106, 107, 108, 109, 110, 111, 112, 113, 114, 115, 116, 117, 118, 119, 120, 121, 122, 123, 124, 125, 126, 127, 128, 129, 130, 131, 132, 133
target_str: 48, 57, 59, 67, 67, 76, 67, 40, 21, -8
mse: 0.3157080620845265
mae: 0.5140292314389924
rsme: 0.5618790457781163
----------------------
max value: 4.032283656964537
pred_str: 4, 6, 9, 12, 15, 19, 24, 29, 35, 42, 49, 56, 64, 72, 80, 89, 98, 107, 116, 125, 134, 143, 152, 161, 170, 179, 188, 197, 206, 215, 224, 233, 242, 251, 260, 269, 278, 287, 296, 305, 314, 323, 332, 341, 350, 359, 368, 377, 386, 395, 404, 413, 422, 431, 439, 447, 456, 465, 474, 483, 492, 501, 510, 519, 528, 537, 546, 555, 564, 573, 582, 591, 599, 608, 617, 626, 635, 644, 653, 662, 671, 680, 689, 698, 707, 716, 725, 734, 743, 752, 761, 770, 779, 788, 797, 806, 815, 824, 833, 842, 851, 860, 869, 878, 887, 896, 90
target_str: 27, 19, 10, 0, -10, -19, -23, -23, -19, -12
mse: 2.2205341702197954
mae: 1.286298486571687
rsme: 1.4901456875821892
----------------------
max value: 3.429755126072989
pred_str: 19, 22, 31, 36, 43, 52, 57, 62, 68, 74, 78, 83, 88, 93, 98, 103, 108, 113, 118, 123, 128, 133, 138, 143, 148, 153, 158, 163, 168, 173, 178, 183, 188, 193, 198, 203, 208, 213, 218, 223, 228, 233, 238, 243, 248, 253, 258, 263, 268, 273, 278, 283, 288, 293, 298, 303, 308, 313, 318, 323, 328, 333, 338, 343, 348, 353, 358, 363, 368, 373, 378, 383, 388, 393, 398, 403, 408, 413, 418, 423, 428, 433, 438, 443, 448, 453, 458, 463, 468, 473, 478, 483, 488, 493, 498, 503, 508, 513, 518, 523, 528, 533, 538, 543, 548, 55
target_str: 2, 0, -3, -4, -3, 0, 9, 25, 45, 68
mse: 1.4806365296985902
mae: 1.1146704159737215
rsme: 1.2168140900312545
----------------------
max value: 1.2677365602192732
pred_str: 31, 31, 31, 31, 31, 31, 31, 31, 31, 31, 31, 31, 31, 31, 31, 31, 31, 31, 31, 31, 31, 31, 31, 31, 31, 31, 31, 31, 31, 31, 31, 31, 31, 31, 31, 31, 31, 31, 31, 31, 31, 31, 31, 31, 31, 31, 31, 31, 31, 31, 31, 31, 31, 31, 31, 31, 31, 31, 31, 31, 31, 31, 31, 31, 31, 31, 31, 31, 31, 31, 31, 31, 31, 31, 31, 31, 31, 31, 31, 31, 31, 31, 31, 31, 31, 31, 31, 31, 31, 31, 31, 31, 31, 31, 31, 31, 31, 31, 31, 31, 31, 31, 31, 31, 31, 31, 31, 31, 31, 31, 31, 31, 31, 31, 31, 31, 31, 31, 31, 31, 31, 31, 31, 31, 31, 31, 31, 31, 
target_str: 5, -5, 7, 31, 22, 35, 66, 49, 53, 60
mse: 0.08869893887377489
mae: 0.25735052172451245
rsme: 0.2978236707747974
----------------------
max value: 0.8944803367589264
pred_str: -24, -33, -38, -38, -37, -36, -35, -35, -34, -33, -33, -32, -31, -30, -29, -28, -27, -26, -25, -24, -23, -22, -21, -20, -19, -18, -17, -16, -15, -14, -13, -12, -11, -10, -9, -8, -7, -6, -5, -4, -3, -2, -1, 0, 1, 2, 3, 4, 5, 6, 7, 8, 9, 10, 11, 12, 13, 14, 15, 16, 17, 18, 19, 20, 21, 22, 23, 24, 25, 26, 27, 28, 29, 30, 31, 32, 33, 34, 35, 36, 37, 38, 39, 40, 41, 42, 43, 44, 45, 46, 47, 48, 49, 50, 51, 52, 53, 54, 55, 56, 57, 58, 59, 60, 61, 62, 63, 64, 65, 66, 67, 68, 69, 70, 71, 72, 73, 74, 75, 76, 77, 78, 79, 80, 81, 82, 83, 84, 85, 86, 87, 88, 89
target_str: -66, -98, -72, 68, 71, 19, 40, 31, 14, 12
mse: 0.37908504551555405
mae: 0.5760453368727485
rsme: 0.6156988269564545
----------------------
max value: 68.76971772643536
pred_str: 0, 1, 1, 2, 2, 2, 2, 3, 3, 3, 4, 4, 5, 5, 6, 7, 8, 9, 10, 11, 12, 13, 13, 13, 13, 13, 13, 13, 13, 13, 13, 13, 13, 13, 13, 13, 13, 13, 13, 13, 13, 13, 13, 13, 13, 13, 13, 13, 13, 13, 13, 13, 13, 13, 13, 13, 13, 13, 13, 13, 13, 13, 13, 13, 13, 13, 13, 13, 13, 13, 13, 13, 13, 13, 13, 13, 13, 13, 13, 13, 13, 13, 13, 13, 13, 13, 13, 13, 13, 13, 13, 13, 13, 13, 13, 13, 13, 13, 13, 13, 13, 13, 13, 13, 13, 13, 13, 13, 13, 13, 13, 13, 13, 13, 13, 13, 13, 13, 13, 13, 13, 13, 13, 13, 13, 13, 13, 13, 13, 13, 13, 13, 13
target_str: 43, 29, 14, -1, -13, -21, -23, -22, -18, -13
mse: 260.67758707868876
mae: 14.5791801580043
rsme: 16.145512908504603
----------------------
max value: 1.2373675175263328
pred_str: 0, 3, 7, 12, 15, 16, 14, 13, 12, 11, 10, 9, 8, 7, 6, 5, 4, 3, 2, 1, 0, -1, -2, -3, -4, -5, -6, -6, -7, -7, -7, -8, -9, -9, -10, -11, -12, -13, -14, -14, -15, -15, -16, -17, -18, -18, -19, -20, -20, -20, -21, -21, -22, -22, -23, -23, -24, -24, -25, -25, -26, -26, -26, -27, -27, -27, -28, -28, -29, -29, -29, -30, -30, -30, -30, -30, -31, -31, -31, -31, -31, -32, -32, -32, -32, -32, -32, -33, -33, -33, -33, -34, -34, -34, -34, -34, -34, -35, -35, -35, -35, -35, -36, -36, -36, -36, -36, -36, -37, -37, -37, -37, -37, -37, -37, -38, -38, -38, -38, -38, -38, -39, -39, -39, -39, -39, -39, -39, -39, -40, -40, -40, -40, -40, -40
target_str: -13, -17, -18, -18, -20, -21, -19, -18, -14, -8
mse: 0.11904134353412647
mae: 0.33285186221458346
rsme: 0.3450236854682972
----------------------
max value: 1.068059217960615
pred_str: 17, 27, 25, 37, 43, 44, 49, 57, 58, 60, 57, 56, 55, 57, 54, 53, 53, 51, 52, 51, 51, 48, 46, 45, 45, 43, 42, 42, 41, 41, 40, 39, 39, 37, 36, 35, 35, 33, 32, 32, 31, 30, 30, 29, 29, 28, 27, 27, 26, 25, 25, 24, 24, 23, 22, 22, 21, 20, 20, 19, 19, 18, 18, 17, 17, 17, 16, 16, 15, 15, 14, 14, 14, 13, 13, 13, 12, 12, 11, 11, 11, 11, 10, 10, 10, 10, 9, 9, 9, 8, 8, 8, 7, 7, 7, 7, 7, 6, 6, 6, 6, 5, 5, 5, 5, 5, 4, 4, 4, 4, 4, 4, 3, 3, 3, 3, 3, 3, 2, 2, 2, 2, 2, 2, 2, 1, 1, 1, 1, 1, 1, 1, 1, 0, 0, 0, 0, 0, 0, 0, 0, 0, 
target_str: 41, 50, 71, 85, 85, 65, 52, 49, 23, -16
mse: 0.16887670299417762
mae: 0.3481873050551605
rsme: 0.4109461071651338
----------------------
max value: 84.48096819731116
pred_str: 0, 3, 6, 10, 12, 16, 20, 21, 23, 24, 23, 19, 13, 6, -1, -6, -12, -17, -19, -19, -19, -16, -11, -4, 0, 6, 10, 15, 19, 21, 23, 24, 22, 18, 12, 5, -1, -5, -12, -17, -19, -19, -19, -16, -11, -4
target_str: 20, 27, 36, 44, 50, 51, 45, 35, 25, 14
mse: 472.8998720154009
mae: 19.599584621776195
rsme: 21.746261104277234
----------------------
max value: 223.62932948950453
pred_str: 21, 23, 21, 18, 13, 7, 3, -2, -4, -5, -4, -2, -1, 0, 1, 2, 3, 4, 5, 5, 4, 3, 2, 1, 0, -1, -2, -3, -4, -5, -5, -4, -3, -2, -1, -1, -2, -2, -3, -3, -3, -3, -3, -3, -3, -3, -3, -3, -3, -3, -3, -3, -3, -3, -3, -3, -3, -3, -3, -3, -3, -3, -3, -3, -3, -3, -3, -3, -3, -3, -3, -3, -3, -3, -3, -3, -3, -3, -3, -3, -3, -3, -3, -3, -3, -3, -3, -3, -3, -3, -3, -3, -3, -3, -3, -3, -3, -3, -3, -3, -3, -3, -3, -3, -3, -3, -3, -3, -3, -3, -3, -3, -3, -3, -3, -3, -3, -3, -3, -3, -3, -3, -3, -3, -3, -3, -3, -3, -3, -3, -3, -3, -3, -3, -3, -3, -3, -3, -3, -3, -3, -3, -3, -3, -3, -3, -3, -3, -3, -3, -3, -3, -3, -3, -3, -3, -3, -3, -3, -3, -3, -3, -3, -3, -3, -3, -3, -3, -3, -
target_str: 24, 8, -4, -15, -23, -29, -31, -31, -30, -26
mse: 3827.7712941866084
mae: 57.69636700829217
rsme: 61.86898491317446
----------------------
max value: 4.099949577202679
pred_str: 33, 39, 42, 46, 48, 49, 50, 51, 52, 53, 53, 54, 54, 54, 54, 54, 54, 54, 54, 54, 54, 54, 54, 54, 54, 54, 54, 54, 54, 54, 54, 54, 54, 54, 54, 54, 54, 54, 54, 54, 54, 54, 54, 54, 54, 54, 54, 54, 54, 54, 54, 54, 54, 54, 54, 54, 54, 54, 54, 54, 54, 54, 54, 54, 54, 54, 54, 54, 54, 54, 54, 54, 54, 54, 54, 54, 54, 54, 54, 54, 54, 54, 54, 54, 54, 54, 54, 54, 54, 54, 54, 54, 54, 54, 54, 54, 54, 54, 54, 54, 54, 54, 54, 54, 54, 54, 54, 54, 54, 54, 54, 54, 54, 54, 54, 54, 54, 54, 54, 54, 54, 54, 54, 54, 54, 54, 54, 54, 
target_str: 29, 52, 72, 72, 55, 36, 26, 20, 16, 13
mse: 1.0778306886629558
mae: 0.9183887052934001
rsme: 1.0381862495058176
----------------------
max value: 1.0657992415411246
pred_str: 17, 21, 24, 27, 30, 33, 36, 39, 42, 45, 48, 51, 54, 57, 60, 63, 66, 69, 72, 75, 78, 81, 84, 87, 90, 93, 96, 99, 102, 105, 108, 111, 114, 117, 120, 123, 126, 129, 132, 135, 138, 141, 144, 147, 150, 153, 156, 159, 162, 165, 168, 171, 174, 177, 180, 183, 186, 189, 192, 195, 198, 201, 204, 207, 210, 213, 216, 219, 222, 225, 228, 231, 234, 237, 240, 243, 246, 249, 252, 255, 258, 261, 264, 267, 270, 273, 276, 279, 282, 285, 288, 291, 294, 297, 300, 303, 306, 309, 312, 315, 318, 321, 324, 327, 330, 333, 336, 339, 
target_str: 74, 75, 76, 74, 72, 72, 73, 72, 71, 74
mse: 0.21018076214558082
mae: 0.4465698822057312
rsme: 0.45845475474203645
----------------------
max value: 0.6906413385923199
pred_str: 22, 34, 52, 75, 99, 121, 137, 155, 170, 185, 195, 199, 196, 192, 185, 175, 166, 158, 151, 143, 136, 128, 121, 114, 107, 101, 95, 89, 83, 77, 71, 66, 61, 56, 51, 46, 41, 36, 31, 26, 21, 16, 11, 6, -2, -6, -10, -16, -20, -25, -30, -34, -39, -43, -47, -50, -54, -58, -61, -65, -68, -71, -75, -78, -81, -84, -86, -89, -91, -93, -95, -97, -99, -101, -102, -102, -101, -100, -99, -98, -97, -96, -95, -94, -93, -92, -91, -90, -89, -88, -87, -86, -85, -84, -83, -82, -81, -80, -79, -78, -77, -76, -75, -74, -73, -72, -71, -70, -69, -68, -67, -66, -65, -64, -63, -62, -61, -60, -59, -58, -57, -56, -5
target_str: -14, -53, -60, -71, -55, -42, -54, -66, -72, -87
mse: 1.482852393610472
mae: 1.1216015338739274
rsme: 1.21772426830152
----------------------
max value: 91.41004782265443
pred_str: 32, 24, 14, 8, 3, 0, 5, 8, 11, 14, 18, 21, 24, 26, 26, 23, 19, 12, 5, 0, -4, -7, -10, -12, -13, -13, -12, -11, -9, -7, -5, -3, -1, 1, 4, 7, 10, 13, 16, 19, 22, 24, 25, 24, 22, 19, 15, 9, 3, -2, -4, -7, -10, -13, -14, -13, -12, -11, -9, -7, -5, -3, -1, 1, 4, 7, 10, 13, 16, 19, 22, 24, 25, 24, 22, 19, 15, 9, 3, -2, -4, -7, -10, -13, -14, -13, -12, -11, -9, -7, -5, -3, -1, 1, 4, 7, 10, 13, 16, 19, 22, 24, 25, 24, 22, 19, 15, 9, 3, -2, -4, -7, -10, -13, -14, -13, -12, -11, -9, -7, -5, -3, -1, 1, 4, 7, 10, 13, 16, 19, 22, 24, 25, 24, 22, 19, 15, 9, 3, -2, -4, -7, -10, -1
target_str: -18, -22, -24, -24, -22, -18, -11, 0, 17, 34
mse: 734.390984525994
mae: 23.675202386067497
rsme: 27.099649158725175
----------------------
max value: 1.5774595060334473
pred_str: 10, 16, 19, 23, 26, 27, 28, 30, 31, 32, 33, 34, 35, 36, 37, 38, 39, 40, 41, 42, 43, 44, 45, 46, 47, 48, 49, 50, 51, 52, 53, 54, 55, 56, 57, 58, 59, 60, 61, 62, 63, 64, 65, 66, 67, 68, 69, 70, 71, 72, 73, 74, 75, 76, 77, 78, 79, 80, 81, 82, 83, 84, 85, 86, 87, 88, 89, 90, 91, 92, 93, 94, 95, 96, 97, 98, 99, 100, 101, 102, 103, 104, 105, 106, 107, 108, 109, 110, 111, 112, 113, 114, 115, 116, 117, 118, 119, 120, 121, 122, 123, 124, 125, 126, 127, 128, 129, 130, 131, 132, 133, 134, 135, 136, 137, 138, 139, 140,
target_str: 92, 98, 87, 76, 57, 37, 17, 0, -13, -22
mse: 0.6921424778767061
mae: 0.7335186703055532
rsme: 0.8319510068968642
----------------------
max value: 125.1331162831952
pred_str: 59, 51, 43, 35, 28, 22, 17, 12, 9, 6, 3, 1, 3, 5, 8, 12, 17, 23, 29, 35, 41, 47, 53, 59, 65, 71, 77, 83, 89, 95, 101, 107, 113, 119, 125, 131, 137, 143, 149, 155, 161, 167, 173, 179, 185, 191, 197, 203, 209, 215, 221, 227, 233, 239, 245, 251, 257, 263, 269, 275, 281, 287, 293, 299, 305, 311, 317, 323, 329, 335, 341, 347, 353, 359, 365, 371, 377, 383, 389, 395, 401, 407, 413, 419, 425, 431, 437, 443, 449, 455, 461, 467, 473, 479, 485, 491, 497, 503, 509, 515, 521, 527, 533, 539, 545, 551, 557, 563, 569, 575,
target_str: 37, 42, 49, 59, 68, 72, 74, 72, 68, 65
mse: 2988.8556914171486
mae: 48.30138288531335
rsme: 54.67042794250973
----------------------
max value: 116.84188044500092
pred_str: 5, 16, 30, 40, 48, 54, 52, 46, 34, 14, -4, -15, -23, -31, -39, -41, -40, -36, -30, -25, -20, -15, -10, -7, -3, 0, 6, 12, 18, 26, 34, 44, 51, 55, 52, 48, 38, 24, 9, -2, -12, -21, -28, -34, -39, -41, -42, -42, -38, -33, -26, -19, -11, -4, 2, 10, 17, 24, 31, 38, 44, 48, 46, 42, 36, 26, 15, -2, -10, -19, -26, -31, -34, -35, -33, -30, -25, -20, -15, -10, -5, 0, 6, 11, 17, 24, 30, 36, 41, 43, 41, 36, 29, 22, 14, 3, -1, -9, -17, -25, -32, -36, -38, -36, -33, -28, -22, -16, -11, -6, 0, 5, 11, 16, 21, 26, 30, 34, 36, 35, 31, 25, 18, 9, -3, -12, -19, -25, -30, -33, -34, -32, -28, -22
target_str: -17, 3, 25, 45, 58, 64, 60, 50, 36, 20
mse: 139.66021601520146
mae: 9.931559837825082
rsme: 11.817792349470414
----------------------
AVG MSE: 1966.6776224408677
Median MSE: 1.481744461654531
AVG RMSE: 23.180452791489117
Median RMSE: 1.2172691791663872
AVG MAE: 20.057280898730852
Median MAE: 1.044732467822385
Number of False Outputs: 50
----------------------
