pred_str: -11, -16, -11, -11, -15, -10, -13, -14, -12, -10, -9, -12, -13, -15, -12, -10, -12, -11, -15, -11, -10, -12, -11
target_str: 1, 4, 7, 13, 25
mse: 0.00634080692019095
----------------------
pred_str: -5, -1, -2, -3, -1, 1, -1, 2, -4, 1, -4, 2, 2, 3, 1, 1, 2, 3, 1, 2, 3, 4, 3, 4, 3, 4
target_str: -19, -10, -5, -8, 7
mse: 0.000781144085108938
----------------------
pred_str: -6, -3, -2, -1, 0, -1, -1, -1, -1, -2, -2, -3, -3, -4, -4, -5, -5, -6, -6, -7, -7, -8, -8, -9, -9, -10, -10, -11, -11
target_str: 92, -15, -4, -9, -6
mse: 0.020522217403982006
----------------------
pred_str: -5, -3, -3, -3, -5, -3, -3, -5, -3, -5, -5, -3, -3, -3, -3, -3, -5, -5, -3, -3, -3, -5, -5, -3, -3, -5, -5, -5, -3, -5
target_str: -7, -6, -3, -3, -4
mse: 2.9162712510733675e-05
----------------------
pred_str: -23, -23, 10, 19, 55, 28, 12, 26
target_str: -11, -5, -18, -18, -21
mse: 0.01749137835375933
----------------------
pred_str: -14, 1, -2, -1, 1, 1, 1, 0, 1, 1, 1, 1, 1, 1, 1, 1, 1, 1, 1, 1, 1, 1, 1, 1, 1, 1, 1, 1, 1, 1, 1, 1, 1, 1, 1, 1, 1, 1, 1, 1, 1, 1, 1, 1, 1, 1, 1, 1, 1, 1, 1, 1, 1, 1, 1, 1, 1, 1, 1, 1, 1, 1, 1, 1, 1, 1, 1, 1, 1, 1, 1, 1, 1, 1, 1, 1, 1, 1, 1, 1, 1, 1, 1, 1, 1, 1, 1, 1, 1, 1, 1, 1, 1, 1, 1, 1, 1, 1, 1, 1, 1, 1, 1, 1, 1, 1, 1, 1, 1, 1, 1, 1, 1, 1, 1, 1, 1, 1, 1, 1, 1, 1, 1, 1, 1, 1, 1, 1, 1, 1, 1, 1, 1, 1, 1, 1, 1, 1, 1, 1, 1, 1, 1, 1, 1, 1, 1, 1, 1, 1, 1, 1, 1, 1, 1, 1, 1, 1, 1, 1, 1, 1, 1, 1, 1, 1, 1, 1, 1, 1, 
target_str: -7, -8, -9, -8, 7
mse: 0.0005499254359166922
----------------------
pred_str: -15, 2, 10, 23, 28, 33
target_str: -21, -45, -11, -17, -5
mse: 0.011196398553228107
----------------------
pred_str: -13, -11, -8, -1, -2, -10, -1, -11, -12, -13, -14, -15, -16
target_str: 34, 14, 0, -10, -11
mse: 0.006374135734488931
----------------------
pred_str: -4, -2, -4, -5, 0, 1, 1, 0, 1, 0, 0, 0, 1, 0, 0, 0, 0, 0, 0, 0, 0, 0, 0, 0, 0, 0, 0, 0, 0, 0, 0, 0, 0, 0, 0, 0, 0, 0, 0, 0, 0, 0, 0, 0, 0, 0, 0, 0, 0, 0, 0, 0, 0, 0, 0, 0, 0, 0, 0, 0, 0, 0, 0, 0, 0, 0, 0, 0, 0, 0, 0, 0, 0, 0, 0, 0, 0, 0, 0, 0, 0, 0, 0, 0, 0, 0, 0, 0, 0, 0, 0, 0, 0, 0, 0, 0, 0, 0, 0, 0, 0, 0, 0, 0, 0, 0, 0, 0, 0, 0, 0, 0, 0, 0, 0, 0, 0, 0, 0, 0, 0, 0, 0, 0, 0, 0, 0, 0, 0, 0, 0, 0, 0, 0, 0, 0, 0, 0, 0, 0, 0, 0, 0, 0, 0, 0, 0, 0, 0, 0, 0, 0, 0, 0, 0, 0, 0, 0, 0, 0, 0, 0, 0, 0, 0, 0, 0, 0, 0, 0, 0
target_str: -1, -2, 1, 6, 14
mse: 0.0007311508636619658
----------------------
pred_str: -14, 1, 0, 1, -13, 13, 1, 16, 1, 18, 13, 13, 1, 1, 1, 1, 1, 1, 1, 1, 1, 1, 1, 1, 1, 1, 1, 1, 1, 1, 1, 1, 1, 1, 1, 1, 1, 1, 1, 1, 1, 1, 1, 1, 1, 1, 1, 1, 1, 1, 1, 1, 1, 1, 1, 1, 1, 1, 1, 1, 1, 1, 1, 1, 1, 1, 1, 1, 1, 1, 1, 1, 1, 1, 1, 1, 1, 1, 1, 1, 1, 1, 1, 1, 1, 1, 1, 1, 1, 1, 1, 1, 1, 1, 1, 1, 1, 1, 1, 1, 1, 1, 1, 1, 1, 1, 1, 1, 1, 1, 1, 1, 1, 1, 1, 1, 1, 1, 1, 1, 1, 1, 1, 1, 1, 1, 1, 1, 1, 1, 1, 1, 1, 1, 1, 1, 1, 1, 1, 1, 1, 1, 1, 1, 1, 1, 1, 1, 1, 1, 1, 1, 1, 1, 1, 1, 1, 1, 1, 1, 1, 1, 1, 1, 1, 1, 1, 1, 
target_str: -12, -15, -7, -5, -22
mse: 0.0008873796806837533
----------------------
pred_str: 11, 14, 12, 13, 13, 12
target_str: -11, -12, -7, -11, -10
mse: 0.005470091646656188
----------------------
pred_str: -21, -33, -13, -3, -25, -21
target_str: 2, -5, -4, -8, -8
mse: 0.0035578509263095074
----------------------
pred_str: -10, -9, -9, -11, -11
target_str: -9, -11, -10, -5, -5
mse: 0.000162477969702659
----------------------
pred_str: -6, 2, -1, -3, -3, -1, -1, -3, -1, -1, -2, -1, -2, -2, -2, -3, -2, -2, -2, -2, -2, -2, -2, -2, -2, -2, -2, -2, -2, -2, -2, -2, -2, -2, -2, -2, -2, -2, -2, -2, -2, -2, -2, -2, -2, -2, -2, -2, -2, -2, -2, -2, -2, -2, -2, -2, -2, -2, -2, -2, -2, -2, -2, -2, -2, -2, -2, -2, -2, -2, -2, -2, -2, -2, -2, -2, -2, -2, -2, -2, -2, -2, -2, -2, -2, -2, -2, -2, -2, -2, -2, -2, -2, -2, -2, -2, -2, -2, -2, -2, -2, -2, -2, -2, -2, -2, -2, -2, -2, -2, -2, -2, -2, -2, -2, -2, -2, -2, -2, -2, -2, -2, -2, -2, -2, -2, -2, -2, -2, -2, -2, -2, -2, -2, -2, -2, -2, -2, -2, -2, -2, -2, -2, -2, -2, -2, -2, -2, -2, -2, -2, -2, -2, -2, -2, -2, -2, -2, -2, -2, -2, -2, -2, -2, -2, -2, -2, -2, -2, -2, -2
target_str: -2, 2, 9, 19, 31
mse: 0.0036578373692034523
----------------------
pred_str: -4, -4, -4, -4, -7, -3
target_str: -4, -2, -3, -1, 7
mse: 0.0004374406876610051
----------------------
pred_str: -3, -2, -4, -2, -2
target_str: 14, 11, 8, 4, 5
mse: 0.0014310559639195738
----------------------
pred_str: -3, -5, -4, -3, -2, -2, -1, 1, 2, 3, 4, 5, 6
target_str: -2, -2, 0, 0, -2
mse: 7.290678127683419e-05
----------------------
pred_str: -10, -1, 10, 4, 14
target_str: 29, -7, -21, -20, -26
mse: 0.009777840894670275
----------------------
pred_str: -13, -16, -15, 16, -19, -31
target_str: -6, -9, -10, -8, 3
mse: 0.002464249207156996
----------------------
pred_str: -92, -92, -92, -92, -92
target_str: -92, -92, -92, -92, -92
mse: 0.0
----------------------
pred_str: -1, -14, -16, -17, -17, -16, -16, -17, -16, -17, -16, -17, -17, -16, -16
target_str: 8, 49, -51, -31, -7
mse: 0.011604676528378379
----------------------
pred_str: -2, -4, -6, -8, -10, -11, -12, -13, -14
target_str: -1, 4, 9, 18, 26
mse: 0.004711861121377113
----------------------
pred_str: -12, -8, -12, -13, -12, -10, -8, -10, -6, -4, -13, -13, -12, -10, -8, -6, -12
target_str: -7, -8, -9, -4, -3
mse: 0.0004082779751502715
----------------------
pred_str: -15, -16, -16, -15, -18, -17
target_str: -14, -16, -14, -12, -14
mse: 6.2491526808715e-05
----------------------
pred_str: -6, -3, -5, 3, -1, 2, 2, 4, 4, 4, 4, 4, 4, 4, 4, 4, 4, 4, 4, 4, 4, 4, 4, 4, 4, 4, 4, 4, 4, 4, 4, 4, 4, 4, 4, 4, 4, 4, 4, 4, 4, 4, 4, 4, 4, 4, 4, 4, 4, 4, 4, 4, 4, 4, 4, 4, 4, 4, 4, 4, 4, 4, 4, 4, 4, 4, 4, 4, 4, 4, 4, 4, 4, 4, 4, 4, 4, 4, 4, 4, 4, 4, 4, 4, 4, 4, 4, 4, 4, 4, 4, 4, 4, 4, 4, 4, 4, 4, 4, 4, 4, 4, 4, 4, 4, 4, 4, 4, 4, 4, 4, 4, 4, 4, 4, 4, 4, 4, 4, 4, 4, 4, 4, 4, 4, 4, 4, 4, 4, 4, 4, 4, 4, 4, 4, 4, 4, 4, 4, 4, 4, 4, 4, 4, 4, 4, 4, 4, 4, 4, 4, 4, 4, 4, 4, 4, 4, 4, 4, 4, 4, 4, 4, 4, 4, 4, 4, 4, 4, 4, 4
target_str: -15, -4, -8, -3, -3
mse: 0.00027287966706472216
----------------------
