pred_str: 15, 0, -15, -10, -16, -13, -16, -13, -18, -15, -15, -13, -13, -13, -10, -15, -17, -21, -13, -27, 11, 55, -47, -36, 1, -24, -10, -11
target_str: -12, -15, -7, -5, -22, -34, -18, -12, -27, -32, -48, -22, -21, -40, -32, -29, -6, -29, -28, -7, -2, -3, -38, -28, -27
mse: 0.00534839908200867
----------------------
pred_str: 24, 6, -13, -6, -6, -3, -4, -3, -2, 0, 3, 10, 21, 30, 27, 15, 1, -3, -5, -5, -5, -5, -5, -5, -4, -5, -5, -5, -5, -5, -5, -5, -5, -5, -5, -5, -5, -5, -5, -5, -5, -5, -5, -5, -5, -5, -5, -5, -5, -5, -5, -5, -5, -5, -5, -5, -5, -5, -5, -5, -5, -5, -5, -5, -5, -5, -5, -5, -5, -5, -5, -5, -5, -5, -5, -5, -5, -5, -5, -5
target_str: 92, -15, -4, -9, -6, -7, -4, -2, 0, 3, 13, 22, 30, 29, 16, 5, -1, -5, -6, -6, -7, -5, -6, -6, -6
mse: 0.0031359828256589074
----------------------
pred_str: 2, -13, -10, -10, -14, -12, -11, -12, -12, -12, -11, -12, -12, -12, -12, -12, -12, -12, -12, -12, -12, -12, -12, -12, -12, -12, -12
target_str: -7, -8, -9, -8, 7, 9, -6, -20, -11, -13, -8, -17, 73, 45, -25, -5, -16, -11, -10, -4, 2, -2, 5, 22, 41
mse: 0.008965792344916674
----------------------
pred_str: 100, -13, -10, -11, -10, 1, 11, 17, 27, 49, 59, 52, 34, 11, -1, -13, -16, -16, -19, -16, -21, -18, -18, -16, -12, -5, -24, -21, -27, 12, 92, -27, -13, -4, -1, 1, 8, 13, 24, 41, 56, 48, 23, 3, -12, -17, -18, -15, -15, -16, -16, -14, -14, -10, -6, 0, -19, -16, -31, 9, 89, -40, -10, -8, -10, -1, 4, 7, 12, 25, 44, 56, 50, 30, 4, -12, -17, -22, -18, -20, -22, -22, -22, -21, -17, -11, -5, -29, -23, -35, 11, 87, -35, -13, -12, -1, -1, 4, 9, 17, 29, 45, 52, 41, 26, 1, -13, -18, -18, -16, -17, -17, -18, -16, -14, -10, -5, 1, -19, -18, -30, 13, 89, -39, -14, -10, -2, -2, 3, 8, 15, 28, 43, 51, 44,
target_str: -16, 72, -56, -26, -25, -19, -12, -13, -4, 9, 28, 39, 33, 7, -17, -26, -29, -26, -25, -21, -19, -16, -7, -1, -3
mse: 0.016341785329676645
----------------------
pred_str: 3, -8, -14, -17, -19, -21, -25, -26, -26, -28, -28, -28, -27, -28, -28, -28, -30, -27, -29, -28, -31, -30, -32, -33
target_str: -2, -6, -2, -3, -3, -4, -3, -4, -4, -5, -2, -6, -6, -7, -4, -10, -7, -11, -6, -6, -6, -10, -4, -8, -8
mse: 0.005524498256676233
----------------------
pred_str: 21, 28, 35, 38, 23, -1, -7, -7, -8, -8, -8, -7, -8, -9, -9, -9, -9, -9, -9, -9, -10, -10, -11, -12, -11, -12, -12, -12, -12, -12, -12, -12, -13, -12, -12, -13
target_str: -1, 4, 9, 18, 26, 36, 40, 26, 3, -7, -11, -11, -10, -11, -9, -9, -8, -7, -10, -11, -12, -10, -9, -11, -13
mse: 0.00381093879543737
----------------------
pred_str: 11, -15, -11, -15, -15, -13, -13, -15, -15, -17, -17, -17, -17, -15, -16, -14, -15, -16, -17, -19, -20, -27, 43, 84, -22, -11, -17, -11, -13, -10, -6, 5
target_str: -9, -8, -10, -10, -13, -11, -8, -7, -11, -12, -14, -11, -9, -11, -3, -11, -13, -14, -8, -22, 54, 90, -13, -3, -10
mse: 0.016916424741749748
----------------------
pred_str: 0, -5, -7, -9, -9, -10, -10, -11, -10, -10, -10, -10, -10, -11, -11, -12, -11, -12, -12, -12, -12, -12, -12, -12, -13, -13, -14, -14, -13, -15, -15, -15, -16
target_str: -7, -6, -3, -4, -7, -6, -7, -7, -6, -7, -7, -7, -7, -3, 3, 7, -4, -6, -7, -11, -2, 96, -2, -15, -2
mse: 0.0070406957946034625
----------------------
pred_str: 1, -13, -13, -15, -15, -13, -10, -13, -12, -14, -15, -14, -16, -18, -20, -21, -22, -19, -15, -12, -11, -10, -10, -9, -11, -11, -10, -10, -11, -12, -12, -13, -12, -13, -13
target_str: -9, -11, -10, -5, -5, 0, -3, -12, -10, -17, -9, -26, 41, 65, -31, -5, -12, 0, -3, -1, 3, 12, 17, 30, 36
mse: 0.00932562347581634
----------------------
pred_str: 19, -14, -5, -2, -6, -1, 0, 1, -6, -7, -11, -17, -24, -27, -27, -28, -30, -30, -29, -31, -25, -28, -30, -27, -29, -30, -30, -25
target_str: -10, -14, -25, -18, -35, 19, 42, -99, -43, -29, -23, -22, -17, -9, 8, 31, 43, 29, 3, -17, -18, -24, -31, -24, -25
mse: 0.01729588302524394
----------------------
pred_str: -2, -17, -11, -8, -10, -7, -8, 1, 15, 27, 31, 16, -1, -7, -9, -8, -9, -9, -7, -6, -6, -8, -6, -8, -6, -5, -7, -5, -3, 1, -13, 0, -27, 54, 83, -48, -2, -22, -7, -15, -7, -9, 0, 15, 29, 32, 13, -3, -7, -11, -11, -11, -10, -8, -9, -7, -7, -7, -8, -7, -7, -8, -7, -7, -7, -6, -3
target_str: -15, -4, -8, -3, -3, 6, 16, 33, 37, 27, 5, -5, -6, -9, -8, -6, -3, -1, -4, -5, -6, -4, -5, -3, 9
mse: 0.0022909248667278724
----------------------
pred_str: 0, 1, -13, -13, -17, -12, -16, -16, -14, -13, -12, -13, -12, -11, -11, -11, -11, -11, -11, -11, -11, -11, -11, -11, -12, -11, -11
target_str: -11, -12, -7, -11, -10, -5, -11, -6, -5, 0, 6, 17, -7, -3, -10, 0, -9, 78, 80, -36, 5, -4, 5, 6, 2
mse: 0.01096667151219209
----------------------
pred_str: 14, 2, 11, 23, 38, 56, 66, 67, 67, 48, 4, -1, -10, -13, -14, -14, -13, -11, -10, -11, -12, -12, -14, -12, -12, -12, -13, -12, -12, -13, -13, -14, -14, -13, -11, -14, -10, -26, 10, -59, 1, -4, 11, 11, 24, 41, 52, 55, 28, 2, -1, -11, -14, -15, -14, -13, -12, -12, -13, -12, -13, -13, -13, -12, -13, -12, -13, -13, -12, -12, -13, -12, -13, -13, -13, -13, -12, -13, -13, -12, -14, -14, -13, -11, -10, -23, 10, -67, 0, -10, 2, 3, 7, 10, 20, 36, 47, 58, 46, 16, 2, -11, -16, -15, -16, -16, -14, -13, -14, -14, -14, -14, -14, -14, -14, -14, -14, -14, -13, -14, -13, -13, -14, -13, -13, -13, -13, -13, -13, -13, -13, -
target_str: -12, -19, -17, -18, -17, -17, -15, -10, -11, -9, -13, -13, -11, -10, -12, -10, -9, -7, -3, -3, -6, -10, -1, -21, 59
mse: 0.021643297324931723
----------------------
pred_str: 1, -10, -10, -8, -7, -4, -10, -11, -11, -11, -8, -8, -6, -7, -8, -6, -5, 5, 3, -9, -13, -16, -21, 82, 64, -19, -10, -12, -3, -6, -3, -1, 0, 3, 9, 18, 21, 15, 4, 2, -7, -9, -11, -12, -8, -6, -7, -3, -5, -6, -6, -5, -5, -5, -3, 3, 7, -10, -15, -14, -23, 84, 77, -23, -4, -12, -3, -6, -4, 0, 2, 11, 20, 19, 10, 2, -4, -8, -12, -14, -9, -7, -5, -6, -5, -5, -4, -5, -5, -4, -4, -2, 2, 6, -9, -13, -15, -30, 84, 84, -18, -10, -9, -2, -5, -2, 1, 4, 10, 18, 21, 13, 3, 0, -6, -9, -12, -13, -11, -6, -5, -4, -3, -3, -4, -3, -3, -2, 2, 4, -7, -13, -17, -30, 76, 65, -22, -8, -10, -4, -2, -2, -1, 1, 3, 8, 17, 22, 15, 2, 0, -6,
target_str: -1, 1, 9, -2, -9, -9, -11, -12, 10, 92, 4, -10, -8, -9, -4, -4, 0, -1, 4, 9, 16, 21, 19, 9, -3
mse: 0.01406230963529558
----------------------
pred_str: 3, 10, 19, 30, 38, 35, 20, 6, -5, -7, -8, -8, -6, -5, -5, -6, -7, -7, -7, -8, -7, -8, -7, -10, -10, -10, -11, -9, -12, -13, -13, -13, -11, -13, -13, -13
target_str: -2, 2, 9, 19, 31, 36, 35, 19, 4, -4, -6, -9, -8, -10, -9, -10, -9, -10, -9, -10, -10, -9, -10, -9, -10
mse: 0.0005184839477054276
----------------------
pred_str: 1, -2, -13, -12, -12, -17, -18, -18, -16, -15, -11, -10, -5, 2, -4, -15, -14, -16, 17, 67, -36, -18, -10, -9, -7, -3, 5, 13, 22, 37, 47, 37, 14, -1, -7, -8, -8, -10, -10, -9, -7, -11, -10, -11, -12, -12, -12, -13, -13
target_str: -1, -3, -7, -23, -9, -13, 83, 24, -43, 0, -17, -2, -7, 1, 6, 19, 33, 42, 46, 33, 12, -5, -12, -8, -6
mse: 0.013366090916873045
----------------------
pred_str: 16, -1, -14, -13, -12, -1, 0, 1, 12, 21, 31, 39, 24, -2, -7, -11, -7, -5, -6, -7, -5, -3, -7, -10, -5, -10, -11, -11, -16, 78, 35, -13, -3, -15, -3, -4, 0, 10, 18, 31, 39, 26, 2, -4, -10, -9, -9, -7, -6, -5, -8, -7, -5, -6, -8, -4, -5, -9, -7, -10, -11, -11
target_str: 21, 105, -6, -3, -3, -3, -1, 2, 9, 14, 18, 31, 41, 39, 22, 3, -7, -2, -6, -9, -3, -7, 2, -6, -7
mse: 0.00814744912146153
----------------------
pred_str: 1, -11, -12, -11, -11, -11, -11, -11, -11, -12, -11, -11, -11, -11, -11, -12, -11, -12, -11, -11, -11, -11, -11, -12, -12, -12, -12, -12, -12, -12, -12, -12, -12, -12, -12, -12, -12, -12
target_str: 1, 4, 7, 13, 25, 35, 45, 38, 18, -3, -11, -11, -15, -10, -15, -11, -12, -11, -10, -11, -14, -10, -12, -17, -12
mse: 0.006054976575411652
----------------------
pred_str: 26, 21, 12, 11, 11, 11, 12, 14, 13, 14, 15, 15, 15, 15, 16, 16, 16, 16, 16, 16, 17, 17, 17, 18, 18, 18, 18, 18, 18, 18, 19, 19, 19, 20, 20, 20, 20, 21, 22, 23, 23, 23, 23, 23, 24, 24, 24, 24, 25, 26, 26, 26, 27, 27, 27, 27, 28, 29, 29, 30, 30, 30, 30, 31, 31, 32, 33, 33, 33, 33, 34, 35, 36, 36, 37, 38, 39, 39, 40, 41, 42, 42, 43, 43, 43, 44, 44, 44, 44, 45, 46, 46, 47, 47, 47, 48, 48, 48, 49, 49, 49, 49, 49, 50, 50, 50, 51, 51, 52, 52, 53, 53, 54, 54, 54, 54, 55, 55, 55, 55, 55, 56, 56, 56, 57, 57, 57, 57, 
target_str: 20, 24, 33, 43, 52, 48, 34, 23, 23, 21, 9, -2, -7, -14, -17, -20, -24, -26, -26, -28, -30, -31, -30, -26, -31
mse: 0.01495589027702975
----------------------
pred_str: 0, 1, -18, -24, -26, -27, -17, -19, -14, -20, -11, -24, -21, -23, -23, -13, -20, -21, -26, -13, -24, -28, -22, -18, -15
target_str: 8, 49, -51, -31, -7, -2, -5, 2, 13, 23, 38, 51, 85, 85, 69, 28, -8, -19, -30, -28, -25, -14, -21, -17, -21
mse: 0.026905555014997744
----------------------
pred_str: 0, -3, -8, -11, -2, 100, 25, -18, -4, -8, -4, -4, 0, 2, 9, 15, 19, 12, -1, -7, -8, -7, -7, -8, -8, -8, -8, -7, -7, -7, -8, -8, -6, -5, -5, -11, -10, -23, 68, 83, -14, -3, -9, -3, -3, 0, 2, 9, 15, 21, 15, 7, -2, -6, -7, -7, -7, -7, -7, -7, -7, -7, -7, -7, -7, -7
target_str: -7, -6, -3, -3, -4, -5, -11, -5, -20, 75, 72, -17, 1, -9, -3, -3, 0, 5, 11, 17, 22, 17, 3, -4, -5
mse: 0.015839112143783474
----------------------
pred_str: 1, -2, -3, -4, -3, -4, -4, -3, -3, -4, -3, -4, -4, -3, -4, -4, -3, -4, -4, -3, -4, -4, -3, -3, -3, -3, -3, -4, -3, -4, -4, -4, -5
target_str: -2, -2, 0, 0, -2, -1, -2, -1, -2, -2, -3, -3, -4, -4, -2, 0, 4, -2, -2, -10, 0, -22, 17, 112, 21
mse: 0.008028595808528003
----------------------
pred_str: 10, -14, -14, -13, -11, -14, -13, -11, -12, -12, -12, -13, -10, -10, -13, -13, -14, -13, -13, -12, -13, -11, -11, -11, -13, -13, -11, -14, -13
target_str: -11, -5, -18, -18, -21, -9, -16, -33, -26, -26, -24, -15, -28, 48, 96, -16, -13, -12, -10, -12, -7, -6, 0, 12, 32
mse: 0.01092905280305258
----------------------
pred_str: 0, -10, -9, -10, -10, -10, -10, -11, -12, -13, -14, -15, -15, -14, -14, -15, -16, -16, -16, -16, -17, -17, -17, -17, -16, -15, -14, -14, -12, -11, -11, -12, -11, -11, -11, -11, -12
target_str: -5, -6, -9, -8, -6, -2, 1, -9, -13, -14, -19, -13, -24, 94, 27, -29, -4, -16, -6, -6, -1, 1, 14, 26, 32
mse: 0.01087180694131854
----------------------
pred_str: 41, 11, -12, -16, -17, -16, -16, -15, -16, -12, -10, 12, 24, -10, -15, -28, 15, 92, -38, -23, -12, -5, 0, 11, 32, 46, 67, 76
target_str: 29, -7, -21, -20, -26, -25, -24, -25, -27, -28, -34, -32, -33, -31, -27, -25, -28, -36, -21, -4, 8, -4, -26, -12, -20
mse: 0.016800842620915312
----------------------
