pred_str: -14, -12, -12, -11, -10
target_str: 1, 4, 7, 13, 25
mse: 0.005505503511847793
----------------------
pred_str: -5, -11, -2, 13, 17
target_str: -19, -10, -5, -8, 7
mse: 0.001556039017537004
----------------------
pred_str: -2, 1, 23, 14, 5 
target_str: 92, -15, -4, -9, -6
mse: 0.02181162590713516
----------------------
pred_str: -6, -6, -7, -7, -7
target_str: -7, -6, -3, -3, -4
mse: 8.748813753220103e-05
----------------------
pred_str: -12, -10, -7, -1, 0
target_str: -11, -5, -18, -18, -21
mse: 0.0018268356337081022
----------------------
pred_str: -11, -12, -5, -13, -9
target_str: -7, -8, -9, -8, 7
mse: 0.0006853237440022414
----------------------
pred_str: -77, -58, -14, -14, -13
target_str: -21, -45, -11, -17, -5
mse: 0.007055293376703927
----------------------
pred_str: 43, 28, 21, 3, -2
target_str: 34, 14, 0, -10, -11
mse: 0.002016393265027871
----------------------
pred_str: -5, 1, 6, 8, 14
target_str: -1, -2, 1, 6, 14
mse: 0.00011248474825568705
----------------------
pred_str: -2, -15, -22, -25, -23
target_str: -12, -15, -7, -5, -22
mse: 0.0015122949487709032
----------------------
pred_str: -14, -11, -12, -12, -11
target_str: -11, -12, -7, -11, -10
mse: 7.707288306408188e-05
----------------------
pred_str: -12, -10, -12, -10, -12
target_str: 2, -5, -4, -8, -8
mse: 0.0006353305225552694
----------------------
pred_str: -9, -10, -10, -10, -11
target_str: -9, -11, -10, -5, -5
mse: 0.00012914915540467769
----------------------
pred_str: -3, 2, 2, 5, 5
target_str: -2, 2, 9, 19, 31
mse: 0.001920572923921175
----------------------
pred_str: -1, 1, -3, 4, 17
target_str: -4, -2, -3, -1, 7
mse: 0.0002978762777882082
----------------------
pred_str: 18, 20, 22, 23, 24
target_str: 14, 11, 8, 4, 5
mse: 0.0021142966570281913
----------------------
pred_str: -5, -4, -4, -4, -4
target_str: -2, -2, 0, 0, -2
mse: 0.00010206949378756786
----------------------
pred_str: 52, 12, -17, -13, -25
target_str: 29, -7, -21, -20, -26
mse: 0.0019913966543043853
----------------------
pred_str: -11, -11, -15, -17, -19
target_str: -6, -9, -10, -8, 3
mse: 0.0012894085031531534
----------------------
pred_str: -92, -92, -92, -92, -92
target_str: -92, -92, -92, -92, -92
mse: 0.0
----------------------
pred_str: -21, -21, -22, -22, -21
target_str: 8, 49, -51, -31, -7
mse: 0.014287646079365873
----------------------
pred_str: -7, -8, -8, -10, -9
target_str: -1, 4, 9, 18, 26
mse: 0.0051618001143998605
----------------------
pred_str: -5, -6, -5, -5, -4
target_str: -7, -8, -9, -4, -3
mse: 5.415932323421967e-05
----------------------
pred_str: -18, -19, -18, -19, -18
target_str: -14, -16, -14, -12, -14
mse: 0.00022080339472412648
----------------------
pred_str: -3, -13, -5, -4, -6
target_str: -15, -4, -8, -3, -3
mse: 0.0005082644180442154
----------------------
