pred_str: -13, -12, -11, -14, -11, -12, -11, -10, -10, -10
target_str: -6, -9, -10, -8, 3, -1, 0, -16, -10, -22
mse: 0.0013096016187172364
----------------------
pred_str: -12, -12, -12, -11, -12, -12, -11, -11, -12, -11, -12
target_str: -12, -19, -17, -18, -17, -17, -15, -10, -11, -9
mse: 0.00035816594060289074
----------------------
pred_str: -18, -19, -23, -15, -24, -14, -21, -18, -22, -14
target_str: 8, 49, -51, -31, -7, -2, -5, 2, 13, 23
mse: 0.018409729346988583
----------------------
pred_str: -4, -7, -9, -15, -14, -13, -16, -18, -20, -19, -15, -15, -15, -17
target_str: 29, -7, -21, -20, -26, -25, -24, -25, -27, -28
mse: 0.0032859429114798534
----------------------
pred_str: -5, -6, -6, -5, -5, -5, -5, -5, -5, -5
target_str: 0, 5, 5, -11, 1, -23, 26, 87, -36, -6
mse: 0.02029606996749714
----------------------
pred_str: 14, 12, 10, 2, -1, -1, -1, -3, -3, -3
target_str: 14, 11, 8, 4, 5, -3, 23, 103, -5, -26
mse: 0.022764659835037063
----------------------
pred_str: -6, -5, -6, -5, -5, -6, -6, -5, -5, -5, -5
target_str: -2, -2, 0, 0, -2, -1, -2, -1, -2, -2
mse: 0.0003122472302691867
----------------------
pred_str: -9, -10, -10, -11, -10, -10, -11, -11, -11, -11, -10
target_str: 1, 4, 7, 13, 25, 35, 45, 38, 18, -3
mse: 0.019934230530067553
----------------------
pred_str: -1, -14, 2, 12, 10, 16, 22, 41, 62, 85, 81, 62, 28, -10, -15, -22, -27, -22, -19, -13, -11
target_str: -12, -15, -7, -5, -22, -34, -18, -12, -27, -32
mse: 0.055166738594911904
----------------------
pred_str: -9, -11, -10, -11, -10, -9, -9, -8, -9, -10, -9
target_str: -1, 1, 9, -2, -9, -9, -11, -12, 10, 92
mse: 0.021005054855049526
----------------------
pred_str: -12, -10, -10, -9, -11, -9, -10, -10, -10, -11, -11, -11
target_str: -1, 4, 9, 18, 26, 36, 40, 26, 3, -7
mse: 0.016130324566023514
----------------------
pred_str: -4, -4, -3, -3, -4, -3, -4, -2, -3, -3, -3
target_str: -10, -14, -25, -18, -35, 19, 42, -99, -43, -29
mse: 0.029555118719185203
----------------------
pred_str: -7, -11, -14, -13, -15, -13, -13, -11, -10, -14, -12, -10
target_str: 0, 4, 13, 27, 49, 70, 75, 59, 23, -1
mse: 0.05049221388294084
----------------------
pred_str: 0, -13, -7, -8, -9, -7, -9, -8, -9, -8, -7, -7
target_str: 34, 14, 0, -10, -11, -9, -11, -10, -5, -6
mse: 0.0036257413679492622
----------------------
pred_str: -5, -3, -5, -4, 0, 3, 5, 11, 18, 15, 2, -1, -3, -2
target_str: -1, -2, 1, 6, 14, 16, 12, 4, -1, -3
mse: 0.0023896096857659527
----------------------
pred_str: -9, -8, -8, -8, -8, -8, -7, -7, -8, -9, -9
target_str: -9, -11, -10, -5, -5, 0, -3, -12, -10, -17
mse: 0.00037469667632302405
----------------------
pred_str: 1, 1, 3, 5, 8, 11, 14, 18, 25, 32
target_str: -16, 72, -56, -26, -25, -19, -12, -13, -4, 9
mse: 0.027125100568325587
----------------------
pred_str: 15, 18, 2, -14, -10, -12, -12, -11, -11, -12, -11, -13
target_str: -5, -14, -16, -5, 83, -41, -55, -10, -15, -6
mse: 0.024283650772875982
----------------------
pred_str: -5, -4, -5, -5, -6, -4, -5, -4, -5, -4, -6, -6
target_str: -2, 2, 9, 19, 31, 36, 35, 19, 4, -4
mse: 0.011013143486435551
----------------------
pred_str: -13, -15, -15, -12, -14, -12, -11, -14, -11, -13
target_str: -11, -12, -7, -11, -10, -5, -11, -6, -5, 0
mse: 0.0007567403462994407
----------------------
pred_str: -12, -12, -10, -13, -11, -14, -13, -12, -13, -12, -11
target_str: -28, -10, -8, -3, 0, 3, 22, 31, 42, 73
mse: 0.02589447913138232
----------------------
pred_str: -11, -11, -12, -12, -12, -13, -11, -12, -12, -13, -12
target_str: 2, -5, -4, -8, -8, -8, -9, -2, 3, 3
mse: 0.001673277804560171
----------------------
pred_str: 0, -1, -5, -5, -6, -1, -4, -4, -1, -1, -5
target_str: -19, -10, -5, -8, 7, -85, -67, 1, -12, 7
mse: 0.021774652440242404
----------------------
pred_str: -11, -6, -7, -7, -7, -8, -8, -9, -8, -8, -8, -7
target_str: -7, -6, -3, -4, -7, -6, -7, -7, -6, -7
mse: 0.00010102116273414869
----------------------
pred_str: -4, -2, -3, -2, -1, 1, 9, 20, 36
target_str: -1, -3, -7, -23, -9, -13, 83, 24, -43, 0
mse: 0.022885885230318037
----------------------
