pred_str: -11, -2, 1, 11, 12, 16, 26, 19, 24, 12, 13, 10, 11, 20, 16, 16, 17, 17, 15, 15, 15, 12, 10, 12, 15, 18, 17, 12, 15, 16, 16, 17, 13, 15, 14, 14, 15, 15, 12, 11, 15, 16, 14, 16, 17, 15, 14, 13, 15, 15, 15, 15, 12, 12, 12, 12, 13, 12, 13, 14, 12, 14, 14, 12, 12, 12, 12, 13, 14, 15, 12, 12, 14, 12, 12, 14, 14, 12, 12, 12, 12, 12, 12, 12, 12, 12, 12, 12, 12, 12, 12, 12, 12, 12, 12, 12, 12, 12, 12, 12, 12, 12, 12, 12, 12, 12, 12, 12, 12, 12, 12, 12, 12, 12, 12, 12, 12, 12, 12, 12, 12, 12, 12, 12, 12, 12, 12, 12, 1
target_str: -6, -9, -10, -8, 3, -1, 0, -16, -10, -22
mse: 0.00943905009619618
----------------------
pred_str: 0, 2, 4, 12, 21, 33, 46, 64, 54, 19, 0, -9, -8, -9, -9, -9, -9, -7, -7, -3, -3, -13, -5, -10, -10, -6, -11, -3, 1, -6, -14, -2, -24, 54, 73, -94, -16, -7, 1, 4, 8, 11, 23, 40, 52, 58, 30, 0, -4, -10, -12, -14, -14, -12, -11, -11, -11, -12, -15, -15, -13, -13, -15, -14, -13, -14, -7, -12, -13, -20, -11, -14, 94, -36, -75, -3, -12, 0, -3, 8, 11, 27, 45, 55, 44, 2
target_str: -12, -19, -17, -18, -17, -17, -15, -10, -11, -9
mse: 0.03687456114637762
----------------------
pred_str: -1, -1, 0, 0, 1, 1, 1, 1, 1, 1, 2, 1, 2, 3, 3, 3, 3, 4, 3, 4, 4, 5, 3, 5, 6, 5, 7, 5, 8, 5, 9, 5, 10, 5, 11, 5, 12, 5, 13, 5, 14, 5, 15, 5, 16, 5, 17, 5, 18, 5, 19, 5, 20, 5, 21, 5, 22, 5, 23, 5, 24, 5, 25, 5, 26, 5, 27, 5, 28, 5, 29, 5, 30, 5, 31, 5, 32, 5, 33, 5, 34, 5, 35, 5, 36, 5, 37, 5, 38, 5, 39, 5, 40, 5, 41, 5, 42, 5, 43, 5, 44, 5, 45, 5, 46, 5, 47, 5, 48, 5, 49, 5, 50, 5, 51, 5, 52, 5, 53, 5, 54, 5, 55, 5, 56, 5, 57, 5, 58, 5, 59, 5, 60, 5, 61, 5, 62, 5, 63, 5, 64, 5, 65, 5, 66, 5, 67, 5, 68, 5, 69
target_str: 8, 49, -51, -31, -7, -2, -5, 2, 13, 23
mse: 0.012638665832248671
----------------------
pred_str: -19, -14, -22, -16, -20, -25, -13, -14, -11, -11, -20, -16, -15, -21, -24, -13, -18, -20, -16, -19, -24, -19, -22, -22, -17, -17, -19, -20, -14, -17, -20, -16, -14, -16, -12, -21, -15, -20, -18, -15, -15, -18, -14, -15, -20, -17, -16, -19, -17, -16, -14, -13, -15, -13, -15, -17, -20, -20, -16, -20, -16, -15, -14, -18, -19, -16, -14, -18, -18, -16, -14, -17, -18, -16, -13, -18, -21, -20, -14, -16, -15, -19, -18, -18, -17, -16, -14, -15, -18, -18, -17, -19, -14, -18, -18, -17, -15, -17, -17, -19, -17, -15, -17, -16, -18, -15, -19, -16, -17, -17, -17, -15, -18, -16, -18, -19, -15, -19, -18, -17, -15, -17, -16, -16, -15, -16, -14, -16,
target_str: 29, -7, -21, -20, -26, -25, -24, -25, -27, -28
mse: 0.005864737683820667
----------------------
pred_str: -1, -2, -4, -5, -6, -6, -4, -5, -3, -6, -6, -5, -3, -5, -4, -5, -3, -5, -5, -4, -3, -5, -4, -6, -6, -5, -6, -5, -5, -6, -6, -6, -5, -5, -4, -6, -6, -5, -5, -5, -5, -5, -5, -5, -5, -5, -5, -5, -5, -5, -5, -5, -5, -5, -5, -5, -5, -5, -5, -5, -5, -5, -5, -5, -5, -5, -5, -5, -5, -5, -5, -5, -5, -5, -5, -5, -5, -5, -5, -5, -5, -5, -5, -5, -5, -5, -5, -5, -5, -5, -5, -5, -5, -5, -5, -5, -5, -5, -5, -5, -5, -5, -5, -5, -5, -5, -5, -5, -5, -5, -5, -5, -5, -5, -5, -5, -5, -5, -5, -5, -5, -5, -5, -5, -5, -5, -5, -5, -5, -5, -5, -5, -5, -5, -5, -5, -5, -5, -5, -5, -5, -5, -5, -5, -5, -5, -5, -5, -5, -5, -5, -5, -5, -5, -5, -5, -5, -5, -5, -5, -5, -5, -5, -5, -5, -5, -5, -5, -5, -5, -5
target_str: 0, 5, 5, -11, 1, -23, 26, 87, -36, -6
mse: 0.020127089113469113
----------------------
pred_str: -2, -1, 1, 0, 2, 2, 1, 1, 2, 2, 0, 0, 0, 0, 1, 1, 1, 2, 1, 2, 1, 1, 2, 1, 2, 2, 2, 2, 2, 2, 2, 2, 2, 2, 2, 2, 2, 2, 2, 2, 2, 2, 2, 2, 2, 2, 2, 2, 2, 2, 2, 2, 2, 2, 2, 2, 2, 2, 2, 2, 2, 2, 2, 2, 2, 2, 2, 2, 2, 2, 2, 2, 2, 2, 2, 2, 2, 2, 2, 2, 2, 2, 2, 2, 2, 2, 2, 2, 2, 2, 2, 2, 2, 2, 2, 2, 2, 2, 2, 2, 2, 2, 2, 2, 2, 2, 2, 2, 2, 2, 2, 2, 2, 2, 2, 2, 2, 2, 2, 2, 2, 2, 2, 2, 2, 2, 2, 2, 2, 2, 2, 2, 2, 2, 2, 2, 2, 2, 2, 2, 2, 2, 2, 2, 2, 2, 2, 2, 2, 2, 2, 2, 2, 2, 2, 2, 2, 2, 2, 2, 2, 2, 2, 2, 2, 2, 2, 2, 2, 2, 2
target_str: 14, 11, 8, 4, 5, -3, 23, 103, -5, -26
mse: 0.02244506561111448
----------------------
pred_str: -4, -6, -6, -4, -6, -6, -6, -4, -6, -4, -6, -5, -4, -6, -5, -4, -5, -5, -4, -6, -4, -4, -5, -6, -4, -5, -5, -6, -5, -5, -6, -6, -5, -4, -6, -6, -4, -6, -5, -5, -6, -5, -6, -5, -6, -6, -6, -6, -5, -6, -5, -6, -6, -5, -5, -5, -6, -6, -5, -5, -5, -6, -6, -6, -6, -6, -6, -6, -6, -5, -6, -5, -5, -6, -5, -6, -6, -5, -6, -6, -6, -5, -6, -6, -5, -6, -6, -6, -5, -5, -5, -5, -5, -5, -6, -5, -5, -5, -5, -6, -6, -6, -6, -6, -5, -6, -5, -5, -6, -6, -5, -5, -5, -6, -6, -6, -6, -6, -5, -5, -5, -5, -5, -5, -5, -5, -6, -5, -5, -5, -5, -5, -5, -6, -6, -6, -6, -6, -5, -6, -6, -5, -6, -6, -6, -5, -6, -6, -6, -6, -5, -5, -6, -6, -5, -6, -6, -5, -5, -5, -5, -6, -6, -6, -6, -6, -6, -6, -6, -5, -6
target_str: -2, -2, 0, 0, -2, -1, -2, -1, -2, -2
mse: 0.0002902062493090088
----------------------
pred_str: -4, -7, -7, -12, -11, -7, -12, -15, -14, -6, -8, -12, -11, -10, -11, -10, -11, -10, -8, -13, -12, -13, -11, -11, -11, -12, -12, -12, -12, -12, -12, -12, -12, -11, -12, -12, -12, -12, -12, -12, -12, -12, -12, -12, -12, -12, -12, -12, -12, -12, -12, -12, -12, -12, -12, -12, -12, -12, -12, -12, -12, -12, -12, -12, -12, -12, -12, -12, -12, -12, -12, -12, -12, -12, -12, -12, -12, -12, -12, -12, -12, -12, -12, -12, -12, -12, -12, -12, -12, -12, -12, -12, -12, -12, -12, -12, -12, -12, -12, -12, -12, -12, -12, -12, -12, -12, -12, -12, -12, -12, -12, -12, -12, -12, -12, -12, -12, -12, -12, -12, -12, -12, -12, -12, -12, -12, -12, -12, -12, -12
target_str: 1, 4, 7, 13, 25, 35, 45, 38, 18, -3
mse: 0.020420968859604816
----------------------
pred_str: -13, -18, 0, 16, -44, -28, 0, 5, -1, -9, -8, 5, 31, 52, 66, 85, 74, 46, 2, -11, -13, -2, -7, -11, -16, -18, 6, -7, 0, -17, 4, -19, -1, -18, -3, -6, -8, -20, -19, -11, -19, -1, -10, -11, 1, 18, -6, -17, -11, -25, 13, 48, -49, -37, 11, -11, -1, -10, -11, 1, 18, -6, -17, -11, -25, 13, 48, -49, -37, 11, -11, -1, -10, -11, 1, 18, -6, -17, -11, -25, 13, 48, -49, -37, 11, -11, -1, -10, -11, 1, 18, -6, -17, -11, -25, 13, 48, -49, -37, 11, -11, -1, -10, -11, 1, 18, -6, -17, -11, -25, 13, 48, -49, -37, 11, -11, -1, -10, -11, 1, 18, -6, -17, -11, -25, 13, 48, -49, -37, 11, -11, -1, -10, -11, 1, 18, -6, -17
target_str: -12, -15, -7, -5, -22, -34, -18, -12, -27, -32
mse: 0.005212691997082071
----------------------
pred_str: -2, -1, -6, -1, 1, 1, 1, 1, 1, 1, 1, 1, 1, 1, 1, 1, 1, 1, 1, 1, 1, 1, 1, 1, 1, 1, 1, 1, 1, 1, 1, 1, 1, 1, 1, 1, 1, 1, 1, 1, 1, 1, 1, 1, 1, 1, 1, 1, 1, 1, 1, 1, 1, 1, 1, 1, 1, 1, 1, 1, 1, 1, 1, 1, 1, 1, 1, 1, 1, 1, 1, 1, 1, 1, 1, 1, 1, 1, 1, 1, 1, 1, 1, 1, 1, 1, 1, 1, 1, 1, 1, 1, 1, 1, 1, 1, 1, 1, 1, 1, 1, 1, 1, 1, 1, 1, 1, 1, 1, 1, 1, 1, 1, 1, 1, 1, 1, 1, 1, 1, 1, 1, 1, 1, 1, 1, 1, 1, 1, 1, 1, 1, 1, 1, 1, 1, 1, 1, 1, 1, 1, 1, 1, 1, 1, 1, 1, 1, 1, 1, 1, 1, 1, 1, 1, 1, 1, 1, 1, 1, 1, 1, 1, 1, 1, 1, 1, 1, 1, 1, 1
target_str: -1, 1, 9, -2, -9, -9, -11, -12, 10, 92
mse: 0.016725431051948316
----------------------
pred_str: -1, -1, 0, 0, 0, 0, 0, 0, 0, 0, 0, 0, 0, 0, 0, 0, 0, 0, 0, 0, 0, 0, 0, 0, 0, 0, 0, 0, 0, 0, 0, 0, 0, 0, 0, 0, 0, 0, 0, 0, 0, 0, 0, 0, 0, 0, 0, 0, 0, 0, 0, 0, 0, 0, 0, 0, 0, 0, 0, 0, 0, 0, 0, 0, 0, 0, 0, 0, 0, 0, 0, 0, 0, 0, 0, 0, 0, 0, 0, 0, 0, 0, 0, 0, 0, 0, 0, 0, 0, 0, 0, 0, 0, 0, 0, 0, 0, 0, 0, 0, 0, 0, 0, 0, 0, 0, 0, 0, 0, 0, 0, 0, 0, 0, 0, 0, 0, 0, 0, 0, 0, 0, 0, 0, 0, 0, 0, 0, 0, 0, 0, 0, 0, 0, 0, 0, 0, 0, 0, 0, 0, 0, 0, 0, 0, 0, 0, 0, 0, 0, 0, 0, 0, 0, 0, 0, 0, 0, 0, 0, 0, 0, 0, 0, 0, 0, 0, 0, 0, 0, 0
target_str: -1, 4, 9, 18, 26, 36, 40, 26, 3, -7
mse: 0.00869884048561687
----------------------
pred_str: -4, -14, -4, -12, -10, -5, -5, -10, -11, -12, -9, -7, -12, -14, -10, -11, -10, -11, -11, -10, -12, -13, -12, -11, -12, -10, -11, -12, -11, -11, -10, -11, -11, -12, -10, -11, -11, -12, -12, -12, -11, -11, -11, -12, -11, -11, -10, -11, -11, -11, -12, -12, -12, -11, -12, -12, -11, -12, -12, -12, -11, -12, -12, -11, -12, -12, -11, -11, -12, -12, -12, -11, -11, -12, -11, -12, -12, -12, -12, -12, -12, -11, -11, -11, -11, -12, -12, -12, -12, -11, -11, -12, -12, -12, -12, -11, -12, -12, -12, -12, -12, -11, -11, -12, -12, -11, -12, -11, -11, -12, -12, -11, -12, -12, -11, -12, -12, -11, -12, -12, -12, -12, -11, -11, -12, -12, -12, -11, -12, -1
target_str: -10, -14, -25, -18, -35, 19, 42, -99, -43, -29
mse: 0.024166098874421713
----------------------
pred_str: -10, -14, -10, 10, -12, -10, -11, -10, -11, -11, -10, -11, -11, -10, -11, -10, -10, -10, -10, -10, -10, -10, -10, -10, -10, -10, -10, -10, -10, -10, -10, -10, -10, -10, -10, -10, -10, -10, -10, -10, -10, -10, -10, -10, -10, -10, -10, -10, -10, -10, -10, -10, -10, -10, -10, -10, -10, -10, -10, -10, -10, -10, -10, -10, -10, -10, -10, -10, -10, -10, -10, -10, -10, -10, -10, -10, -10, -10, -10, -10, -10, -10, -10, -10, -10, -10, -10, -10, -10, -10, -10, -10, -10, -10, -10, -10, -10, -10, -10, -10, -10, -10, -10, -10, -10, -10, -10, -10, -10, -10, -10, -10, -10, -10, -10, -10, -10, -10, -10, -10, -10, -10, -10, -10, -10, -10, -10, -10,
target_str: 0, 4, 13, 27, 49, 70, 75, 59, 23, -1
mse: 0.04550727868911394
----------------------
pred_str: 0, -2, 1, 1, 3, 2, 4, 4, 6, 7, 12, 14, 16, 18, 19, 19, 20, 21, 22, 23, 24, 25, 26, 27, 28, 29, 30, 31, 32, 33, 34, 35, 36, 37, 38, 39, 40, 41, 42, 43, 44, 45, 46, 47, 48, 49, 50, 51, 52, 53, 54, 55, 56, 57, 58, 59, 60, 61, 62, 63, 64, 65, 66, 67, 68, 69, 70, 71, 72, 73, 74, 75, 76, 77, 78, 79, 80, 81, 82, 83, 84, 85, 86, 87, 88, 89, 90, 91, 92, 93, 94, 95, 96, 97, 98, 99, 100, 101, 102, 103, 104, 105, 106, 107, 108, 109, 110, 111, 112, 113, 114, 115, 116, 117, 118, 119, 120, 121, 122, 123, 124, 125, 126, 127
target_str: 34, 14, 0, -10, -11, -9, -11, -10, -5, -6
mse: 0.004705749434997979
----------------------
pred_str: -2, -3, -4, -5, -7, -10, -13, -15, -18, -20, -22, -24, -27, -28, -30, -34, -35, -37, -41, -43, -46, -48, -52, -55, -58, -63, -65, -67, -71, -74, -76, -78, -82, -84, -87, -89, -91, -93, -95, -97, -99, -101, -103, -105, -107, -109, -111, -113, -115, -117, -119, -121, -123, -125, -127, -129, -131, -133, -135, -137, -139, -141, -143, -145, -147, -149, -151, -153, -155, -157, -159, -161, -163, -165, -167, -169, -171, -173, -175, -177, -179, -181, -183, -185, -187, -189, -191, -193, -195, -197, -199, -201, -203, -205, -207, -209, -211, -213, -215, -217, -219, -221, -223, -225, -227, -229, -231, -233, -235, -237, -239, -24
target_str: -1, -2, 1, 6, 14, 16, 12, 4, -1, -3
mse: 0.005196161261361938
----------------------
pred_str: -9, -13, -11, -12, -11, -13, -11, -11, -12, -11, -11, -11, -11, -11, -11, -11, -11, -11
target_str: -9, -11, -10, -5, -5, 0, -3, -12, -10, -17
mse: 0.0006685764224587292
----------------------
pred_str: -12, 27, 43, 35, 12, 17, 23, 13, 33, 29, 23, 19, 14, 28, 17, 29, 18, 22, 15, 20, 10, 11, 18, 20, 21, 29, 32, 29, 14, 29, 24, 27, 21, 29, 32, 30, 28, 13, 16, 26, 22, 19, 16, 22, 25, 31, 17, 23, 33, 24, 21, 22, 24, 32, 30, 24, 23, 25, 27, 26, 23, 25, 28, 29, 26, 22, 16, 14, 27, 13, 19, 11, 22, 29, 28, 30, 25, 22, 17, 26, 12, 18, 26, 24, 22, 27, 28, 27, 25, 29, 26, 23, 19, 23, 22, 21, 25, 28, 27, 24, 18, 14, 18, 13, 13, 14, 20, 17, 16, 23, 20, 25, 29, 31, 18, 19, 26, 20, 22, 24, 25, 24, 26, 28, 26, 25, 28, 26,
target_str: -16, 72, -56, -26, -25, -19, -12, -13, -4, 9
mse: 0.04022111675549795
----------------------
pred_str: 0, 0, -4, 1, 0, -2, -3, -3, -3, -3, -8, -3, -5, -4, -9, -7, -4, -6, -9, -7, -6, -5, -1, 16, 18, 2, -12, -8, -13, 100, -18, -54, -3, -16, -2, -7, 1, 1, 8, 18, 31, 44, 60, 63, 51, 21, -3, -6, -9, -8, -9, -10, -10, -10, -11, -12, -13, -11, -11, -12, -13, -11, -11, -13, -13, -5, 10, 14, 0, -15, -14, -23, 91, -9, -61, -10, -15, -7, -11, 1, -2, 8, 10, 30, 42, 54, 58, 51, 24, 0, -7, -14, -11, -12, -12, -9, -11, -7, -8, -10, -9, -14, -11, -12, -14, -9, -11, -15, -13, -7, -10, -10, -5, 0, 14, 16
 Fear of a Hangover - 14 - 16 - 21 - 28 - 35 - 42 - 49 - 56 - 63 - 70 - 77 - 84 - 91 - 98 - 105 - 112 - 119 - 126 - 133 - 140 - 147 - 1
target_str: -5, -14, -16, -5, 83, -41, -55, -10, -15, -6
mse: 0.021521181159200355
----------------------
pred_str: -1, -4, -3, -2, -4, -3, -2, -1, 0, 1, 2, 2, 2, 2, 1, 2, 3, 2, 2, 2, 2, 3, 2, 2, 2, 2, 2, 2, 2, 2, 2, 2, 2, 2, 2, 2, 2, 2, 2, 2, 2, 2, 2, 2, 2, 2, 2, 2, 2, 2, 2, 2, 2, 2, 2, 2, 2, 2, 2, 2, 2, 2, 2, 2, 2, 2, 2, 2, 2, 2, 2, 2, 2, 2, 2, 2, 2, 2, 2, 2, 2, 2, 2, 2, 2, 2, 2, 2, 2, 2, 2, 2, 2, 2, 2, 2, 2, 2, 2, 2, 2, 2, 2, 2, 2, 2, 2, 2, 2, 2, 2, 2, 2, 2, 2, 2, 2, 2, 2, 2, 2, 2, 2, 2, 2, 2, 2, 2, 2, 2, 2, 2, 2, 2, 2, 2, 2, 2, 2, 2, 2, 2, 2, 2, 2, 2, 2, 2, 2, 2, 2, 2, 2, 2, 2, 2, 2, 2, 2, 2, 2, 2, 2, 2, 2, 2, 2, 2, 2, 2, 2
target_str: -2, 2, 9, 19, 31, 36, 35, 19, 4, -4
mse: 0.00951068328431676
----------------------
pred_str: -10, -12, -14, -14, -12, -9, -12, -11, -13, -14, -13, -12, -13, -13, -13, -12, -14, -14, -13, -13, -12, -12, -14, -14, -12, -13, -13, -14, -12, -13, -13, -13, -13, -12, -14, -14, -13, -12, -12, -14, -13, -12, -12, -14, -13, -13, -13, -14, -12, -13, -13, -13, -13, -12, -13, -13, -12, -14, -13, -12, -13, -13, -12, -13, -13, -12, -14, -13, -13, -12, -12, -14, -13, -13, -12, -13, -13, -13, -12, -13, -12, -12, -13, -13, -12, -13, -12, -13, -13, -12, -12, -13, -13, -12, -13, -13, -13, -13, -13, -12, -14, -12, -13, -12, -13, -12, -13, -13, -12, -13, -12, -13, -12, -13, -13, -13, -13, -12, -13, -13, -12, -13, -12, -13, -13, -13, -13, -12, -
target_str: -11, -12, -7, -11, -10, -5, -11, -6, -5, 0
mse: 0.0006704131708720774
----------------------
pred_str: 0, -1, -2, -3, -4, -5, -6, -7, -8, -9, -10, -11, -12, -13, -14, -15, -16, -17, -18, -19, -20, -21, -22, -23, -24, -25, -26, -27, -28, -29, -30, -31, -32, -33, -34, -35, -36, -37, -38, -39, -40, -41, -42, -43, -44, -45, -46, -47, -48, -49, -50, -51, -52, -53, -54, -55, -56, -57, -58, -59, -60, -61, -62, -63, -64, -65, -66, -67, -68, -69, -70, -71, -72, -73, -74, -75, -76, -77, -78, -79, -80, -81, -82, -83, -84, -85, -86, -87, -88, -89, -90, -91, -92, -93, -94, -95, -96, -97, -98, -99, -100, -101, -102, -103, -104, -105, -106, -107, -108, -109, -110, -111, -112, -113, -114, -115, -116, -117, -118, -119, -120, -121, -122, -123, -12
target_str: -28, -10, -8, -3, 0, 3, 22, 31, 42, 73
mse: 0.02283629302315764
----------------------
pred_str: -16, -16, -16, -17, -15, -15, -14, -14, -14, -14, -13, -13, -12, -11, -11, -11, -10, -9, -8, -8, -8, -8, -8, -7, -7, -7, -7, -7, -7, -7, -6, -6, -6, -6, -6, -6, -6, -6, -6, -6, -6, -6, -6, -6, -6, -6, -6, -6, -6, -6, -6, -6, -6, -6, -6, -6, -6, -6, -6, -6, -6, -6, -6, -6, -6, -6, -6, -6, -6, -6, -6, -6, -6, -6, -6, -6, -6, -6, -6, -6, -6, -6, -6, -6, -6, -6, -6, -6, -6, -6, -6, -6, -6, -6, -6, -6, -6, -6, -6, -6, -6, -6, -6, -6, -6, -6, -6, -6, -6, -6, -6, -6, -6, -6, -6, -6, -6, -6, -6, -6, -6, -6, -6, -6, -6, -6, -6, -6, -6, -6, -6, -6, -6, -6, -6, -6, -6, -6, -6, -6, -6, -6, -6, -6, -6, -6, -6, -6, -6, -6, -6, -6, -6, -6, -6, -6, -6, -6, -6, -6, -6, -6, -6, -6, -6,
target_str: 2, -5, -4, -8, -8, -8, -9, -2, 3, 3
mse: 0.002782673846222458
----------------------
pred_str: 1, -11, -10, -10, -10, 10, -12, -5, -2, -10, -14, -14, -14, -10, -10, -10, -10, -10, -10, -10, -10, -10, -10, -10, -10, -10, -10, -10, -10, -10, -10, -10, -10, -10, -10, -10, -10, -10, -10, -10, -10, -10, -10, -10, -10, -10, -10, -10, -10, -10, -10, -10, -10, -10, -10, -10, -10, -10, -10, -10, -10, -10, -10, -10, -10, -10, -10, -10, -10, -10, -10, -10, -10, -10, -10, -10, -10, -10, -10, -10, -10, -10, -10, -10, -10, -10, -10, -10, -10, -10, -10, -10, -10, -10, -10, -10, -10, -10, -10, -10, -10, -10, -10, -10, -10, -10, -10, -10, -10, -10, -10, -10, -10, -10, -10, -10, -10, -10, -10, -10, -10, -10, -10, -10, -10, -10, -10, -10, -10,
target_str: -19, -10, -5, -8, 7, -85, -67, 1, -12, 7
mse: 0.024234058565715585
----------------------
pred_str: -3, -6, -6, -6, -7, -10, -10, -9, -10, -10, -10, -11, -10, -10, -10, -10, -10, -10, -10, -10, -10, -10, -10, -10, -10, -10, -10, -10, -10, -10, -10, -10, -10, -10, -10, -10, -10, -10, -10, -10, -10, -10, -10, -10, -10, -10, -10, -10, -10, -10, -10, -10, -10, -10, -10, -10, -10, -10, -10, -10, -10, -10, -10, -10, -10, -10, -10, -10, -10, -10, -10, -10, -10, -10, -10, -10, -10, -10, -10, -10, -10, -10, -10, -10, -10, -10, -10, -10, -10, -10, -10, -10, -10, -10, -10, -10, -10, -10, -10, -10, -10, -10, -10, -10, -10, -10, -10, -10, -10, -10, -10, -10, -10, -10, -10, -10, -10, -10, -10, -10, -10, -10, -10, -10, -10, -10, -10, -10, -10, -1
target_str: -7, -6, -3, -4, -7, -6, -7, -7, -6, -7
mse: 0.0001524501183078971
----------------------
pred_str: -12, -9, -9, -11, -13, -14, -16, -15, -14, -16, -14, -11, -5, 0, -4, -16, -16, -18, 17, 84, -40, -22, -11, -8, -2, 0, 6, 14, 23, 38, 49, 44, 23, 6, -5, -10, -9, -7, -6, -4, -5, -4, -8, -12, -8, -11, -11, -8, -14, -10, -9, 1, -3, -2, -15, -10, -21, 36, 71, -40, -12, -11, -9, -7, -4, 7, 16, 25, 38, 48, 37, 18, -1, -8, -8, -8, -10, -10, -7, -11, -6, -16, -10, -11, -11, -15, -13, -15, -10, -7
target_str: -1, -3, -7, -23, -9, -13, 83, 24, -43, 0
mse: 0.02340201153446887
----------------------
