pred_str: -1, -1, -1, -1, -1, -1, -1, -1, -1, -1, -1, -1, -1, -1, -1, -1, -1, -1, -1, -1, -1, -1, -1, -1, -1, -1, -1, -1, -1, -1, -1, -1, -1, -1, -1, -1, -1, -1, -1, -1, -1, -1, -1, -1, -1, -1, -1, -1, -1, -1, -1, -1, -1, -1, -1, -1, -1, -1, -1, -1, -1, -1, -1, -1, -1, -1, -1, -1, -1, -1, -1, -1, -1, -1, -1, -1, -1, -1, -1, -1, -1, -1, -1, -1, -1, -1, -1, -1, -1, -1, -1, -1, -1, -1, -1, -1, -1, -1, -1, -1, -1, -1, -1, -1, -1, -1, -1, -1, -1, -1, -1, -1, -1, -1, -1, -1, -1, -1, -1, -1, -1, -1, -1, -1, -1, -1, -1, -1, -1, -1, -1, -1, -1, -1, -1, -1, -1, -1, -1, -1, -1, -1, -1, -1, -1, -1, -1, -1, -1, -1, -1, -1, -1, -1, -1, -1, -1, -1, -1, -1, -1, -1, -1, -1, -1, -1, -1, -1, -1, -1, -1
target_str: -2, 2, 9, 19, 31, 36, 35, 19, 4, -4, -6, -9, -8, -10, -9, -10, -9, -10, -9, -10, -10, -9, -10, -9, -10, -8, -9, -6, -8, -12, -11, -12, -10, -13, 8, 105, -1, -25, -5, -8, 0, -1, 1, 9, 17, 28, 35, 38, 25, 7
mse: 0.02276066097811447
----------------------
pred_str: -1, -1, -1, 2, 10, 20, 29, 31, 16, 1, -6, -10, -11, -11, -11, -10, -10, -11, -10, -10, -11, -11, -10, -10, -10, -10, -10, -10, -10, -10, -10, -10, -10, -10, -10, -10, -10, -10, -10, -10, -10, -10, -10, -10, -10, -10, -10, -10, -10, -10, -10, -10, -10, -10, -10, -10, -10, -10, -10, -10, -10, -10, -10, -10, -10, -10, -10, -10, -10, -10, -10, -10, -10, -10, -10, -10, -10, -10, -10, -10, -10, -10, -10, -10, -10, -10, -10, -10, -10, -10, -10, -10, -10, -10, -10, -10, -10, -10, -10, -10, -10, -10, -10, -10, -10, -10, -10, -10, -10, -10, -10, -10, -10, -10, -10, -10, -10, -10, -10, -10, -10, -10, -10, -10, -10, -10, -10, -10, -10, -1
target_str: -5, -6, -9, -8, -6, -2, 1, -9, -13, -14, -19, -13, -24, 94, 27, -29, -4, -16, -6, -6, -1, 1, 14, 26, 32, 29, 14, -1, -8, -9, -7, -9, -9, -7, -9, -8, -10, -9, -12, -11, -8, -2, 0, -7, -14, -12, -19, -8, -24, 82
mse: 0.03208588932384882
----------------------
pred_str: -2, -3, -2, 0, -2, 1, 8, 21, 28, 23, 13, -4, -8, -10, -8, -6, -4, -6, -6, -6, -7, -8, -9, -10, -10, -11, -12, -13, -10, -9, -11, -9, -10, -10, -9, -7, -7, -6, -5, -7, -6, -7, -7, -6, -3, -12, -12, 101, 25, -10, -4, -8, -5, -2, 0, 1, 20, 29, 25, 12, -1, -7, -11, -7, -6, -4, -5, -6, -5, -6, -6, -8, -8, -8, -9, -10, -11, -11, -13, -11, -10, -10, -10, -9, -8, -8, -9, -8, -7, -7, -6, -6, -7, -7, -7, -8, -7, -8, -6, -8, -8, -7, -10, -10, -12, 101, 30, -10, -5, -10, -5, 0, 1, 20, 29, 25, 12, -2, -6, -10, -7, -6, -4, -5, -5, -5, -6, -6, -7, -8, -8, -9, -10, -10, -11, -11, -13, -11, -10, -10, -10, -9, -9, -9, -9, -8, -8, -8, -7, -7, -7, -7, -
target_str: -17, -9, -33, 32, 64, -16, -7, -13, -7, -7, -2, 2, 9, 21, 27, 21, 10, -1, -2, -4, -8, -5, 2, 0, 0, 3, 0, 0, -2, -2, 0, 4, 5, -4, -4, -4, -2, -14, 78, 35, -7, 0, -2, 1, 1, 1, 10, 17, 23, 25
mse: 0.0328315936107552
----------------------
pred_str: -1, -2, -2, -3, -6, -4, -5, -8, -8, -9, -8, -9, -8, -9, -10, -10, -10, -11, -11, -12, -12, -12, -13, -12, -13, -12, -12, -12, -12, -13, -13, -13, -13, -14, -14, -14, -14, -14, -14, -13, -13, -13, -14, -14, -14, -14, -14, -14, -14, -14, -13, -13, -13, -14, -14, -14, -14, -14, -14, -14, -13, -13, -13, -13, -13, -13, -13, -13, -13, -13, -13, -13, -13, -13, -13, -13, -13, -13, -13, -13, -13, -13, -13, -13, -13, -13, -13, -13, -13, -13, -13, -13, -13, -13, -13, -13, -13, -13, -13, -13, -13, -13, -13, -13, -13, -13, -13, -13, -13, -13, -13, -13, -13, -13, -13, -13, -13, -13, -13, -13, -13, -13, -13, -13, -13, -13, -13, -13, -13, -13, -13, -1
target_str: -1, 4, 9, 18, 26, 36, 40, 26, 3, -7, -11, -11, -10, -11, -9, -9, -8, -7, -10, -11, -12, -10, -9, -11, -13, -10, -10, -8, 0, 5, 0, -16, -9, -17, 10, 99, -29, -12, -5, -2, 0, 4, 6, 12, 21, 31, 41, 37, 18, 0
mse: 0.03208000218474167
----------------------
pred_str: -2, -17, -17, -17, -17, -15, -15, -14, -15, -15, -12, -11, 1, 10, -21, -14, -30, 15, 103, -57, -24, -23, -22, -17, -21, -19, -19, -19, -17, -17, -14, -2, 13, 22, 35, 57, 63, 65, 65, 39, 16, 1, -5, -7, -13, -13, -12, -14, -15, -14, -16, -16, -17, -17, -18, -15, -11, 0, 12, -21, -16, -24, 14, 102, -49, -25, -28, -17, -22, -20, -23, -22, -21, -20, -18, -16, -17, -17, -16, -17, -17, -17, -18, -18, -18, -18, -17, -17, -16, -15, -15, -15, -16, -16, -15, -13, -14, -14, -14, -14, -13, -12, -11, -11, -10, -11, -11, -11, -11, -11, -11, -11, -10, -9, -9, -9, -9, -9, -9, -9, -9, -9, -9, -8, -8, -8, -8, -8, -8, -8, -8, -8, -8, -8, -8
target_str: 29, -7, -21, -20, -26, -25, -24, -25, -27, -28, -34, -32, -33, -31, -27, -25, -28, -36, -21, -4, 8, -4, -26, -12, -20, 104, -30, -56, -2, -8, -2, 5, 17, 32, 42, 49, 59, 65, 55, 29, 12, -2, -5, -1, -4, -3, -7, -4, -6, -10
mse: 0.04508076771304347
----------------------
pred_str: -10, -9, -10, -8, -8, -6, -5, -3, -1, -3, -3, 1, -1, 1, 1, 1, 1, 4, 5, 5, 10, 15, 18, 15, 3, -1, -6, -6, -10, -7, -10, -9, -7, -9, -7, -5, -8, -7, -4, -5, -10, -10, -7, -10, -8, -7, -10, -10, -10, -10, -10, -10, -10, -10, -10, -10, -10, -10, -10, -10, -10, -10, -10, -10, -10, -10, -10, -10, -10, -10, -10, -10, -10, -10, -10, -10, -10, -10, -10, -10, -10, -10, -10, -10, -10, -10, -10, -10, -10, -10, -10, -10, -10, -10, -10, -10, -10, -10, -10, -10, -10, -10, -10, -10, -10, -10, -10, -10, -10, -10, -10, -10, -10, -10, -10, -10, -10, -10, -10, -10, -10, -10, -10, -10, -10, -10, -10, -10, -10, -10, -10, -10, -10, -10, -10, -10, -10
target_str: -4, 0, 4, 16, 26, 37, 46, 26, 3, -5, -7, -6, -6, -12, -4, -6, -8, -7, -4, -3, -6, -11, -5, -9, -5, -7, -8, -2, 2, -3, -5, -9, -5, -16, -4, -20, 50, 72, -15, 1, -11, -5, -10, -2, -5, -3, 3, 12, 25, 36
mse: 0.02408330489752208
----------------------
pred_str: -11, -10, -11, -10, -9, -9, -9, -9, -9, -8, -7, -8, -8, -8, -9, -9, -8, -8, -8, -7, -7, -7, -7, -7, -6, -7, -6, -6, -7, -5, -6, -5, -4, -4, -4, -4, -4, -3, -3, -3, -3, -3, -3, -3, -2, -3, -3, -2, -2, -2, -2, -1, -2, -1, -1, -1, -1, -1, -1, -1, -1, -1, -1, -1, -1, -1, -1, -1, -1, -1, -1, -1, -1, -1, -1, -1, -1, -1, -1, -1, -1, -1, -1, -1, -1, -1, -1, -1, -1, -1, -1, -1, -1, -1, -1, -1, -1, -1, -1, -1, -1, -1, -1, -1, -1, -1, -1, -1, -1, -1, -1, -1, -1, -1, -1, -1, -1, -1, -1, -1, -1, -1, -1, -1, -1, -1, -1, -1, -1, -1, -1, -1, -1, -1, -1, -1, -1, -1, -1, -1, -1, -1, -1, -1, -1, -1, -1, -1, -1, -1, -1, -1, -1, -1, -1, -1, -1, -1, -1, -1, -1, -1, -1, -1, -1, -1, -1, -1, -1, -
target_str: 34, 14, 0, -10, -11, -9, -11, -10, -5, -6, -4, -7, -8, -8, -6, -10, -10, -10, -1, 6, -2, -15, -13, -17, 5, 87, -12, -11, -12, -11, -10, -5, -4, -6, 0, 7, 12, 24, 35, 34, 20, 4, -3, -9, -11, -11, -11, -10, -10, -8
mse: 0.016918656604113798
----------------------
pred_str: -1, 11, 30, 43, 42, 43, 36, 24, 19, 7, 7, 2, 10, 1, 9, 11, 20, 33, 38, 33, 32, 25, 27, 24, 25, 23, 17, 20, 22, 21, 22, 19, 14, 13, 16, 13, 15, 14, 14, 12, 13, 13, 15, 13, 14, 12, 12, 12, 12, 12, 12, 11, 12, 11, 11, 11, 11, 11, 11, 10, 10, 10, 10, 10, 9, 9, 9, 9, 9, 9, 9, 9, 9, 9, 9, 9, 8, 8, 8, 8, 8, 8, 8, 8, 8, 8, 8, 8, 8, 8, 8, 8, 8, 8, 8, 8, 8, 8, 8, 8, 8, 8, 8, 8, 8, 8, 8, 8, 8, 8, 8, 8, 8, 8, 8, 8, 8, 8, 8, 8, 8, 8, 8, 8, 8, 8, 8, 8, 8, 8, 8, 8, 8, 8, 8, 8, 8, 8, 8, 8, 8, 8, 8, 8, 8, 8, 8, 8, 8, 8, 8, 
target_str: -2, -6, -2, -3, -3, -4, -3, -4, -4, -5, -2, -6, -6, -7, -4, -10, -7, -11, -6, -6, -6, -10, -4, -8, -8, -4, -8, -10, -8, -5, -2, 2, 0, -5, -14, -10, -11, -10, -1, 81, 28, -11, -1, -6, 0, 0, 7, 7, 14, 21
mse: 0.03763549912219411
----------------------
pred_str: -1, 1, 5, 5, 1, 3, 1, 3, 3, 3, 3, 3, 4, 7, 13, 17, 20, 14, 0, 1, 10, 21, 35, 43, 42, 30, 17, 5, 11, 11, 4, 6, 10, 11, 12, 10, 9, 11, 11, 12, 10, 9, 11, 11, 13, 11, 11, 10, 11, 10, 11, 11, 11, 11, 11, 11, 11, 11, 11, 11, 11, 11, 11, 11, 11, 11, 11, 11, 11, 11, 11, 11, 11, 11, 11, 11, 11, 11, 11, 11, 11, 11, 11, 11, 11, 11, 11, 11, 11, 11, 11, 11, 11, 11, 11, 11, 11, 11, 11, 11, 11, 11, 11, 11, 11, 11, 11, 11, 11, 11, 11, 11, 11, 11, 11, 11, 11, 11, 11, 11, 11, 11, 11, 11, 11, 11, 11, 11, 11, 11, 11, 11, 11, 
target_str: -11, -12, -7, -11, -10, -5, -11, -6, -5, 0, 6, 17, -7, -3, -10, 0, -9, 78, 80, -36, 5, -4, 5, 6, 2, 11, 19, 35, 56, 76, 59, 26, 4, -11, -10, -4, -7, -10, -8, -12, -10, -10, -20, -16, -15, -23, -15, -24, -13, -8
mse: 0.039755850390621295
----------------------
pred_str: -4, -2, -4, -3, 0, 3, 8, 17, 39, 63, 59, 36, 5, -1, -3, -5, -4, -5, -3, -4, -3, -5, -6, -4, -6, -3, 2, 0, -11, -17, 48, -55, -51, -42, -40, -34, -34, -26, -18, -10, 4, 1, -15, -14, -13, -11, -10, -11, -11, -10, -12, -12, -11, -12, -10, -10, -9, -9, -9, -9, -8, -8, -9, -10, -9, -10, -10, -10, -10, -11, -11, -11, -12, -12, -13, -13, -14, -14, -15, -16, -17, -17, -17, -18, -18, -18, -18, -18, -19, -19, -19, -20, -20, -21, -21, -22, -22, -23, -23, -24, -24, -24, -25, -25, -26, -27, -27, -27, -28, -28, -28, -28, -29, -29, -29, -30, -30, -31, -31, -31, -32, -32, -32, -33, -33, -34, -34, -35, -35, -36, -36, -36, -37, -37, -37, -38, -
target_str: -10, -14, -25, -18, -35, 19, 42, -99, -43, -29, -23, -22, -17, -9, 8, 31, 43, 29, 3, -17, -18, -24, -31, -24, -25, -30, -33, -35, -36, -35, -32, -23, -19, -12, -1, 5, 10, 8, 9, 19, 8, 114, 24, -40, 33, 25, 39, 40, 48, 53
mse: 0.09983410497914347
----------------------
pred_str: -20, -19, -15, -12, -12, -8, -10, -9, -10, -14, -12, -11, -14, -13, -12, -12, -12, -14, -15, -17, -13, -10, -12, -17, -14, -14, -11, -12, -15, -16, -14, -13, -14, -12, -11, -11, -12, -12, -11, -12, -13, -15, -16, -18, -16, -15, -14, -15, -16, -16, -15, -16, -16, -16, -16, -15, -14, -14, -15, -16, -15, -15, -15, -16, -16, -16, -15, -16, -15, -14, -14, -14, -14, -15, -14, -15, -15, -15, -16, -16, -16, -16, -16, -16, -16, -16, -16, -16, -16, -16, -16, -15, -15, -15, -15, -15, -16, -15, -15, -15, -15, -15, -15, -15, -15, -15, -15, -15, -15, -15, -15, -15, -15, -15, -15, -15, -15, -15, -15, -15, -15, -15, -15, -15, -15, -15, -15, -15, -1
target_str: -37, -38, -42, -37, -19, 69, 0, -46, -21, -20, -13, -19, -4, 0, 15, 29, 59, 87, 83, 54, 15, -9, -10, -6, -17, -11, -4, -4, -6, -13, -6, -9, -18, -13, -10, -16, -7, 2, 1, -15, -16, -20, -26, 24, 88, -29, -19, -22, -14, -14
mse: 0.05578947374895938
----------------------
pred_str: 74, 66, 59, 51, 45, 29, 12, -6, -14, -18, -14, -17, -12, -8, -7, -4, -6, -12, -13, -18, -17, -15, -14, -12, -12, -11, -10, -10, -11, -11, -10, -8, -12, -10, -8, -11, -11, -11, -13, -12, -9, 71, 88, -65, -20, -22, -18, -10, -8, -5, -10, -10, -11, -12, -10, -9, -11, -10, -7, -10, -10, -11, -10, -12, -14, -15, -14, -14, -12, -12, -11, -10, -11, -12, -11, -10, -9, -10, -9, -8, -11, -10, -11, -12, -12, -11, -11, -11, -10, -10, -10, -10, -10, -9, -9, -9, -10, -11, -11, -12, -12, -13, -13, -13, -14, -14, -14, -14, -14, -15, -15, -15, -15, -16, -17, -18, -19, -19, -18, -18, -18, -17, -17, -18, -18, -18, -19, -19, -20, -20, -20, -19, -19
target_str: -21, -45, -11, -17, -5, -6, 3, 4, 17, 33, 63, 81, 84, 62, 22, 3, -7, -11, -8, -11, -5, -8, -7, -5, -5, -7, -9, -9, -17, -24, -19, -27, -21, -19, -24, -15, -15, -13, -6, -5, -18, -18, -17, -31, -22, -16, 70, 33, -70, -10
mse: 0.10223507654501172
----------------------
pred_str: -2, -20, -27, -27, -20, -22, -20, -15, -15, -10, -13, -14, -15, -10, -10, -10, -10, -10, -10, -10, -10, -10, -10, -10, -10, -10, -10, -10, -10, -10, -10, -10, -10, -10, -10, -10, -10, -10, -10, -10, -10, -10, -10, -10, -10, -10, -10, -10, -10, -10, -10, -10, -10, -10, -10, -10, -10, -10, -10, -10, -10, -10, -10, -10, -10, -10, -10, -10, -10, -10, -10, -10, -10, -10, -10, -10, -10, -10, -10, -10, -10, -10, -10, -10, -10, -10, -10, -10, -10, -10, -10, -10, -10, -10, -10, -10, -10, -10, -10, -10, -10, -10, -10, -10, -10, -10, -10, -10, -10, -10, -10, -10, -10, -10, -10, -10, -10, -10, -10, -10, -10, -10, -10, -10, -10, -10, -10, -10, -
target_str: -11, -5, -18, -18, -21, -9, -16, -33, -26, -26, -24, -15, -28, 48, 96, -16, -13, -12, -10, -12, -7, -6, 0, 12, 32, 55, 61, 52, 25, 6, -3, -16, -13, -11, -10, -8, -11, -13, -11, -14, -15, -15, -10, -4, 3, -8, -16, -23, -16, -20
mse: 0.03334966185218488
----------------------
pred_str: -15, -2, 4, 1, 10, 21, 26, 29, 21, 1, 13, 10, 17, 10, 12, 11, 11, 11, 13, 11, 11, 12, 12, 12, 12, 12, 13, 12, 12, 12, 12, 12, 12, 12, 12, 12, 12, 12, 12, 12, 12, 12, 12, 12, 12, 12, 12, 12, 12, 12, 12, 12, 12, 12, 12, 12, 12, 12, 12, 12, 12, 12, 12, 12, 12, 12, 12, 12, 12, 12, 12, 12, 12, 12, 12, 12, 12, 12, 12, 12, 12, 12, 12, 12, 12, 12, 12, 12, 12, 12, 12, 12, 12, 12, 12, 12, 12, 12, 12, 12, 12, 12, 12, 12, 12, 12, 12, 12, 12, 12, 12, 12, 12, 12, 12, 12, 12, 12, 12, 12, 12, 12, 12, 12, 12, 12, 12, 12, 12,
target_str: -18, -10, -17, -8, -8, 2, 14, 19, 20, 15, -4, -16, -9, -13, -11, -15, -4, -5, -3, -5, -4, -6, -10, 2, -5, 0, 3, -6, -10, -6, -16, 20, 92, 5, -7, -6, 0, 5, -8, 6, 5, 16, 22, 38, 30, 15, 11, -6, -14, -17
mse: 0.02012812860736475
----------------------
pred_str: -4, -4, -2, -2, -2, -2, -2, -2, -2, -2, -2, -2, -2, -2, -2, -2, -2, -2, -2, -2, -2, -2, -2, -2, -2, -2, -2, -2, -2, -2, -2, -2, -2, -2, -2, -2, -2, -2, -2, -2, -2, -2, -2, -2, -2, -2, -2, -2, -2, -2, -2, -2, -2, -2, -2, -2, -2, -2, -2, -2, -2, -2, -2, -2, -2, -2, -2, -2, -2, -2, -2, -2, -2, -2, -2, -2, -2, -2, -2, -2, -2, -2, -2, -2, -2, -2, -2, -2, -2, -2, -2, -2, -2, -2, -2, -2, -2, -2, -2, -2, -2, -2, -2, -2, -2, -2, -2, -2, -2, -2, -2, -2, -2, -2, -2, -2, -2, -2, -2, -2, -2, -2, -2, -2, -2, -2, -2, -2, -2, -2, -2, -2, -2, -2, -2, -2, -2, -2, -2, -2, -2, -2, -2, -2, -2, -2, -2, -2, -2, -2, -2, -2, -2, -2, -2, -2, -2, -2, -2, -2, -2, -2, -2, -2, -2, -2, -2, -2, -2, -2, -2
target_str: -7, -6, -3, -3, -4, -5, -11, -5, -20, 75, 72, -17, 1, -9, -3, -3, 0, 5, 11, 17, 22, 17, 3, -4, -5, -6, -6, -6, -4, -6, -5, -7, -5, -5, -6, -6, -7, -6, -7, -7, -7, -8, -7, -7, -5, -5, -3, -6, -6, -10
mse: 0.01389266710303586
----------------------
pred_str: 26, 1, 2, -2, -5, -9, -13, -15, -15, -15, -16, -16, -17, -18, -16, -17, -17, -16, -16, -17, -17, -16, -17, -17, -17, -16, -17, -16, -16, -17, -16, -15, -16, -16, -15, -15, -16, -16, -17, -16, -15, -15, -15, -15, -15, -15, -15, -16, -15, -15, -15, -15, -15, -15, -15, -15, -15, -15, -15, -15, -15, -15, -15, -15, -15, -15, -15, -15, -15, -15, -15, -15, -15, -15, -15, -15, -15, -15, -15, -15, -15, -15, -15, -15, -15, -15, -15, -15, -15, -15, -15, -15, -15, -15, -15, -15, -15, -15, -15, -15, -15, -15, -15, -15, -15, -15, -15, -15, -15, -15, -15, -15, -15, -15, -15, -15, -15, -15, -15, -15, -15, -15, -15, -15, -15, -15, -15, -15, -15, -1
target_str: -9, -8, -10, -10, -13, -11, -8, -7, -11, -12, -14, -11, -9, -11, -3, -11, -13, -14, -8, -22, 54, 90, -13, -3, -10, 0, -3, -3, 3, 5, 19, 28, 36, 31, 10, -7, -6, -7, -11, -7, -7, -7, -6, -8, -5, -3, -5, -8, -3, -2
mse: 0.02954264522955764
----------------------
pred_str: 27, 28, 17, 24, 24, 20, 14, 11, 11, 10, 7, 6, 6, 6, 5, 4, 4, 5, 5, 4, 4, 4, 4, 4, 3, 4, 2, 5, 2, 7, 15, 22, 12, 4, 1, 1, 2, 2, 2, 1, 3, 5, 5, 5, 6, 6, 5, 6, 6, 6, 7, 6, 6, 7, 8, 8, 8, 8, 7, 7, 9, 10, 11, 12, 12, 12, 12, 12, 12, 12, 12, 12, 12, 12, 12, 12, 12, 12, 12, 12, 12, 12, 12, 12, 12, 12, 12, 12, 12, 12, 12, 12, 12, 12, 12, 12, 12, 12, 12, 12, 12, 12, 12, 12, 12, 12, 12, 12, 12, 12, 12, 12, 12, 12, 12, 12, 12, 12, 12, 12, 12, 12, 12, 12, 12, 12, 12, 12, 12, 12, 12, 12, 12, 12, 12, 12, 12, 12, 12, 12, 
target_str: 20, 24, 33, 43, 52, 48, 34, 23, 23, 21, 9, -2, -7, -14, -17, -20, -24, -26, -26, -28, -30, -31, -30, -26, -31, -30, -37, -28, -49, 61, 21, -40, -28, -38, -30, -34, -27, -27, -24, -16, -10, -3, -2, -6, -12, -16, -16, -14, -15, -12
mse: 0.03753639894722366
----------------------
pred_str: -3, -2, -11, -16, -15, -13, -10, -12, -13, -11, -14, -12, -12, -10, -12, -9, -11, -10, -10, -10, -10, -10, -9, -10, -9, -10, -9, -10, -9, -10, -9, -10, -9, -9, -9, -10, -10, -10, -9, -10, -10, -10, -10, -10, -10, -9, -10, -10, -10, -9, -10, -10, -10, -10, -10, -10, -10, -10, -10, -10, -10, -10, -10, -10, -10, -10, -10, -10, -10, -10, -10, -10, -10, -10, -10, -10, -10, -10, -10, -10, -10, -10, -10, -10, -10, -10, -10, -10, -10, -10, -10, -10, -10, -10, -10, -10, -10, -10, -10, -10, -10, -10, -10, -10, -10, -10, -10, -10, -10, -10, -10, -10, -10, -10, -10, -10, -10, -10, -10, -10, -10, -10, -10, -10, -10, -10, -10, -10, -10, -10, -10, -1
target_str: 0, 4, 13, 27, 49, 70, 75, 59, 23, -1, -15, -15, -12, -19, -13, -12, -11, -16, -11, -15, -11, -16, -17, -12, -5, 1, -8, -14, -20, -17, -22, -19, 122, -31, -46, -6, -12, 2, 1, 10, 12, 27, 41, 57, 79, 80, 47, 18, -4, -11
mse: 0.07505611766697703
----------------------
pred_str: -21, -12, -13, -17, -22, -22, -25, -21, -22, -19, -20, -20, -20, -22, -19, -21, -20, -20, -20, -19, -18, -21, -21, -21, -20, -16, -16, -17, -16, -19, -16, -17, -20, -18, -16, -14, -10, -10, -15, -18, -14, -11, -14, -12, -10, -14, -13, -13, -15, -12, -13, -13, -12, -12, -12, -12, -11, -12, -11, -11, -10, -11, -11, -11, -10, -10, -10, -11, -11, -11, -10, -10, -10, -10, -10, -11, -11, -11, -11, -10, -10, -10, -10, -10, -11, -10, -10, -10, -10, -10, -10, -10, -10, -10, -10, -10, -10, -10, -10, -10, -10, -10, -10, -10, -10, -10, -10, -10, -10, -10, -10, -10, -10, -10, -10, -10, -10, -10, -10, -10, -10, -10, -10, -10, -10, -10, -10, -10,
target_str: 8, 49, -51, -31, -7, -2, -5, 2, 13, 23, 38, 51, 85, 85, 69, 28, -8, -19, -30, -28, -25, -14, -21, -17, -21, -16, -19, -30, -18, -21, -18, -19, -27, -19, -21, -3, -2, -18, -19, -26, 47, 43, -45, -3, -15, 7, 7, 17, 23, 28
mse: 0.06406875371332243
----------------------
pred_str: -1, -1, -1, -1, 11, 30, 37, 38, 23, 15, -5, -11, -13, -13, -9, -8, -9, -8, -13, -13, -13, -10, -16, -10, -15, -9, -15, -10, -12, -11, -12, -8, -11, -11, -12, -11, -11, -12, -10, -12, -11, -10, -10, -10, -10, -9, -10, -9, -10, -10, -11, -11, -11, -10, -12, -11, -11, -11, -11, -11, -11, -11, -10, -11, -11, -11, -10, -11, -10, -11, -11, -10, -10, -11, -10, -11, -11, -11, -10, -11, -10, -10, -10, -10, -10, -10, -10, -10, -10, -10, -10, -10, -10, -10, -10, -10, -10, -10, -10, -10, -10, -10, -10, -10, -10, -10, -10, -10, -10, -10, -10, -10, -10, -10, -10, -10, -10, -10, -10, -10, -10, -10, -10, -10, -10, -10, -10, -10, -10, -10, -10, -
target_str: 21, 105, -6, -3, -3, -3, -1, 2, 9, 14, 18, 31, 41, 39, 22, 3, -7, -2, -6, -9, -3, -7, 2, -6, -7, -7, -13, -11, -12, -12, -9, -16, -10, -11, -12, -11, -8, 4, -6, -15, -9, -20, -7, -33, 62, 71, -22, -4, -9, -2
mse: 0.03769535170311685
----------------------
pred_str: 12, -20, -12, -21, -12, 12, -34, -74, 1, -12, -5, 6, 11, 17, 13, 21, 33, 44, 38, 25, 11, -6, -5, -5, -2, -3, 0, -3, -6, -1, -3, -6, 2, 9, -13, -1, -6, 19, -46, -84, 0, -10, 1, 10, 10, 16, 24, 32, 42, 41, 33, 12, -5, -5, -3, -5, -2, 1, -2, -11, -3, -2, -3, 0, 0, -5, -7, 0, 0, -4, -10, 3, 9, -12, -4, -12, 23, -46, -94, -11, -11, 2, 10, 12, 11, 17, 24, 32, 40, 39, 32, 11, -6, -5, -2, -1, 0, -1, -2, -2, -3, 0, 0, -5, -5, 0, 0, -6, 1, 8, -11, -5, -4, 21, -49, -87, 0, -10, 2, 8, 10, 16, 23, 32, 39, 43, 34, 13, -5, -6, -5, -3, -1, -1, -1, 0, -1, -2, -4, 0, 0, -4, -6, 1, 9, -13, -2, -6, 22,
target_str: -19, -10, -5, -8, 7, -85, -67, 1, -12, 7, 4, 11, 12, 31, 34, 51, 39, 19, 1, 2, -8, -15, -1, 0, -4, -14, 5, -1, -3, -2, 5, 3, -7, -11, -7, 17, -60, -85, -8, -3, 7, 8, 13, 22, 30, 48, 50, 39, 29, 13
mse: 0.04869547112483695
----------------------
pred_str: -3, -10, -10, -11, -10, -12, -10, -13, -12, -11, -10, -12, -10, -11, -10, -10, -10, -10, -11, -11, -11, -10, -10, -10, -10, -10, -10, -10, -11, -11, -10, -11, -10, -10, -10, -10, -10, -10, -10, -10, -10, -10, -10, -10, -10, -10, -10, -10, -10, -10, -10, -10, -10, -10, -10, -10, -10, -10, -10, -10, -10, -10, -10, -10, -10, -10, -10, -10, -10, -10, -10, -10, -10, -10, -10, -10, -10, -10, -10, -10, -10, -10, -10, -10, -10, -10, -10, -10, -10, -10, -10, -10, -10, -10, -10, -10, -10, -10, -10, -10, -10, -10, -10, -10, -10, -10, -10, -10, -10, -10, -10, -10, -10, -10, -10, -10, -10, -10, -10, -10, -10, -10, -10, -10, -10, -10, -10, -10, -
target_str: -7, -8, -9, -8, 7, 9, -6, -20, -11, -13, -8, -17, 73, 45, -25, -5, -16, -11, -10, -4, 2, -2, 5, 22, 41, 31, 1, 3, 1, -8, -20, -7, -2, -8, -6, -9, -6, -3, -11, -2, -15, 6, 11, 5, -15, -25, 2, -12, -14, -4
mse: 0.01879567278944522
----------------------
pred_str: -1, 5, 11, 18, 37, 60, 77, 86, 70, 20, 15, 22, 26, 35, 46, 55, 61, 67, 69, 63, 56, 43, 29, 22, 10, 2, 1, 11, 17, 19, 17, 11, 9, 12, 14, 15, 17, 15, 15, 17, 15, 15, 14, 11, 12, 15, 17, 18, 20, 20, 22, 20, 20, 19, 16, 13, 17, 21, 21, 22, 22, 20, 22, 22, 20, 21, 21, 21, 21, 21, 22, 21, 22, 22, 22, 21, 22, 21, 22, 22, 21, 22, 21, 21, 21, 21, 22, 22, 22, 22, 22, 21, 22, 22, 22, 22, 22, 22, 22, 22, 22, 22, 22, 22, 22, 22, 22, 22, 22, 22, 22, 22, 22, 22, 22, 22, 22, 22, 22, 22, 22, 22, 22, 22, 22, 22, 22, 22, 22, 
target_str: -28, -10, -8, -3, 0, 3, 22, 31, 42, 73, 100, 98, 61, 30, -2, -12, -15, -12, -15, -16, -13, -6, -15, -15, -9, -20, -21, -14, -22, -16, -20, -19, -20, -11, -20, -10, 0, -3, -11, -33, -9, -31, 29, 3, -69, -5, -18, -4, -2, 5
mse: 0.0972467073415486
----------------------
pred_str: -4, -2, 0, 6, 10, 14, 17, 13, 2, 1, 6, 14, 21, 20, 10, 0, 3, 2, 2, 3, 3, 4, 4, 5, 6, 7, 6, 7, 7, 5, 4, 6, 7, 6, 7, 7, 6, 7, 6, 7, 7, 6, 7, 7, 7, 6, 7, 7, 6, 6, 6, 6, 6, 6, 6, 6, 6, 6, 6, 6, 6, 6, 6, 6, 6, 6, 6, 6, 6, 6, 6, 6, 6, 6, 6, 6, 6, 6, 6, 6, 6, 6, 6, 6, 6, 6, 6, 6, 6, 6, 6, 6, 6, 6, 6, 6, 6, 6, 6, 6, 6, 6, 6, 6, 6, 6, 6, 6, 6, 6, 6, 6, 6, 6, 6, 6, 6, 6, 6, 6, 6, 6, 6, 6, 6, 6, 6, 6, 6, 6, 6, 6, 6, 6, 6, 6, 6, 6, 6, 6, 6, 6, 6, 6, 6, 6, 6, 6, 6, 6, 6, 6, 6, 6, 6, 6, 6, 6, 6, 6, 6, 6, 6, 6, 6, 6, 6, 6,
target_str: -7, -8, -9, -4, -3, -8, -5, -2, 0, -8, -10, -14, 99, 20, -23, -5, -14, -8, -1, -4, -2, 7, 14, 27, 24, 9, 0, -5, -4, -7, -8, -7, -6, -5, -3, -10, -9, -6, -5, -8, -5, 1, -8, -3, -26, 32, 94, -17, -7, -14
mse: 0.02399401662106355
----------------------
pred_str: -29, -25, -18, -10, -10, -11, -12, -15, -12, -12, -12, -12, -10, -7, -5, -8, -11, -13, -19, -25, -18, -16, -10, -14, -13, -14, -15, -13, -12, -11, -8, -7, -10, -12, -16, -19, -24, -21, 90, -60, -87, -11, -14, 2, 5, 14, 19, 34, 52, 65, 72, 54, 18, -1, -6, -8, -9, -6, -5, -5, -4, -3, -3, -2, -2, -2, -2, -2, -2, -2, -2, -3, -1, -2, -3, -3, -3, -3, -2, -2, -2, -3, -3, -2, -2, -3, -3, -3, -2, -2, -2, -2, -2, -2, -2, -2, -3, -2, -2, -3, -2, -3, -3, -2, -3, -3, -3, -2, -2, -2, -2, -2, -2, -2, -2, -2, -2, -3, -2, -3, -3, -3, -2, -2, -3, -3, -3, -3, -3, -3, -2, -2, -2, -2, -2, -2, -2, -2, -2, -2, -2, -2, -2, -2, -2, -2, -2, -2, -2, -2, -2, -2, -2, -2, -2, -
target_str: 2, -5, -4, -8, -8, -8, -9, -2, 3, 3, -1, -12, 1, -21, 30, 111, -74, -28, -10, 0, 0, 3, 9, 17, 39, 55, 64, 63, 21, -1, -17, -20, -25, -21, -17, -14, -16, -19, -20, -21, -17, -20, -20, -19, -2, -5, -17, -19, -25, -18
mse: 0.0811110402386865
----------------------
