pred_str: -4, 1, 7, 21, 31, 41, 40, 23, 2, -3, -6, -7, -7, -6, -5, -4, -5, -5, -6, -7, -6, -7, -6, -6, -8, -6, -7, -8, -7, -6, -13, -8, -14, 3, 113, -16, -14, -10, -5, -2, 2, 12, 23, 35, 42, 42, 26, 4, -2, -4, -5, -6, -5, -5, -4, -5, -5, -6, -6, -7, -6, -6, -8, -7, -8, -8, -8, -10, -8, -10, -12, -13, -12, -19, 60, 51, -31
target_str: -2, 2, 9, 19, 31, 36, 35, 19, 4, -4, -6, -9, -8, -10, -9, -10, -9, -10, -9, -10, -10, -9, -10, -9, -10, -8, -9, -6, -8, -12, -11, -12, -10, -13, 8, 105, -1, -25, -5, -8, 0, -1, 1, 9, 17, 28, 35, 38, 25, 7
mse: 0.030360957565452252
----------------------
pred_str: -4, -4, -1, 0, 1, -6, -4, -13, -11, -10, -11, -15, 12, 15, -1, -7, -3, -1, 1, 12, 23, 34, 29, 11, 0, -2, -5, -6, -7, -5, -5, -7, -5, -6, -7, -7, -6, -5, -3, -1, -10, -7, -19, -9, -18, 48, 72, -19, -1, -13, -2, -4, 0, 5, 12, 26, 35, 33, 21, 2, -3, -7, -10, -10, -8, -8, -7, -6, -7, -8, -8, -8, -6, -4, 0, -3, -12, -10, -16, -13, 37, 83, -22, -2
target_str: -5, -6, -9, -8, -6, -2, 1, -9, -13, -14, -19, -13, -24, 94, 27, -29, -4, -16, -6, -6, -1, 1, 14, 26, 32, 29, 14, -1, -8, -9, -7, -9, -9, -7, -9, -8, -10, -9, -12, -11, -8, -2, 0, -7, -14, -12, -19, -8, -24, 82
mse: 0.03575750174701149
----------------------
pred_str: -15, -11, -27, 34, 59, -12, -7, -12, -10, -7, -2, 4, 18, 24, 20, 4, -3, -10, -12, -9, -6, -6, -5, -5, -4, -6, -7, -5, -4, -3, -3, -5, -4, -7, -6, -4, -10, -6, -18, 55, 46, -10, -5, -12, -10, -7, -3, 1, 13, 24, 25, 12, -2, -7, -11, -8, -6, -5, -4, -4, -5, -5, -4, -4, -5, -4, -5, -6, -3, -3, -10, -5, -15, -10, -23, 55, 25, -10, -6, -10, -10, -8, -4, 2, 15, 23, 22, 8, -4, -7, -10, -8, -7, -6, -6, -5, -5, -4, -5, -5
target_str: -17, -9, -33, 32, 64, -16, -7, -13, -7, -7, -2, 2, 9, 21, 27, 21, 10, -1, -2, -4, -8, -5, 2, 0, 0, 3, 0, 0, -2, -2, 0, 4, 5, -4, -4, -4, -2, -14, 78, 35, -7, 0, -2, 1, 1, 1, 10, 17, 23, 25
mse: 0.014606973314704064
----------------------
pred_str: -1, 1, 6, 13, 24, 36, 45, 44, 23, 0, -5, -10, -11, -9, -10, -9, -9, -11, -11, -11, -11, -12, -12, -13, -12, -12, -12, -11, -8, 0, 5, -9, -19, -5, -25, 99, 16, -31, -6, -8, -3, -4, -1, 4, 10, 21, 31, 39, 39, 19, 0, -6, -10, -10, -9, -9, -9, -9, -11, -10, -11, -11, -12, -13, -12, -12, -13, -11, -9, -5
target_str: -1, 4, 9, 18, 26, 36, 40, 26, 3, -7, -11, -11, -10, -11, -9, -9, -8, -7, -10, -11, -12, -10, -9, -11, -13, -10, -10, -8, 0, 5, 0, -16, -9, -17, 10, 99, -29, -12, -5, -2, 0, 4, 6, 12, 21, 31, 41, 37, 18, 0
mse: 0.006191307961025232
----------------------
pred_str: 26, -1, -11, -14, -10, -12, -18, -19, -17, -16, -18, -17, -18, -17, -17, -13, 1, 7, -21, -17, -42, 66, 49, -80, -17, -20, -12, -2, 1, 15, 31, 48, 64, 73, 67, 35, 10, -1, -10, -12, -10, -13, -14, -10, -10, -10, -14, -16, -18, -18, -16, -17, -15, 0, 8, -18, -12, -38, 65, 100
target_str: 29, -7, -21, -20, -26, -25, -24, -25, -27, -28, -34, -32, -33, -31, -27, -25, -28, -36, -21, -4, 8, -4, -26, -12, -20, 104, -30, -56, -2, -8, -2, 5, 17, 32, 42, 49, 59, 65, 55, 29, 12, -2, -5, -1, -4, -3, -7, -4, -6, -10
mse: 0.062113242339895604
----------------------
pred_str: 0, 2, 7, 13, 23, 35, 41, 39, 17, -2, -7, -8, -11, -9, -11, -12, -11, -11, -11, -11, -10, -11, -11, -10, -11, -9, -10, -11, -10, -10, -8, -10, -9, -11, -10, -9, -11, -10, -12, -11, -12, -11, -10, -12, -11, -13, -12, -14, -12, -12, -12, -12, -12, -12, -13, -11, -10, -10, -11, -11, -11, -11, -12, -11, -13, -12, -13, -14, -13, -13, -12, -11, -12, -11, -12, -12, -13, -12, -12, -12, -13, -12, -12, -12, -13, -12, -12, -12, -13, -12, -12, -13
target_str: -4, 0, 4, 16, 26, 37, 46, 26, 3, -5, -7, -6, -6, -12, -4, -6, -8, -7, -4, -3, -6, -11, -5, -9, -5, -7, -8, -2, 2, -3, -5, -9, -5, -16, -4, -20, 50, 72, -15, 1, -11, -5, -10, -2, -5, -3, 3, 12, 25, 36
mse: 0.016420212159707966
----------------------
pred_str: 42, 34, 16, 1, -5, -5, -4, -3, -3, -3, -3, -4, -4, -4, -4, -5, -5, -6, -5, -2, -2, 1, 10, 17, -1, -10, -5, -14, 79, 35, -36, 0, -13, -3, -9, -4, -4, 0, 7, 14, 29, 37, 39, 27, 1, -4, -5, -5, -5, -5, -4, -5, -5, -4, -5, -5, -5, -5, -4, -3, 3, 5, -12, -4, -19, 44, 52, -24, -2, -12, -5, -8, -3, -2, 0, 5, 16, 26, 34, 42, 33, 15, 1, -3, -6, -5, -6, -5, -5, -4, -4, -5, -4, -5, -5, -5, -5, -6, -6, -4, 1, 3, -12, -5, -18, 44, 57, -21, -3
target_str: 34, 14, 0, -10, -11, -9, -11, -10, -5, -6, -4, -7, -8, -8, -6, -10, -10, -10, -1, 6, -2, -15, -13, -17, 5, 87, -12, -11, -12, -11, -10, -5, -4, -6, 0, 7, 12, 24, 35, 34, 20, 4, -3, -9, -11, -11, -11, -10, -10, -8
mse: 0.029989086611850263
----------------------
pred_str: -3, -1, -10, -10, -11, -10, -6, -4, 4, 15, 29, 44, 54, 53, 23, -2, -13, -14, -12, -10, -11, -10, -10, -10, -10, -10, -10, -10, -11, -11, -11, -11, -12, -12, -13, -13, -13, -12, -14, -12, -12, -13, -15, -12, -17, -14, -16, -16, -16, -14, -12, -11, -11, -17
target_str: -2, -6, -2, -3, -3, -4, -3, -4, -4, -5, -2, -6, -6, -7, -4, -10, -7, -11, -6, -6, -6, -10, -4, -8, -8, -4, -8, -10, -8, -5, -2, 2, 0, -5, -14, -10, -11, -10, -1, 81, 28, -11, -1, -6, 0, 0, 7, 7, 14, 21
mse: 0.026688363952438395
----------------------
pred_str: -11, -12, -10, 0, -12, -14, -15, 94, 24, -32, -1, -16, -7, -10, -6, 0, 9, 30, 53, 67, 38, 12, -6, -18, -22, -18, -19, -18, -12, -12, -15, -15, -14, -13, -14, -14, -12, -10, 1, 3, -14, -14, -22, -14, -11, 110, 16, -30, -1, -17, -6, -5, -1, 4, 21, 43, 57, 52, 25, -1, -16, -17, -11, -16, -13, -12, -12, -11, -14, -12, -12, -12, -11, -12, -12, -12, -12, -11, 0
target_str: -11, -12, -7, -11, -10, -5, -11, -6, -5, 0, 6, 17, -7, -3, -10, 0, -9, 78, 80, -36, 5, -4, 5, 6, 2, 11, 19, 35, 56, 76, 59, 26, 4, -11, -10, -4, -7, -10, -8, -12, -10, -10, -20, -16, -15, -23, -15, -24, -13, -8
mse: 0.07284745931194253
----------------------
pred_str: 2, -18, 10, -13, -15, -13, -23, 17, 28, -113, -33, -26, -40, -38, -38, -34, -16, -2, 5, -14, -18, -22, -17, -15, -8, -5, -1, 2, 4, 7, 13, 18, 14, 10, 7, 3, 4, 11, 17, 45, 44, 14, 5, 5, 10, 15, 21, 45, 48, 24, 8, 3, 5, 12, 17, 32, 54, 53, 29, 12, 0, 0, 2, 3, 6, 10, 11, 10, 10, 11, 13, 11, 10, 6, 1, 1, 6, 12, 24, -11, -3, -13, -13, -14, -16, -18, -11, -1, -4, 0, 2, 5, 12, 16, 11, 7, 10, 7, 10, 14, 43, -13, -17, 1, 1, 7, 4, 13, 22, 40, 51, 44, 17
target_str: -10, -14, -25, -18, -35, 19, 42, -99, -43, -29, -23, -22, -17, -9, 8, 31, 43, 29, 3, -17, -18, -24, -31, -24, -25, -30, -33, -35, -36, -35, -32, -23, -19, -12, -1, 5, 10, 8, 9, 19, 8, 114, 24, -40, 33, 25, 39, 40, 48, 53
mse: 0.07209684907578018
----------------------
pred_str: -17, -12, -15, -15, -15, -14, 3, -11, -12, -20, -19, -19, -24, 66, 40, -40, -10, -19, -7, -7, -1, 3, 12, 28, 52, 78, 92, 76, 32, 0, -15, -14, -13, -11, -10, -12, -10, -11, -16, -16, -17, -18, -15, -18, -14, -17, -13, -13, -11, -11, -12, -2, -16, -17, -23, -21, -18, 63, 36, -43, -13, -19, -6, -5, 1, 7, 21
target_str: -37, -38, -42, -37, -19, 69, 0, -46, -21, -20, -13, -19, -4, 0, 15, 29, 59, 87, 83, 54, 15, -9, -10, -6, -17, -11, -4, -4, -6, -13, -6, -9, -18, -13, -10, -16, -7, 2, 1, -15, -16, -20, -26, 24, 88, -29, -19, -22, -14, -14
mse: 0.09188646718448351
----------------------
pred_str: -47, -20, -26, -16, -14, 4, 1, 27, 48, 73, 80, 50, 7, -1, -6, -11, -10, -13, -10, -9, -9, -9, -9, -9, -11, -10, -11, -11, -15, -11, -14, -16, -15, -11, -7, -12, -12, -11, -13, -11, -11, -17, -15, -19, -17, -19, -18, -15, -12, -11, -12, -10, -10, -11, -10, -9, -10, -10, -11, -12, -12
target_str: -21, -45, -11, -17, -5, -6, 3, 4, 17, 33, 63, 81, 84, 62, 22, 3, -7, -11, -8, -11, -5, -8, -7, -5, -5, -7, -9, -9, -17, -24, -19, -27, -21, -19, -24, -15, -15, -13, -6, -5, -18, -18, -17, -31, -22, -16, 70, 33, -70, -10
mse: 0.030908461502417724
----------------------
pred_str: -15, -12, -16, -17, -13, -11, -20, -27, -14, -22, -23, -13, -17, 21, 80, -19, -11, -11, -10, -3, -11, -6, -1, -5, 1, 16, 32, 63, 44, 16, -5, -14, -16, -15, -15, -10, -11, -9, -9, -11, -8, -11, -11, -12, -13, 14, 93, -17, -17, -15, -13, -10, -12, -1, -3, 10, 23, 54, 55, 31, 7, -4, -15, -15, -17, -17, -12, -12, -10, -11, -10, -12, -13, -13, -10, -7, -15, -16, -14, -11, 31
target_str: -11, -5, -18, -18, -21, -9, -16, -33, -26, -26, -24, -15, -28, 48, 96, -16, -13, -12, -10, -12, -7, -6, 0, 12, 32, 55, 61, 52, 25, 6, -3, -16, -13, -11, -10, -8, -11, -13, -11, -14, -15, -15, -10, -4, 3, -8, -16, -23, -16, -20
mse: 0.01831979571161681
----------------------
pred_str: -16, -13, -12, -16, -11, -11, -10, -10, -10, -12, -12, -11, -12, -12, -12, -14, -22, -12, -4, -11, -14, -14, -14, -14, -15, -15, -15, -17, -14, -11, -14, -16, -15, -13, -17, 67, 63, -9, -10, -11, -11, -12, -1, 0, 2, 14, 29, 29, 25, 2, -7, -14, -12, -10, -11, -10, -12, -12, -13, -13, -14, -13, -13, -14, -16, -13, -11, -14, -15, -17, -16, -13, -18, 26, 87, 1, -9, -10, -11, -10, -11
target_str: -18, -10, -17, -8, -8, 2, 14, 19, 20, 15, -4, -16, -9, -13, -11, -15, -4, -5, -3, -5, -4, -6, -10, 2, -5, 0, 3, -6, -10, -6, -16, 20, 92, 5, -7, -6, 0, 5, -8, 6, 5, 16, 22, 38, 30, 15, 11, -6, -14, -17
mse: 0.03460950962111617
----------------------
pred_str: -7, -7, -9, -10, -10, -10, 0, -10, -18, 64, 87, -16, -4, -9, -5, -4, 1, 7, 16, 25, 16, 8, -2, -5, -5, -7, -5, -6, -5, -6, -5, -5, -5, -5, -5, -6, -5, -4, -4, -5, -7, -10, -1, 101, 26, -10, -1, -10, -2, -3, 0, 5, 14, 22, 17, 9, -2, -7, -8, -9, -8, -7, -8, -7, -7, -6, -7, -7, -8, -7, -8, -8, -7, -7, -6, -7, -10, -12, -11, -22, 43, 88, -17, -4, -11, -3, -3, 1, 7, 17, 23, 18, 9, -2, -5, -7, -8, -8, -8, -8, -7, -7, -7, -6, -7, -7, -7, -6, -7, -6, -8, -7, -9
target_str: -7, -6, -3, -3, -4, -5, -11, -5, -20, 75, 72, -17, 1, -9, -3, -3, 0, 5, 11, 17, 22, 17, 3, -4, -5, -6, -6, -6, -4, -6, -5, -7, -5, -5, -6, -6, -7, -6, -7, -7, -7, -8, -7, -7, -5, -5, -3, -6, -6, -10
mse: 0.013457018809106349
----------------------
pred_str: -11, -12, -16, -17, -16, -17, -17, -19, -19, -21, -18, -18, -18, -16, -16, -15, -21, -20, -15, -18, -16, -17, -20, -23, -17, -21, -32, 76, 59, -28, -6, -18, -11, -10, -4, -1, 11, 23, 33, 42, 36, 13, -5, -12, -13, -16, -19, -17, -21, -21, -19, -19, -18, -21, -18, -19, -17, -15, -20, -20, -20, -23, -16
target_str: -9, -8, -10, -10, -13, -11, -8, -7, -11, -12, -14, -11, -9, -11, -3, -11, -13, -14, -8, -22, 54, 90, -13, -3, -10, 0, -3, -3, 3, 5, 19, 28, 36, 31, 10, -7, -6, -7, -11, -7, -7, -7, -6, -8, -5, -3, -5, -8, -3, -2
mse: 0.04463040157134606
----------------------
pred_str: 21, 19, 14, 11, 7, 2, 0, -3, -15, -23, -15, -26, -26, -24, -28, -28, -29, -29, -29, -29, -30, -30, -30, -30, -30, -31, -30, -31, -31, -30, -28, -21, -13, -6, -14, -20, -15, -23, -21, -24, -24, -23, -22, -20, -17, -12, -10, -11, -11, -11, -12, -13, -11, -13, -14, -16, -15, -16, -18, -20, -18, -18, -17, -16, -13, -11, -11, -16, -15, -22, -19, -14, 12, 118, -27, -1, -1, 0, 1, 2, 5, 10, 14, 15, 11, 6, 2, 0, -1, -9, -17, -18, -27, -29, -29, -29, -29, -29, -29, -30, -30, -30
target_str: 20, 24, 33, 43, 52, 48, 34, 23, 23, 21, 9, -2, -7, -14, -17, -20, -24, -26, -26, -28, -30, -31, -30, -26, -31, -30, -37, -28, -49, 61, 21, -40, -28, -38, -30, -34, -27, -27, -24, -16, -10, -3, -2, -6, -12, -16, -16, -14, -15, -12
mse: 0.026765877950682616
----------------------
pred_str: -10, -3, -1, 2, 11, 30, 54, 73, 73, 61, 15, -6, -19, -22, -21, -19, -17, -19, -17, -18, -19, -19, -17, -16, -16, -19, -15, -14, -18, -19, -18, -15, -16, -16, -15, -16, -13, -14, -14, -13, -12, -15, -13, -13, -12, -13, -11, -11, -10, -10, -11, -11, -10, -11, -10, -10, -10, -10, -11, -11, -10, -12, -10, -11, -11, -11, -11, -12, -12, -13, -11, -11, -12, -13, -12, -11, -11, -12, -11, -11, -11, -12, -13, -12, -12, -12, -12, -12, -12, -12, -12, -12, -13, -12, -12, -12, -12, -12
target_str: 0, 4, 13, 27, 49, 70, 75, 59, 23, -1, -15, -15, -12, -19, -13, -12, -11, -16, -11, -15, -11, -16, -17, -12, -5, 1, -8, -14, -20, -17, -22, -19, 122, -31, -46, -6, -12, 2, 1, 10, 12, 27, 41, 57, 79, 80, 47, 18, -4, -11
mse: 0.06437096018748975
----------------------
pred_str: -26, -20, -19, -23, -20, -19, -27, -17, -26, -18, -21, -13, -13, -20, -18, -13, -2, 3, -20, -17, -29, 53, 23, -56, -9, -14, -1, 1, 14, 20, 33, 55, 72, 85, 82, 65, 14, -15, -20, -21, -17, -17, -19, -16, -13, -12, -16, -13, -15, -18, -15, -16, -17, -16, -16, -20
target_str: 8, 49, -51, -31, -7, -2, -5, 2, 13, 23, 38, 51, 85, 85, 69, 28, -8, -19, -30, -28, -25, -14, -21, -17, -21, -16, -19, -30, -18, -21, -18, -19, -27, -19, -21, -3, -2, -18, -19, -26, 47, 43, -45, -3, -15, 7, 7, 17, 23, 28
mse: 0.11766428695501517
----------------------
pred_str: -3, 74, -14, -11, -10, -13, -5, 3, 9, 18, 28, 36, 28, 10, -4, -11, -9, -9, -11, -11, -12, -9, -12, -11, -11, -11, -14, -14, -13, -11, -11, -10, -10, -10, -14, -12, -10, -10, -12, -11, -12, -17, -10, -23, 64, 30, -15, -5, -12, -5, -4, 0, 10, 17, 27, 32, 24, 9, -1, -9, -10, -12, -10, -11, -9, -11, -10, -11, -12, -11, -10, -12, -13, -12, -11, -12, -11, -12, -12, -13, -11, -12, -13, -10, -11, -10, -15, -16, -11, -19
target_str: 21, 105, -6, -3, -3, -3, -1, 2, 9, 14, 18, 31, 41, 39, 22, 3, -7, -2, -6, -9, -3, -7, 2, -6, -7, -7, -13, -11, -12, -12, -9, -16, -10, -11, -12, -11, -8, 4, -6, -15, -9, -20, -7, -33, 62, 71, -22, -4, -9, -2
mse: 0.006342411198108888
----------------------
pred_str: -10, -6, 5, 11, 9, 22, 37, 58, 38, 26, 16, 0, -5, -3, -3, -6, -2, -1, -1, -11, -7, -4, -6, -10, -7, -10, -8, -7, -11, -4, -11, -10, -8, -10, -12, -15, -11, -10, -16, -12, -16, -14, -17, -15, -14, -13, -12, -10, -13, -11, -10, -14, -10, -14, -11, -11, -12, -11, -12, -13, -10, -12, -12, -12, -12, -13, -14, -14, -15, -13, -12, -10, -12, -11, -13, -13, -12, -14, -14, -14, -14, -15, -12, -13, -13, -12, -12, -12, -14, -12, -14, -13, -14, -12, -12, -14, -13, -12, -13, -14, -13, -13, -13
target_str: -19, -10, -5, -8, 7, -85, -67, 1, -12, 7, 4, 11, 12, 31, 34, 51, 39, 19, 1, 2, -8, -15, -1, 0, -4, -14, 5, -1, -3, -2, 5, 3, -7, -11, -7, 17, -60, -85, -8, -3, 7, 8, 13, 22, 30, 48, 50, 39, 29, 13
mse: 0.0640079199425485
----------------------
pred_str: -14, -17, 52, 56, -16, -3, -13, -5, -11, -13, -14, -10, -11, -16, 4, -1, -15, -18, -17, -18, -13, 1, 99, 14, -14, -10, -8, -13, -11, -10, 2, -2, 1, 16, 40, 28, -5, -10, -6, -10, -7, -3, -1, -6, -9, -7, -4, -3, -6, -8, -12, -11, -11, 59, 63, -12, -4, -10, -6, -9, -5, -4, -1, 0, 12, 38, 35, 4, -9, -13, -10, -11, -8, -12, -10, -14, -9, -9, -11, -13, -13, -15, -13, 85, 69, -19, -4, -11, -9, -12, -10, -4, -1, 0, 6, 16, 37, 28, -1, -9, -5, -10, -10, -8
target_str: -7, -8, -9, -8, 7, 9, -6, -20, -11, -13, -8, -17, 73, 45, -25, -5, -16, -11, -10, -4, 2, -2, 5, 22, 41, 31, 1, 3, 1, -8, -20, -7, -2, -8, -6, -9, -6, -3, -11, -2, -15, 6, 11, 5, -15, -25, 2, -12, -14, -4
mse: 0.04014832633109832
----------------------
pred_str: -15, -10, -8, -2, 0, 7, 13, 29, 55, 85, 93, 76, 26, -4, -10, -14, -11, -8, -11, -10, -11, -10, -11, -10, -12, -13, -13, -10, -13, -15, -13, -12, -14, -13, -13, -10, -8, -9, -5, -10, -6, -8, -14, -20, -27, 13, 38, -51, -12, -10, -9, -6, 1, 12, 16, 33, 62, 85, 98, 89, 67, 16, -7, -15, -15, -10, -14, -10, -10, -11, -12, -10, -10, -11, -10, -12, -13, -13, -10, -17, -11, -18, -14, -14, -12, -17, -10, -10, -6
target_str: -28, -10, -8, -3, 0, 3, 22, 31, 42, 73, 100, 98, 61, 30, -2, -12, -15, -12, -15, -16, -13, -6, -15, -15, -9, -20, -21, -14, -22, -16, -20, -19, -20, -11, -20, -10, 0, -3, -11, -33, -9, -31, 29, 3, -69, -5, -18, -4, -2, 5
mse: 0.015166251529883839
----------------------
pred_str: -5, -5, -6, -7, -5, -5, -5, -5, -5, -1, -10, -13, 42, 81, -25, -2, -13, -8, -6, -5, -5, 1, 15, 21, 21, 17, 4, -7, -9, -9, -7, -6, -5, -7, -8, -5, -7, -6, -4, -6, -5, -6, -5, -1, -5, -13, -15, 47, 86, -15, -1, -11, -6, -5, -3, 0, 13, 22, 21, 15, 3, -5, -9, -8, -7, -6, -4, -6, -6, -6, -7, -5, -4, -6, -4, -4, -3, -2, -3, -4, -3, -1, -3, -3, -2, -1, -1, -1, -4, -8, 13, 103, -1, -11, -5, -6, -4, -4, -1, 10, 22, 27, 24, 14, 2, -6, -7, -8, -6, -5, -6, -6, -5, -5, -5, -5, -5, -4, -4, -4, -4, -4, -2, -5, -9, -14
target_str: -7, -8, -9, -4, -3, -8, -5, -2, 0, -8, -10, -14, 99, 20, -23, -5, -14, -8, -1, -4, -2, 7, 14, 27, 24, 9, 0, -5, -4, -7, -8, -7, -6, -5, -3, -10, -9, -6, -5, -8, -5, 1, -8, -3, -26, 32, 94, -17, -7, -14
mse: 0.03391286482676943
----------------------
pred_str: -1, -1, -1, -2, -2, -1, -3, -5, -10, -13, -13, -24, -23, -29, -12, 98, -41, -34, -13, -5, -2, 10, 23, 36, 51, 64, 65, 54, 14, -7, -12, -14, -11, -14, -13, -13, -12, -11, -11, -11, -13, -15, -11, -14, -20, -28, -36, -33, 111, -22, -52, -2, -11, -4, 3, 20, 28, 48, 64, 69, 60, 18, -7, -14, -16, -14, -12, -10, -8, -12
target_str: 2, -5, -4, -8, -8, -8, -9, -2, 3, 3, -1, -12, 1, -21, 30, 111, -74, -28, -10, 0, 0, 3, 9, 17, 39, 55, 64, 63, 21, -1, -17, -20, -25, -21, -17, -14, -16, -19, -20, -21, -17, -20, -20, -19, -2, -5, -17, -19, -25, -18
mse: 0.025805293086365075
----------------------
