pred_str: 2, 10, 17, 29, 37, 39, 27, 11, 0, -5, -5, -6, -5, -4, -4, -3, -3, -3, -3, -4, -4, -5, -5, -6, -6, -6, -4, -4, -5, -4, -3, -5, -6, -10, 4, 99, -25, -12, -11, -6, -1, 1, 8, 18, 30, 37, 39, 24, 6, -3, -6, -5, -6, -6, -5, -6, -5, -6, -5, -5, -5, -6, -6, -6, -5, -5, -5, -5, -4, -6
target_str: -2, 2, 9, 19, 31, 36, 35, 19, 4, -4, -6, -9, -8, -10, -9, -10, -9, -10, -9, -10, -10, -9, -10, -9, -10, -8, -9, -6, -8, -12, -11, -12, -10, -13, 8, 105, -1, -25, -5, -8, 0, -1, 1, 9, 17, 28, 35, 38, 25, 7
mse: 0.0029053031493812536
----------------------
pred_str: -7, -7, -10, -7, -11, -7, -12, -11, -9, -11, -10, -11, -9, -9, -7, -6, -11, -14, -14, -20, 31, 80, -24, -10, -10, -10, -7, -4, 2, 15, 27, 36, 32, 19, 4, -4, -11, -12, -10, -10, -9, -9, -10, -10, -10, -10, -10, -10, -10, -10, -12, -10, -12, -11, -15, -15, -20, 22, 83, -24, -10, -12, -12, -8, -5, 1, 12, 26
target_str: -5, -6, -9, -8, -6, -2, 1, -9, -13, -14, -19, -13, -24, 94, 27, -29, -4, -16, -6, -6, -1, 1, 14, 26, 32, 29, 14, -1, -8, -9, -7, -9, -9, -7, -9, -8, -10, -9, -12, -11, -8, -2, 0, -7, -14, -12, -19, -8, -24, 82
mse: 0.04145527121288686
----------------------
pred_str: -13, -14, -13, -12, -11, 23, 56, -11, -4, -12, -8, -6, -3, 1, 13, 22, 27, 21, 12, 1, -5, -5, -6, -4, -6, -3, -3, -3, -3, -3, -5, -6, -5, -5, -10, -7, -11, -11, -6, -10, -13, -11, -13, -13, -12, -12, -12, -13, -10, -13, -12, -13, -13, -10, -10, -11, -11, -12, -10, -11, -12, -11, -11, -13, -12, -11, -11, -11, -12, -11, -13, -12, -12, -11, -12, -13, -12, -12, -11, -11, -13, -12
target_str: -17, -9, -33, 32, 64, -16, -7, -13, -7, -7, -2, 2, 9, 21, 27, 21, 10, -1, -2, -4, -8, -5, 2, 0, 0, 3, 0, 0, -2, -2, 0, 4, 5, -4, -4, -4, -2, -14, 78, 35, -7, 0, -2, 1, 1, 1, 10, 17, 23, 25
mse: 0.02915801880789014
----------------------
pred_str: 3, -4, 1, 11, 19, 28, 37, 42, 32, 20, 5, -9, -10, -10, -10, -8, -9, -10, -10, -12, -11, -11, -12, -11, -12, -12, -13, -12, -12, -12, -12, -13, -12, -12, -11, -11, -11, -11, -11, -11, -10, -11, -10, -10, -10, -10, -9, -11, -10, -10, -10, -10, -10, -11, -10, -10, -10, -10
target_str: -1, 4, 9, 18, 26, 36, 40, 26, 3, -7, -11, -11, -10, -11, -9, -9, -8, -7, -10, -11, -12, -10, -9, -11, -13, -10, -10, -8, 0, 5, 0, -16, -9, -17, 10, 99, -29, -12, -5, -2, 0, 4, 6, 12, 21, 31, 41, 37, 18, 0
mse: 0.02497520647225614
----------------------
pred_str: 28, -6, -16, -14, -17, -18, -16, -13, -12, -16, -20, -18, -21, -20, -17, -14, -14, 1, 10, -25, -13, -48, 46, 90, -69, -10, -31, -16, -4, 1, 15, 33, 54, 64, 72, 62, 21, -1, -13, -20, -13, -15, -13, -13, -15, -17, -16, -16, -14, -13, -13
target_str: 29, -7, -21, -20, -26, -25, -24, -25, -27, -28, -34, -32, -33, -31, -27, -25, -28, -36, -21, -4, 8, -4, -26, -12, -20, 104, -30, -56, -2, -8, -2, 5, 17, 32, 42, 49, 59, 65, 55, 29, 12, -2, -5, -1, -4, -3, -7, -4, -6, -10
mse: 0.05753697287393336
----------------------
pred_str: 0, 1, 1, 9, 22, 40, 44, 38, 11, -3, -4, -8, -6, -6, -7, -6, -7, -4, -4, -3, -5, -4, -5, -7, -4, -5, -6, -3, -5, -1, 1, -10, -1, -12, -4, -13, -15, 37, 81, 2, 4, -7, -4, -6, -2, 1, 1, 8, 17, 35, 41, 36, 11, -3, -5, -11, -10, -8, -9, -8, -8, -7, -4, -9, -6, -9, -8, -9, -10, -5, -11, -11, -10, -11, -11, -11, -13, -13, -13, -14, -13, -15, -15, -16, -16, -16, -17, -16, -17, -18, -18, -18, -18
target_str: -4, 0, 4, 16, 26, 37, 46, 26, 3, -5, -7, -6, -6, -12, -4, -6, -8, -7, -4, -3, -6, -11, -5, -9, -5, -7, -8, -2, 2, -3, -5, -9, -5, -16, -4, -20, 50, 72, -15, 1, -11, -5, -10, -2, -5, -3, 3, 12, 25, 36
mse: 0.015382113297146206
----------------------
pred_str: 34, 37, 17, 0, -11, -7, -7, -8, -8, -7, -5, -8, -7, -6, -6, -7, -6, -8, -9, -6, -6, -2, 1, 1, -15, -4, -23, 44, 66, -29, -3, -16, -5, -10, -4, -5, 0, 4, 11, 24, 33, 35, 28, 10, -2, -10, -11, -11, -10, -10, -9, -9, -7, -9, -10, -10, -12, -11, -9, -9, -5, 1, 1, -17, -4, -27, 49, 54, -31, -1, -16, -6, -10, -4, -4, 1, 12, 22, 36, 39, 32, 16, 1, -5, -7, -8, -6, -7, -6, -6, -7, -6, -7, -7, -7, -11
target_str: 34, 14, 0, -10, -11, -9, -11, -10, -5, -6, -4, -7, -8, -8, -6, -10, -10, -10, -1, 6, -2, -15, -13, -17, 5, 87, -12, -11, -12, -11, -10, -5, -4, -6, 0, 7, 12, 24, 35, 34, 20, 4, -3, -9, -11, -11, -11, -10, -10, -8
mse: 0.023786004372610723
----------------------
pred_str: -11, -15, -19, -20, -21, -20, -19, -16, -18, -18, -18, -18, -19, -21, -20, -22, -21, -22, -23, -25, -26, -26, -27, -28, -28, -29, -28, -29, -28, -29, -28, -29, -30, -30, -30, -30, -30, -29, -30, -29, -29, -29, -30, -29, -29
target_str: -2, -6, -2, -3, -3, -4, -3, -4, -4, -5, -2, -6, -6, -7, -4, -10, -7, -11, -6, -6, -6, -10, -4, -8, -8, -4, -8, -10, -8, -5, -2, 2, 0, -5, -14, -10, -11, -10, -1, 81, 28, -11, -1, -6, 0, 0, 7, 7, 14, 21
mse: 0.03195146631423544
----------------------
pred_str: 0, -10, 2, -12, -14, -13, -21, 84, 29, -25, -12, -12, -10, -10, -4, 3, 14, 39, 55, 51, 22, -8, -14, -16, -14, -16, -17, -16, -14, -16, -13, -14, -13, -13, -14, -14, -11, -10, 2, -11, -16, -12, -17, -17, -10, 101, 27, -26, -12, -17, -10, -13, -2, 1, 13, 28, 49, 52, 26, 0, -14, -17, -14, -17, -16, -17, -15, -16, -14
target_str: -11, -12, -7, -11, -10, -5, -11, -6, -5, 0, 6, 17, -7, -3, -10, 0, -9, 78, 80, -36, 5, -4, 5, 6, 2, 11, 19, 35, 56, 76, 59, 26, 4, -11, -10, -4, -7, -10, -8, -12, -10, -10, -20, -16, -15, -23, -15, -24, -13, -8
mse: 0.06454953674040681
----------------------
pred_str: 0, -11, -10, -13, -14, -12, -12, -14, -10, -11, -10, -14, -15, -17, -14, -14, -17, -15, -16, -13, -11, -12, -12, -11, -10, -11, -11, -12, -12, -14, -11, -11, -11, -10, -10, -12, -12, -13, -12, -13, -12, -12, -13, -13, -14, -14, -13, -13, -12, -12, -11, -13, -13, -11, -12, -11, -12, -11, -12, -12, -11, -12, -12, -12, -12, -11, -12, -12, -12, -12, -12, -12, -12, -12, -12, -12, -12, -12, -12, -12, -12, -12, -13, -12, -13, -13, -13, -13, -13, -13, -12, -12, -12, -12, -12, -12
target_str: -10, -14, -25, -18, -35, 19, 42, -99, -43, -29, -23, -22, -17, -9, 8, 31, 43, 29, 3, -17, -18, -24, -31, -24, -25, -30, -33, -35, -36, -35, -32, -23, -19, -12, -1, 5, 10, 8, 9, 19, 8, 114, 24, -40, 33, 25, 39, 40, 48, 53
mse: 0.06302378652180234
----------------------
pred_str: -13, -11, -12, -13, -14, -15, -17, -17, -16, -17, -13, -13, -14, -13, -10, -10, 0, 0, -6, -14, -13, -18, 50, 43, -37, -11, -16, -9, -6, -2, 4, 12, 29, 52, 84, 93, 72, 18, -11, -15, -18, -17, -13, -14, -15, -17, -18, -18, -19, -22, -17, -18, -21, -19, -17, -14, -15, -11
target_str: -37, -38, -42, -37, -19, 69, 0, -46, -21, -20, -13, -19, -4, 0, 15, 29, 59, 87, 83, 54, 15, -9, -10, -6, -17, -11, -4, -4, -6, -13, -6, -9, -18, -13, -10, -16, -7, 2, 1, -15, -16, -20, -26, 24, 88, -29, -19, -22, -14, -14
mse: 0.08972588713215744
----------------------
pred_str: -3, 1, 10, 38, 68, 75, 43, 1, -11, -17, -16, -15, -15, -12, -12, -12, -11, -10, -10, -11, -9, -12, -11, -14, -13, -11, -13, -10, -11, -12, -10, -14, -12, -14, -16, -18, -18, -17, -16, -17, -15, -15, -17, -16, -15, -15, -13, -12, -15, -12, -13
target_str: -21, -45, -11, -17, -5, -6, 3, 4, 17, 33, 63, 81, 84, 62, 22, 3, -7, -11, -8, -11, -5, -8, -7, -5, -5, -7, -9, -9, -17, -24, -19, -27, -21, -19, -24, -15, -15, -13, -6, -5, -18, -18, -17, -31, -22, -16, 70, 33, -70, -10
mse: 0.06688280620654279
----------------------
pred_str: -10, -9, -12, -10, -12, -13, -16, -10, -10, -10, -13, -10, -13, -15, -19, 37, 80, -22, -10, -11, -8, -6, -1, -2, 13, 23, 52, 50, 27, 1, -11, -16, -14, -13, -17, -10, -13, -13, -13, -13, -12, -12, -13, -13, -14, -16, -15, 25, 90, -22, -12, -17, -13, -10, -5, 3, 11, 31, 54, 62, 38, 2, -11, -16, -14, -15, -13, -6, -10, -11, -9, -12
target_str: -11, -5, -18, -18, -21, -9, -16, -33, -26, -26, -24, -15, -28, 48, 96, -16, -13, -12, -10, -12, -7, -6, 0, 12, 32, 55, 61, 52, 25, 6, -3, -16, -13, -11, -10, -8, -11, -13, -11, -14, -15, -15, -10, -4, 3, -8, -16, -23, -16, -20
mse: 0.045343726593163075
----------------------
pred_str: -2, -6, -5, -4, 2, 9, 21, 28, 35, 28, 16, 4, -6, -11, -13, -10, -11, -10, -12, -7, -11, -12, -10, -11, -11, -12, -14, -14, -14, -14, -12, -11, -10, -10, -7, -1, -10, -10, -15, -12, -10, 21, 89, -10, -6, -13, -10, -8, -3, 0, 6, 15, 29, 36, 39, 25, 12, 1, -10, -10, -13, -9, -12, -11, -13, -8, -12, -12, -12, -13, -15, -14, -12, -11, -13
target_str: -18, -10, -17, -8, -8, 2, 14, 19, 20, 15, -4, -16, -9, -13, -11, -15, -4, -5, -3, -5, -4, -6, -10, 2, -5, 0, 3, -6, -10, -6, -16, 20, 92, 5, -7, -6, 0, 5, -8, 6, 5, 16, 22, 38, 30, 15, 11, -6, -14, -17
mse: 0.02480447943814863
----------------------
pred_str: -4, -5, -3, -4, -4, -4, -5, -5, -5, -5, -6, -5, -6, -5, -5, -6, -5, -5, -5, -5, -6, -4, -6, -5, -5, -2, -3, -2, -2, -4, -10, -12, 10, 93, -11, -3, -7, -3, -3, 0, 4, 11, 18, 20, 14, 5, -1, -6, -6, -6, -6, -6, -6, -5, -6, -6, -6, -6, -6, -5, -5, -5, -5, -5, -6, -7, -6, -7, -10, -12, 4, 104, 33, -10, -3, -9, -4, -2, 2, 8, 16, 24, 16, 8, -1, -6, -6, -6, -6, -6, -5, -6, -6, -6, -6, -6, -6, -6, -6, -6, -6, -7, -6, -7, -6, -7
target_str: -7, -6, -3, -3, -4, -5, -11, -5, -20, 75, 72, -17, 1, -9, -3, -3, 0, 5, 11, 17, 22, 17, 3, -4, -5, -6, -6, -6, -4, -6, -5, -7, -5, -5, -6, -6, -7, -6, -7, -7, -7, -8, -7, -7, -5, -5, -3, -6, -6, -10
mse: 0.026986645667200947
----------------------
pred_str: 1, -3, -3, -6, -10, -10, -10, -14, -11, -12, -13, -12, -14, -12, -11, -14, -12, -13, -11, -13, -11, -10, -12, -14, -15, -12, -16, -18, -15, 100, 19, -19, -10, -13, -8, -6, -5, 1, 2, 24, 35, 40, 38, 18, 0, 0, 4, 4, 10, 17, 31, 41, 38, 30, 5, 0, -1
target_str: -9, -8, -10, -10, -13, -11, -8, -7, -11, -12, -14, -11, -9, -11, -3, -11, -13, -14, -8, -22, 54, 90, -13, -3, -10, 0, -3, -3, 3, 5, 19, 28, 36, 31, 10, -7, -6, -7, -11, -7, -7, -7, -6, -8, -5, -3, -5, -8, -3, -2
mse: 0.03911022746853656
----------------------
pred_str: 22, 18, 11, 10, 8, 4, 2, 1, 0, -1, -7, -10, -16, -16, -23, -21, -23, -26, -27, -28, -27, -26, -26, -27, -25, -26, -27, -27, -26, -27, -27, -27, -27, -28, -28, -28, -29, -29, -29, -29, -30, -30, -29, -28, -29, -29, -29, -29, -28, -29, -29, -29, -29, -29, -29, -29, -29, -29, -29, -29, -29, -29, -29, -29, -29, -29, -29, -29, -29, -29, -29, -29, -29, -29, -29, -29, -29, -29, -29, -29, -29, -29, -29, -29, -29, -29, -29, -29, -29, -29, -29, -29
target_str: 20, 24, 33, 43, 52, 48, 34, 23, 23, 21, 9, -2, -7, -14, -17, -20, -24, -26, -26, -28, -30, -31, -30, -26, -31, -30, -37, -28, -49, 61, 21, -40, -28, -38, -30, -34, -27, -27, -24, -16, -10, -3, -2, -6, -12, -16, -16, -14, -15, -12
mse: 0.022954936568650604
----------------------
pred_str: -1, 6, 14, 30, 50, 70, 70, 50, 17, -6, -13, -12, -12, -13, -11, -12, -12, -12, -13, -12, -12, -12, -12, -12, -13, -13, -14, -15, -13, -12, -14, -12, -10, -11, -10, -9, -11, -11, -12, -10, -13, -12, -12, -13, -11, -12, -13, -13, -13, -12, -12, -12, -12, -12, -12, -12, -12, -12, -13, -12, -12, -12, -12, -12, -12, -12, -13, -12, -12, -12, -12, -12, -12, -12, -12, -12, -13, -13, -13, -13, -12, -12, -12, -12, -12, -12, -13, -12, -12
target_str: 0, 4, 13, 27, 49, 70, 75, 59, 23, -1, -15, -15, -12, -19, -13, -12, -11, -16, -11, -15, -11, -16, -17, -12, -5, 1, -8, -14, -20, -17, -22, -19, 122, -31, -46, -6, -12, 2, 1, 10, 12, 27, 41, 57, 79, 80, 47, 18, -4, -11
mse: 0.05074910148338306
----------------------
pred_str: -29, -21, -17, -15, -17, -17, -17, -15, -13, -10, -9, -12, -22, -16, -14, -20, -13, 0, -23, -19, -31, 66, 21, -44, -5, -15, -2, -1, 15, 14, 30, 51, 76, 89, 89, 68, 21, -10, -18, -21, -21, -16, -17, -17, -15, -13, -17, -14
target_str: 8, 49, -51, -31, -7, -2, -5, 2, 13, 23, 38, 51, 85, 85, 69, 28, -8, -19, -30, -28, -25, -14, -21, -17, -21, -16, -19, -30, -18, -21, -18, -19, -27, -19, -21, -3, -2, -18, -19, -26, 47, 43, -45, -3, -15, 7, 7, 17, 23, 28
mse: 0.11768685432159261
----------------------
pred_str: 3, 12, 28, 32, 31, 20, 1, -2, -8, -10, -11, -11, -11, -10, -7, -10, -11, -12, -11, -14, -12, -12, -9, -11, -8, -13, -11, -11, -13, -10, -13, -12, -16, 10, 84, -14, -6, -16, -6, -10, -4, 1, 14, 26, 31, 33, 23, 7, -2, -9, -10, -11, -9, -8, -10, -6, -7, -10, -7, -10, -12, -12, -9, -11, -11, -11, -10, -13, -11, -12, -10, -10, -12, -11, -10, -13, -14, 1, 107, -10, -9, -16, -4
target_str: 21, 105, -6, -3, -3, -3, -1, 2, 9, 14, 18, 31, 41, 39, 22, 3, -7, -2, -6, -9, -3, -7, 2, -6, -7, -7, -13, -11, -12, -12, -9, -16, -10, -11, -12, -11, -8, 4, -6, -15, -9, -20, -7, -33, 62, 71, -22, -4, -9, -2
mse: 0.041512180224256026
----------------------
pred_str: 12, -13, -6, 1, -16, 4, -64, -117, 0, -23, 0, 1, 13, 13, 25, 32, 45, 39, 22, 12, 0, -8, -3, -5, -6, -4, -6, -7, -7, -8, -9, -12, -14, -10, -14, -16, -16, -19, -12, -11, -13, -11, -15, -16, -17, -17, -13, -11, -13, -16, -14, -15, -12, -11, -11, -10, -11, -10, -11, -11, -10, -10, -11, -11, -10, -11, -12, -11, -10, -11, -11, -11, -11, -11, -11, -11, -11, -11, -10, -11, -11, -11, -11, -11, -10, -11, -10, -11, -10, -10, -11, -10, -10, -11, -11
target_str: -19, -10, -5, -8, 7, -85, -67, 1, -12, 7, 4, 11, 12, 31, 34, 51, 39, 19, 1, 2, -8, -15, -1, 0, -4, -14, 5, -1, -3, -2, 5, 3, -7, -11, -7, 17, -60, -85, -8, -3, 7, 8, 13, 22, 30, 48, 50, 39, 29, 13
mse: 0.052269945752731556
----------------------
pred_str: 5, 4, -11, -11, -10, -12, -14, 57, 82, -22, -12, -13, -10, -10, -7, -10, 0, 10, 13, 27, 25, 12, 0, -6, -10, -14, -13, -10, -11, -12, -13, -7, -12, -11, -11, -13, 2, 10, 4, -12, -17, -19, -17, -16, 33, 93, -10, -10, -16, -11, -15, -10, -10, -10, 2, 21, 44, 34, 9, -9, -11, -13, -13, -13, -16, -14, -10, -16, -12, -12, -13, -12, -13, 3, 10, 1, -16, -17, -21, -13, -16, 68, 87, -19, -7, -12, -14, -10, -11
target_str: -7, -8, -9, -8, 7, 9, -6, -20, -11, -13, -8, -17, 73, 45, -25, -5, -16, -11, -10, -4, 2, -2, 5, 22, 41, 31, 1, 3, 1, -8, -20, -7, -2, -8, -6, -9, -6, -3, -11, -2, -15, 6, 11, 5, -15, -25, 2, -12, -14, -4
mse: 0.05294598556020325
----------------------
pred_str: -1, -16, -15, -9, -5, 1, 12, 15, 27, 49, 81, 100, 87, 58, 17, -13, -17, -15, -11, -15, -11, -16, -15, -10, -13, -14, -17, -15, -14, -12, -14, -12, -10, -10, -12, -10, -5, -1, -11, -13, -19, -21, 11, 39, -49, -11, -13, -12, -7, 1, 10, 15, 25, 51, 84, 102, 93, 66, 16, -12, -15, -16, -14, -11, -13, -14, -10, -15, -10, -14, -13, -15, -13, -11, -10, -14, -13, -11
target_str: -28, -10, -8, -3, 0, 3, 22, 31, 42, 73, 100, 98, 61, 30, -2, -12, -15, -12, -15, -16, -13, -6, -15, -15, -9, -20, -21, -14, -22, -16, -20, -19, -20, -11, -20, -10, 0, -3, -11, -33, -9, -31, 29, 3, -69, -5, -18, -4, -2, 5
mse: 0.007453118109658901
----------------------
pred_str: -4, -6, -4, -7, -6, -8, -7, -9, -10, -11, -7, -6, -5, -7, -7, -8, -10, -13, -22, 10, 85, -27, -10, -14, -9, -10, -12, -11, 0, 11, 17, 21, 20, 11, 2, -7, -8, -7, -9, -7, -7, -7, -6, -6, -7, -6, -7, -7, -8, -9, -7, -8, -6, -3, -12, -16, 3, 93, -26, -9, -13, -11, -11, -11, -11, 1, 17, 25, 20, 16, 7, -5, -8, -8, -9, -9, -8, -6, -7, -6, -7, -7, -7, -7, -8, -7, -7, -7, -8, -6, -7, -8, -10, -13, -19, 32, 87, -25, -13, -14, -12, -13, -14, -14, 0, 16, 23, 22, 16
target_str: -7, -8, -9, -4, -3, -8, -5, -2, 0, -8, -10, -14, 99, 20, -23, -5, -14, -8, -1, -4, -2, 7, 14, 27, 24, 9, 0, -5, -4, -7, -8, -7, -6, -5, -3, -10, -9, -6, -5, -8, -5, 1, -8, -3, -26, 32, 94, -17, -7, -14
mse: 0.03957923621740663
----------------------
pred_str: 1, -1, -1, -2, -3, -3, -3, -3, -3, -3, -2, -4, -5, -8, -11, -14, -13, -13, -11, -15, -16, -11, -13, -14, -10, -6, -1, -8, -12, -14, -21, -22, -19, 97, -1, -17, -2, -2, 4, 15, 24, 39, 56, 68, 69, 48, 12, -2, -9, -13, -15, -10, -11, -10, -13, -15, -14, -16, -13, -11, -13, -16, -14, -12
target_str: 2, -5, -4, -8, -8, -8, -9, -2, 3, 3, -1, -12, 1, -21, 30, 111, -74, -28, -10, 0, 0, 3, 9, 17, 39, 55, 64, 63, 21, -1, -17, -20, -25, -21, -17, -14, -16, -19, -20, -21, -17, -20, -20, -19, -2, -5, -17, -19, -25, -18
mse: 0.08328535694892927
----------------------
