pred_str: -10, -12, -12, -12, -12, -13, -13, -13, -13, -12
target_str: -6, -9, -10, -8, 3, -1, 0, -16, -10, -22
mse: 0.0012875606377570584
----------------------
pred_str: -1, -8, -10, -11, -11, -10, -10, -11, -11, -11
target_str: -12, -19, -17, -18, -17, -17, -15, -10, -11, -9
mse: 0.0008357205280734113
----------------------
pred_str: -28, -21, -18, -22, -21, -18, -17, -20, -16, -19
target_str: 8, 49, -51, -31, -7, -2, -5, 2, 13, 23
mse: 0.020297906715910488
----------------------
pred_str: 43, 13, -13, -11, -12, -12, -12, -13, -12, -11
target_str: 29, -7, -21, -20, -26, -25, -24, -25, -27, -28
mse: 0.0035045159726682846
----------------------
pred_str: 0, -5, -19, 23, -17, -17, -16, -14, -13, -11
target_str: 0, 5, 5, -11, 1, -23, 26, 87, -36, -6
mse: 0.02702040590876475
----------------------
pred_str: 12, 12, 12, 12, 11, 11, 10, 9, 9, 8
target_str: 14, 11, 8, 4, 5, -3, 23, 103, -5, -26
mse: 0.01960545256407823
----------------------
pred_str: 3, -4, -4, -5, -3, -5, -5, -4, -4, -4
target_str: -2, -2, 0, 0, -2, -1, -2, -1, -2, -2
mse: 0.00020755257070834179
----------------------
pred_str: -11, -10, -11, -10, -11, -10, -12, -10, -12, -10
target_str: 1, 4, 7, 13, 25, 35, 45, 38, 18, -3
mse: 0.0202336205214433
----------------------
pred_str: -16, -19, -19, -15, -12, -16, -16, -14, -16, -12
target_str: -12, -15, -7, -5, -22, -34, -18, -12, -27, -32
mse: 0.0022573638000048853
----------------------
pred_str: 10, -4, -11, -15, 57, 38, -20, -8, -11, -10
target_str: -1, 1, 9, -2, -9, -9, -11, -12, 10, 92
mse: 0.03346922958803013
----------------------
pred_str: 3, 6, 12, 23, 37, 38, 22, 1, -8, -10
target_str: -1, 4, 9, 18, 26, 36, 40, 26, 3, -7
mse: 0.002310629503991982
----------------------
pred_str: -11, -3, -19, -38, -49, -39, -27, -2, 16, 11
target_str: -10, -14, -25, -18, -35, 19, 42, -99, -43, -29
mse: 0.04292297367153309
----------------------
pred_str: 1, 3, 13, 29, 46, 65, 77, 68, 30, -13
target_str: 0, 4, 13, 27, 49, 70, 75, 59, 23, -1
mse: 0.0005840859954447137
----------------------
pred_str: 35, 13, -5, -13, -9, -9, -9, -8, -7, -9, -8
target_str: 34, 14, 0, -10, -11, -9, -11, -10, -5, -6
mse: 0.00011204165321423759
----------------------
pred_str: 0, 3, 6, 10, 16, 12, 6, -3, -7, -7
target_str: -1, -2, 1, 6, 14, 16, 12, 4, -1, -3
mse: 0.00041143164458998726
----------------------
pred_str: 10, -10, -11, -11, -11, -13, -11, -11, -8, -2
target_str: -9, -11, -10, -5, -5, 0, -3, -12, -10, -17
mse: 0.0016494000751866452
----------------------
pred_str: -14, -42, -24, -30, -16, -15, -13, -11, -10, -8
target_str: -16, 72, -56, -26, -25, -19, -12, -13, -4, 9
mse: 0.02657223929590779
----------------------
pred_str: -1, -8, -11, -10, -10, -10, -11, -12, -13, -14
target_str: -5, -14, -16, -5, 83, -41, -55, -10, -15, -6
mse: 0.021526691404440395
----------------------
pred_str: 0, 2, 6, 12, 24, 36, 35, 26, 6, -6
target_str: -2, 2, 9, 19, 31, 36, 35, 19, 4, -4
mse: 0.0003085737334424906
----------------------
pred_str: -11, -11, -11, -11, -12, -12, -12, -13, -13, -13
target_str: -11, -12, -7, -11, -10, -5, -11, -6, -5, 0
mse: 0.0006483721899118994
----------------------
pred_str: -13, -10, -16, -17, -14, -13, -14, -14, -13, -12
target_str: -28, -10, -8, -3, 0, 3, 22, 31, 42, 73
mse: 0.02664754598085506
----------------------
pred_str: -3, -3, -1, 1, 4, 13, 27, 48, 70, 77
target_str: 2, -5, -4, -8, -8, -8, -9, -2, 3, 3
mse: 0.02656856579908109
----------------------
pred_str: -6, -1, -1, -1, -1, -1, -2, 1, 1, 12
target_str: -19, -10, -5, -8, 7, -85, -67, 1, -12, 7
mse: 0.021772815691829057
----------------------
pred_str: -8, -8, -10, -8, -7, -8, -8, -8, -8, -9
target_str: -7, -6, -3, -4, -7, -6, -7, -7, -6, -7
mse: 0.0001542868667212453
----------------------
pred_str: -6, -6, -4, -5, -5, -4, -4, -3, -5, -4
target_str: -1, -3, -7, -23, -9, -13, 83, 24, -43, 0
mse: 0.018775242281244862
----------------------
