pred_str: -10, -18, -16, 2, -15, 0, -13, -2, -20, 2, 10, -20, -15, -11, -16, -17, -18, -17, -10, -1, -12, 1, 15, -14, 2, -12, -2, -14, -1, -8, -13, -11, -13, -2
target_str: -12, -15, -7, -5, -22, -34, -18, -12, -27, -32, -48, -22, -21, -40, -32, -29, -6, -29, -28, -7, -2, -3, -38, -28, -27
mse: 0.006505855886402595
----------------------
pred_str: 27, -11, 0, -10, -4, -4, -2, 1, 10, 18, 32, 25, 16, 1, -3, -6, -6, -6, -6, -6, -6, -6, -5, -6, -5, -6, -7, -7, -7, -6, -6, -7, -6, -5, -5, -1, 1, -1, -5, -7, -10, 0, 101, 1, -14, -3, -8, -3, -1, 0, 6, 13, 26, 25, 15, 2, -3, -5, -5, -5, -5, -5, -5, -5, -5, -5, -5, -5, -5, -5, -5, -5, -5, -5, -5, -5, -5, -6, -5, -4, 0, 1, -3, -6, -7, -10, 32, 11, -14, -3, -7, -5, -2, 0, 6, 12, 27, 25, 16, 0, -3, -4, -5, -5, -5, -5, -5, -5, -5, -5, -5, -5, -5, -5, -5, -5, -5, -5, -5, -5, -5, -5, -5, -5, -6, -5, -5, -1, 2, -1, -4, -7, -9, -10, 42, 4, -15, -2, -6, -5, -4, 0, 5, 12, 25, 25, 12, 3, -3, -5, -4, -4, -4, -4, -4, -4, -4, -4, -4, -4, -4
target_str: 92, -15, -4, -9, -6, -7, -4, -2, 0, 3, 13, 22, 30, 29, 16, 5, -1, -5, -6, -6, -7, -5, -6, -6, -6
mse: 0.003527980678866271
----------------------
pred_str: 0, 2, 1, 1, -14, -18, -13, -15, -10, 6, 10, 71, 35, -13, -11, -8, -8, -11, -7, 0, 1, 9, 31, 47, 27, 2, -8, -11, -11, -10, -14, 1, -3, -11, -9, -11, -9, 0, 0, -14, -17, -19, -13, -19, 5, 100, 26, -22, -12, -19, -12, -13, -11, 4, 0, 0, 11, 35, 39, 5, -1, -10, -12, -8, -11, 1, 0, -5, -10, -12, -11, -12, -1, 59, 12, -21, -13, -14, -14, -15, -17, 2, 0, 1, 3, 22, 51, 37, 10, -10, -9, -10, -12, -9, 3, 0, 2, 3, 12, 38, 28, 12, -8, -13, -12, -11, -13, -15, 0, 0, -4, -11, -12, -11, -10, -10, 1, 82, 45, -24, -11, -14, -11, -13, -14, -12, 0, 2, 1, 0, 15, 41, 27, 2, -11, -12, -14, -13, -14, -17, -1
target_str: -7, -8, -9, -8, 7, 9, -6, -20, -11, -13, -8, -17, 73, 45, -25, -5, -16, -11, -10, -4, 2, -2, 5, 22, 41
mse: 0.009118447976207443
----------------------
pred_str: -12, 2, 100, -40, -15, -1, 2, 13, 27, 42, 51, 43, 25, 1, -10, -13, -12, -10, -8, -6, -3, -3, -4, -4, -2, 2, 12, -1, -20, 52, 89, -47, -2, -4, -1, 2, 12, 21, 35, 51, 58, 41, 11, -10, -15, -14, -15, -16, -16, -15, -13, -12, -13, -9, 0, 3, -19, -21, -19, 72, 92, -56, -1, -5, -1, 1, 12, 25, 45, 56, 50, 20, 1, -10, -12, -12, -11, -9, -10, -11, -9, -10, -12, -8, 1, 8, 1, -24, -18, 50, 82, -46, -3, -2, 2, 7, 16, 31, 53, 62, 48, 17, -6, -13, -13, -13, -14, -15, -16, -15, -16, -13, -12, -12, -11, -10, -9, 0, 10, -17, -19, -17, 63, 91, -48, -1, -4, 0, 3, 12, 23, 45, 56, 55, 19, 1, -11, -15, -1
target_str: -16, 72, -56, -26, -25, -19, -12, -13, -4, 9, 28, 39, 33, 7, -17, -26, -29, -26, -25, -21, -19, -16, -7, -1, -3
mse: 0.019169185700654928
----------------------
pred_str: -1, -12, -10, -11, -10, -12, -11, -10, -9, -7, -4, 1, 12, 23, 41, 58, 53, 44, 19, -8, -16, -13, -13, -16, -15, -15, -14, -13, -14, -15, -17, -18, -17, -17, -16, -14, -12, -12, -9, -11, -2, 22, 10, -22, -23, -28, -26, -26, -26, 11, 106, 24, -17, -2, -8, -7, -5, -2, 0, 3, 12, 26, 43, 55, 54, 34, 17, -10, -17, -15, -16, -16, -15, -14, -14, -13, -13, -13, -14, -16, -15, -16, -15, -15, -14, -11, -11, -10, -11, -11, -13, -10, -10, -10, -10, -12, 52, 22, -21, -19, -17, -15, -13, -12, -11, -10, -9, -8, -7, -8, -7, -7, -7, -7, -8, -8, -8, -7, -8, -7, -7, -7, -7, -7, -8, -6, -7, -6, -7, -7, -7, -7, -6, -6, -6, -6, -7, -6, -6, -6,
target_str: -2, -6, -2, -3, -3, -4, -3, -4, -4, -5, -2, -6, -6, -7, -4, -10, -7, -11, -6, -6, -6, -10, -4, -8, -8
mse: 0.008663207075751045
----------------------
pred_str: 0, 1, 10, 19, 28, 38, 37, 15, 0, -7, -11, -10, -10, -8, -8, -8, -9, -10, -11, -11, -12, -13, -11, -10, -5, 1, 0, -10, -15
target_str: -1, 4, 9, 18, 26, 36, 40, 26, 3, -7, -11, -11, -10, -11, -9, -9, -8, -7, -10, -11, -12, -10, -9, -11, -13
mse: 0.00014175165762714108
----------------------
pred_str: -14, -22, -23, -18, -16, -17, -17, -18, -17, -13, -15, -14, -14, -16, -15, -11, -13, -12, -10, -12, -13, -21, -7, 56, 80, -15, -6, -15, -10, -5, 2, 6, 18, 35, 48, 31, 1, -3, -18, -21, -25, -23, -22, -24, -26, -26, -27, -26, -28, -28, -29, -28, -29, -27, -26, -24, -20, -17, -11, -13, -12, -13, -2, 0, 14, 75, 47, -4, -10, -17, -15, -18, -17, -18, -18, -18, -19, -20, -21, -18, -16, -16, -15, -14, -13, -14, -13, -14, -16, -17, -15, -25, 54, 76, -17, -1, -21, -11, -11, 0, 7, 13, 33, 47, 30, 12, 0, -16, -23, -27, -25, -24, -26, -25, -27, -26, -28, -29, -29, -30, -28, -29, -31, -28, -27, -27, -26, -25, -25, -24, -24, -2
target_str: -9, -8, -10, -10, -13, -11, -8, -7, -11, -12, -14, -11, -9, -11, -3, -11, -13, -14, -8, -22, 54, 90, -13, -3, -10
mse: 0.016070821584135534
----------------------
pred_str: -7, -5, -9, -8, -8, -10, -10, -10, -10, -10, -11, -10, -12, -10, -10, -10, -10, -11, -9, -10, -7, 1, 11, -1, -10, -21, -1, -29, 48, 75, -32, 0, -15, -5, -12, -6, -3, -1, 5, 14, 23, 33, 28, 13, 2, -4, -5, -8, -6, -6, -5, -6, -6, -5, -5, -6, -6, -6, -6, -5, -6, -4, 0, 12, -3, -9, -3, -21, 23, 47, -22, 0, -17, -6, -10, -5, -4, -2, 1, 13, 24, 32, 32, 16, 3, -4, -5, -7, -5, -5, -5, -6, -6, -5, -6, -6, -6, -6, -6, -6, -7, -5, -6, -6, -6, -5, -5, -1, 11, 4, -7, -15, -5, -27, 44, 77, -28, 0, -17, -3, -10, -5, -5, -4, -1, 1, 13, 23, 32, 30, 16, 4, -4, -6, -6, -5, -5, -5, -6, -5, -5, -5, -5, -5, -5, -5, -5, -5, -5, -5, -5, -5, -5,
target_str: -7, -6, -3, -4, -7, -6, -7, -7, -6, -7, -7, -7, -7, -3, 3, 7, -4, -6, -7, -11, -2, 96, -2, -15, -2
mse: 0.005569204548697102
----------------------
pred_str: -7, -9, -10, -12, -10, -11, -12, -12, -12, -12, -12, -11, -12, -13, -14, -14, -15, -14, -15, -12, -11, -10, -10, -10, -9, -10, -10, -11, -12, -11, -11, -11, -11, -11, -10, -10, -10, -10, -9, -10, -10, -10, -11, -10, -11, -11, -11, -10, -10, -11, -11, -10, -10, -10, -10, -10, -9, -10, -9, -10, -11, -10, -10, -11, -10, -11, -11, -11, -11, -10, -10, -10, -11, -11, -12, -12, -12, -12, -11, -11, -10, -11, -11, -11, -12, -12, -13, -13, -13, -14, -14, -14, -15, -14, -15, -15, -16, -16, -16, -17, -17, -17, -16, -18, -18, -18, -18, -19, -19, -18, -19, -19, -19, -19, -19, -19, -20, -20, -20, -20, -20, -20, -20, -20, -20, -20, -21, -20, -20, -2
target_str: -9, -11, -10, -5, -5, 0, -3, -12, -10, -17, -9, -26, 41, 65, -31, -5, -12, 0, -3, -1, 3, 12, 17, 30, 36
mse: 0.008349172634238611
----------------------
pred_str: 0, -2, 1, 2, 4, 7, 10, 14, 18, 21, 22, 24, 23, 20, 11, 3, 1, 1, 0, 2, 2, 1, 2, 1, 2, 0, -1, -2, -5, -20, -36, -55, -35, -36, -35, -26, -10, 0, 6, 12, 19, 39, 59, 65, 63, 42, 11, 1, 4, 4, 3, 4, 5, 3, 4, 3, 4, 3, 0, 3, 0, 0, 1, 1, 2, 1, 3, 0, -1, -1, -4, -12, -24, -34, -22, -26, -21, -15, 0, 3, 7, 15, 30, 53, 62, 65, 47, 15, 1, 1, 2, 1, 1, 1, 1, 1, 1, 1, 0, -1, -2, -6, -15, -26, -37, -26, -31, -28, -23, -10, 0, 1, 5, 12, 27, 49, 59, 65, 58, 40, 9, 3, 2, 3, 2, 3, 1, 2, 3, 2, 2, 2, 2, 1, 0, 1, 1, 1, 1, 1, 1, 1, 0, -1, -5, -14, -26, -37, -29, -31, -29,
target_str: -10, -14, -25, -18, -35, 19, 42, -99, -43, -29, -23, -22, -17, -9, 8, 31, 43, 29, 3, -17, -18, -24, -31, -24, -25
mse: 0.020041503593745028
----------------------
pred_str: 0, -21, -11, -12, -12, -9, -8, 3, 12, 25, 30, 14, 0, -6, -11, -11, -13, -13, -12, -10, -10, -9, -10, -10, -9, -10, -9, -10, 0, 1, -12, -11, -29, 27, 87, -37, 0, -27, -8, -17, -11, -12, -10, 0, 16, 27, 31, 12, 0, -7, -12, -14, -15, -16, -13, -12, -12, -12, -12, -11, -10, -10, -9, -9, 1, 1, -12, -22, 0, -37, 85, 50, -44, 3, -29, -7, -18, -14, -15, -14, -11, -11, -9, -9, -10, -10, -11, -10, -10, -10, -11, 0, 2, -13, -17, -29, 23, 88, -40, 2, -31, -9, -17, -15, -15, -16, -13, -11, -11, -11, -11, -10, -10, -11, -10, -11, -10, 1, 3, -13, -23, -36, 15, 77, -41, 0, -28, -11, -18, -15, -15, -14, -12, -12, -11, -11, -
target_str: -15, -4, -8, -3, -3, 6, 16, 33, 37, 27, 5, -5, -6, -9, -8, -6, -3, -1, -4, -5, -6, -4, -5, -3, 9
mse: 0.0026453040107957252
----------------------
pred_str: -12, -12, -10, -10, -9, -10, -11, -11, -11, -12, -12, -13, -11, -12, -12, -10, -9, -10, -10, -10, -10, -11, -12, -11, -13, -12, -14, -13, -14, -11, -11, -12, -13, -10, -9, -11, -12, -12, -12, -10, -11, -10, -10, -11, -10, -10, -10, -9, -10, -11, -11, -12, -12, -11, -12, -11, -12, -11, -10, -11, -10, -10, -11, -10, -10, -10, -10, -10, -10, -10, -10, -10, -11, -10, -11, -11, -11, -11, -11, -11, -12, -12, -12, -13, -13, -13, -14, -14, -15, -15, -15, -14, -16, -16, -16, -16, -16, -16, -16, -16, -17, -17, -17, -18, -18, -18, -18, -19, -19, -19, -19, -19, -19, -19, -20, -20, -20, -20, -20, -20, -20, -20, -21, -21, -21, -21, -21, -21, -21,
target_str: -11, -12, -7, -11, -10, -5, -11, -6, -5, 0, 6, 17, -7, -3, -10, 0, -9, 78, 80, -36, 5, -4, 5, 6, 2
mse: 0.010502707432804792
----------------------
pred_str: 0, -6, -11, -13, -13, -12, -12, -13, -13, -12, -12, -11, -12, -11, -10, -10, -11, -11, -10, -10, -10, -11, -11, -10, -11, -11, -10, -11, -10, -12, -12, -13, -12, -10, -12, -13, 97, -34, -73, 1, -10, 0, -1, 8, 13, 23, 46, 57, 43, 1, 0, -12, -13, -15, -15, -15, -14, -13, -14, -14, -13, -13, -14, -14, -14, -13, -13, -13, -13, -12, -13, -12, -14, -12, -12, -13, -12, -14, -11, -12, -12, -12, -12, -11, -11, -11, -11, -11, -12, -12, -12, -11, -11, -12, -11, -12, -11, -12, -12, -12, -12, -11, -11, -12, -13, -10, -11, -12, -11, -13, -11, -13, -11, -13, -13, -14, -13, -13, -12, -13, -14, -13, -13, -14, -14, -14, -13, -13, -13, -13, -
target_str: -12, -19, -17, -18, -17, -17, -15, -10, -11, -9, -13, -13, -11, -10, -12, -10, -9, -7, -3, -3, -6, -10, -1, -21, 59
mse: 0.0031147200770148347
----------------------
pred_str: 1, -5, 10, -7, -10, -14, -12, 78, 58, -21, -1, -16, -3, -10, -5, -3, -2, 0, 5, 11, 22, 20, 14, 1, 1, -8, -9, -13, -12, -8, -6, -3, -2, -4, -6, -5, -4, -6, -4, -3, 1, 3, -8, -8, -12, -12, -15, 67, 46, -18, -3, -14, -4, -8, -3, -3, 1, 5, 14, 24, 18, 12, 1, -3, -10, -12, -11, -8, -5, -5, -3, -2, -5, -5, -6, -4, -5, -3, 0, 1, -8, -7, -16, -12, -18, 73, 45, -24, -1, -12, -4, -6, -3, -3, 0, 3, 12, 22, 18, 13, 2, 1, -9, -11, -14, -10, -6, -3, -2, -3, -4, -4, -4, -4, -4, -4, -2, 2, 1, -10, -7, -14, -11, -18, 58, 42, -23, -1, -16, -5, -7, -5, -4, -1, 0, 2, 11, 23, 17, 14, 0, 1, -7, -11, -14, -12, -9, -7, -6, -5, -3, -4
target_str: -1, 1, 9, -2, -9, -9, -11, -12, 10, 92, 4, -10, -8, -9, -4, -4, 0, -1, 4, 9, 16, 21, 19, 9, -3
mse: 0.012815985445543101
----------------------
pred_str: 1, 6, 12, 24, 33, 38, 33, 15, -2, -6, -8, -8, -8, -7, -7, -8, -8, -8, -9, -11, -11, -11, -11, -12, -11, -13, -11
target_str: -2, 2, 9, 19, 31, 36, 35, 19, 4, -4, -6, -9, -8, -10, -9, -10, -9, -10, -9, -10, -10, -9, -10, -9, -10
mse: 9.322897482400435e-05
----------------------
pred_str: 0, 1, -5, -12, -16, -19, 28, 82, -39, -21, -11, -1, -2, 3, 11, 23, 39, 49, 37, 11, -2, -8, -8, -6, -5, -3
target_str: -1, -3, -7, -23, -9, -13, 83, 24, -43, 0, -17, -2, -7, 1, 6, 19, 33, 42, 46, 33, 12, -5, -12, -8, -6
mse: 0.0043921205917086484
----------------------
pred_str: 17, 133, -15, -12, -13, -10, -4, 5, 17, 25, 33, 36, 26, 1, -1, -12, -11, -10, -9, -10, -8, -8, -8, -9, -11, -9, -10, -12, -9, -12, -12, -12, -10, -11, -10, -13, -13, -12, -10, -10, -10, -12, -12, 84, 43, -18, -1, -16, -6, -10, -5, 1, 11, 27, 33, 38, 24, 1, -4, -12, -13, -12, -10, -10, -11, -10, -8, -11, -11, -10, -12, -10, -12, -12, -11, -10, -12, -10, -12, -12, -13, -10, -14, -13, -12, -14, -14, -15, -15, -14, -16, -16, -15, -14, -14, -13, -15, -13, -13, -13, -15, -15, -14, -14, -13, -13, -15, -15, -14, -14, -14, -15, -13, -14, -13, -14, -13, -14, -13, -13, -13, -12, -14, -13, -12, -13, -12, -12, -12, -12, -12, -12, -1
target_str: 21, 105, -6, -3, -3, -3, -1, 2, 9, 14, 18, 31, 41, 39, 22, 3, -7, -2, -6, -9, -3, -7, 2, -6, -7
mse: 0.0023051000324905858
----------------------
pred_str: 0, 1, 10, 24, 38, 45, 42, 17, -4, -12, -17, -16, -10, -12, -11, -10, -12, -12, -14, -12, -14, -12, -11, -13, -11, -11, -8, -6, -2, 2, -4, -9, -10, -16, -1, 95, 45, -12, -10, -9, -1, 2, 11, 26, 43, 51, 47, 17, 0, -7, -16, -17, -14, -12, -10, -11, -11, -11, -12, -12, -13, -13, -12, -13, -13, -10, -13, -10, -9, -6, -6, 0, -4, -9, -12, -16, 11, 95, 1, -12, -7, -7, -1, 2, 12, 28, 41, 49, 45, 17, 0, -9, -17, -15, -14, -12, -11, -11, -11, -11, -13, -13, -13, -13, -12, -14, -13, -13, -13, -12, -12, -12, -11, -10, -9, -9, -9, -8, -9, -8, -11, -12, -14, -12, 100, 43, -12, -10, -9, -1, 0, 12, 28, 43, 51, 47, 17, 
target_str: 1, 4, 7, 13, 25, 35, 45, 38, 18, -3, -11, -11, -15, -10, -15, -11, -12, -11, -10, -11, -14, -10, -12, -17, -12
mse: 0.0008565071312778412
----------------------
pred_str: 20, 17, 18, 12, 7, 0, 3, 6, 13, 23, 28, 27, 21, 12, 11, 6, 6, 5, 5, 3, 0, 10, -10, -26, -32, 81, 81, -11, -21, -17, -20, -22, -19, -23, -20, -19, -14, -11, -14, -13, -12, -14, -10, -13, -16, -18, -21, -21, -21, -23, -22, -23, -23, -22, -21, -21, -20, -19, -19, -16, -17, -15, -14, -14, -12, -14, -14, -13, -13, -12, -12, -11, -12, -10, -10, -10, -9, -11, -11, -10, -10, -11, -11, -10, -10, -9, -11, -10, -10, -10, -10, -11, -11, -10, -12, -11, -11, -11, -12, -11, -12, -12, -11, -12, -12, -11, -11, -11, -12, -11, -11, -11, -11, -11, -12, -11, -12, -11, -12, -12, -13, -12, -13, -13, -12, -13, -13, -13, -14, -13, -13, -
target_str: 20, 24, 33, 43, 52, 48, 34, 23, 23, 21, 9, -2, -7, -14, -17, -20, -24, -26, -26, -28, -30, -31, -30, -26, -31
mse: 0.009707262554043259
----------------------
pred_str: -23, -25, -18, -17, -18, -18, -17, -17, -14, -16, -16, -17, -16, -18, -15, -18, -18, -18, -12, -17, -12, -13, -13, -20, -18, -20, -21, -17
target_str: 8, 49, -51, -31, -7, -2, -5, 2, 13, 23, 38, 51, 85, 85, 69, 28, -8, -19, -30, -28, -25, -14, -21, -17, -21
mse: 0.026809600046757837
----------------------
pred_str: -5, -4, -9, -10, -10, -11, -10, -11, -11, -12, -12, -12, -12, -12, -13, -13, -14, -14, -13, -14, -13, -14, -14, -14, -14, -15, -14, -14, -15, -16, -16, -15, -16, -17, -16, -17, -17, -17, -16, -17, -17, -17, -17, -17, -17, -17, -18, -17, -17, -18, -18, -17, -18, -18, -18, -18, -18, -18, -18, -18, -18, -18, -18, -18, -18, -18, -18, -18, -18, -19, -18, -19, -19, -19, -19, -19, -19, -19, -19, -19, -19, -19, -19, -19, -19, -19, -19, -19, -19, -19, -19, -19, -19, -19, -19, -19, -19, -19, -19, -19, -19, -19, -19, -19, -19, -19, -19, -19, -19, -19, -19, -19, -19, -19, -19, -19, -19, -19, -19, -19, -19, -19, -19, -19, -19, -19, -19, -19, -19
target_str: -7, -6, -3, -3, -4, -5, -11, -5, -20, 75, 72, -17, 1, -9, -3, -3, 0, 5, 11, 17, 22, 17, 3, -4, -5
mse: 0.0109372307833003
----------------------
pred_str: -3, -3, -4, -4, -3, -4, -3, -3, -2, -2, -3, -3, -2, -2, -1, 0, 2, -3, -4, -4, -10, -7, 111, 29, -5, -4, -12, -7, -8, -6, -7, -6, -5, -2, 0, 7, 10, 11, 3, -2, -5, -3, -5, -4, -3, -2, -3, -4, -3, -4, -3, -4, -4, -5, -5, -5, -2, 1, 0, -2, -7, -6, -15, 121, 25, -1, -7, -11, -9, -8, -7, -7, -6, -2, 0, 5, 10, 11, 3, -2, -4, -4, -4, -4, -3, -3, -3, -3, -3, -4, -4, -3, -5, -3, -2, -3, -2, 0, 2, -2, -5, -4
target_str: -2, -2, 0, 0, -2, -1, -2, -1, -2, -2, -3, -3, -4, -4, -2, 0, 4, -2, -2, -10, 0, -22, 17, 112, 21
mse: 0.009175148639258298
----------------------
pred_str: -10, -10, -11, -13, -12, -14, -13, -11, -10, -12, -12, -10, -12, -13, -14, -15, -17, -16, -19, 41, 65, -19, -16, -19, -21, -21, -17, -12, -1, 1, 15, 30, 56, 61, 35, 2, -13, -16, -17, -19, -19, -17, -16, -14, -10, -14, -10, -11, -14, -17, -19, -20, -24, -18, 45, 62, -22, -16, -16, -19, -16, -15, -10, -1, 1, 13, 27, 50, 62, 36, 0, -15, -16, -16, -18, -17, -16, -13, -9, -12, -12, -11, -10, -12, -12, -12, -16, -17, -19, -23, -19, 46, 57, -23, -17, -17, -20, -19, -15, -10, 0, 1, 21, 34, 58, 62, 32, 2, -14, -16, -16, -17, -17, -15, -12, -10, -11, -10, -12, -10, -11, -12, -13, -16, -18, -20, -19, -24, 38, 58, -2
target_str: -11, -5, -18, -18, -21, -9, -16, -33, -26, -26, -24, -15, -28, 48, 96, -16, -13, -12, -10, -12, -7, -6, 0, 12, 32
mse: 0.016191855691801784
----------------------
pred_str: -6, -7, -5, -5, -6, -5, -5, -2, 0, -6, 14, 28, 35, 31, 12, -3, -10, -11, -13, -10, -10, -8, -9, -8, -9, -10, -11, -12, -10, -11, -10, -11, -10, -12, -11, -12, -11, -11, -11, -11, -12, -12, -12, -13, -11, -13, -13, -13, -13, -13, -14, -13, -14, -13, -13, -13, -13, -13, -14, -13, -13, -14, -13, -13, -14, -13, -14, -13, -14, -13, -13, -14, -14, -14, -14, -14, -14, -14, -14, -14, -15, -13, -14, -16, -13, -16, -19, 67, 38, -15, -16, -15, -18, -13, -14, -14, -13, -12, -11, -10, -11, -10, -10, -10, -11, -10, -10, -11, -10, -10, -11, -10, -10, -11, -11, -11, -10, -11, -10, -11, -11, -10, -11, -11, -11, -10, -11, -11, -10, -10, -11, -10
target_str: -5, -6, -9, -8, -6, -2, 1, -9, -13, -14, -19, -13, -24, 94, 27, -29, -4, -16, -6, -6, -1, 1, 14, 26, 32
mse: 0.00824831087785007
----------------------
pred_str: 40, 10, -7, -12, -13, -16, -15, -15, -14, -16, -14, -15, -14, -10, -7, 1, 16, -22, -1, -47, 48, 75, -72, -16, -19, -10, -1, 0
target_str: 29, -7, -21, -20, -26, -25, -24, -25, -27, -28, -34, -32, -33, -31, -27, -25, -28, -36, -21, -4, 8, -4, -26, -12, -20
mse: 0.009996763054812537
----------------------
