pred_str: -11, -9, -10, -11, -12
target_str: 1, 4, 7, 13, 25
mse: 0.0053055306260599054
----------------------
pred_str: -13, -1, -13, -12, -12
target_str: -19, -10, -5, -8, 7
mse: 0.0011623423986420994
----------------------
pred_str: -4, 1, 4, 5, 0
target_str: 92, -15, -4, -9, -6
mse: 0.020347241128917604
----------------------
pred_str: -7, -7, -7, -6, -6
target_str: -7, -6, -3, -3, -4
mse: 6.249152680871503e-05
----------------------
pred_str: -9, -8, -10, -11, -13
target_str: -11, -5, -18, -18, -21
mse: 0.00039577966978852837
----------------------
pred_str: -11, -10, -6, -10, -1
target_str: -7, -8, -9, -8, 7
mse: 0.0002020559366815119
----------------------
pred_str: -35, -23, -12, 0, 55
target_str: -21, -45, -11, -17, -5
mse: 0.00951954258386092
----------------------
pred_str: 43, 39, 25, 4, 0
target_str: 34, 14, 0, -10, -11
mse: 0.003432867872692079
----------------------
pred_str: 0, -4, 1, 5, 11
target_str: -1, -2, 1, 6, 14
mse: 3.1245763404357514e-05
----------------------
pred_str: -18, -20, -10, -11, -11
target_str: -12, -15, -7, -5, -22
mse: 0.0004728525528526104
----------------------
pred_str: -14, -10, -12, -12, -11
target_str: -11, -12, -7, -11, -10
mse: 8.332203574495338e-05
----------------------
pred_str: -10, -9, -9, -8, -7
target_str: 2, -5, -4, -8, -8
mse: 0.00038744746621403316
----------------------
pred_str: -11, -10, -11, -11, -10
target_str: -9, -11, -10, -5, -5
mse: 0.00013956440987279687
----------------------
pred_str: -1, -1, -1, -2, -2
target_str: -2, 2, 9, 19, 31
mse: 0.0034162034655430885
----------------------
pred_str: -1, 0, 2, 3, 4
target_str: -4, -2, -3, -1, 7
mse: 0.00013123220629830153
----------------------
pred_str: -11, -10, -10, -8, -6
target_str: 14, 11, 8, 4, 5
mse: 0.003447449228947446
----------------------
pred_str: -4, -2, -3, -3, -3, -2
target_str: -2, -2, 0, 0, -2
mse: 4.7910170553348185e-05
----------------------
pred_str: 38, 38, 24, 15, 7
target_str: 29, -7, -21, -20, -26
mse: 0.013425263009405613
----------------------
pred_str: -11, -6, -14, -10, -27
target_str: -6, -9, -10, -8, 3
mse: 0.0019872305525171375
----------------------
pred_str: -92, -92, -92, -92, -92
target_str: -92, -92, -92, -92, -92
mse: 0.0
----------------------
pred_str: -22, -18, -14, -15, -21
target_str: 8, 49, -51, -31, -7
mse: 0.01501879694302784
----------------------
pred_str: -11, -10, -10, -10, -9
target_str: -1, 4, 9, 18, 26
mse: 0.005553413682401142
----------------------
pred_str: -6, -4, -5, -7, -5
target_str: -7, -8, -9, -4, -3
mse: 9.582034110669636e-05
----------------------
pred_str: -18, -18, -16, -14, -11
target_str: -14, -16, -14, -12, -14
mse: 7.707288306408187e-05
----------------------
pred_str: -4, -6, -5, -5, -3
target_str: -15, -4, -8, -3, -3
mse: 0.00028746102332008895
----------------------
