pred_str: 3, -11, -2, -10, -18, -13, -22, -26, -24, -27, -24, -23, -24, -27, -26, -27, -17, -25, -22, -23, -21, -12, -13, -15, -1, -11, -18, -17, -12, -13, -14, -11, -12, -10, -23, -14, -12, -15, -15, -23, -22, -23, -21, -16, -15, -13, -11, -1, -8, -1, 0
target_str: -14, 5, -6, 0, -13, 3, -15, 0, -14, -2, -5, -6, -16, -14, -8, -15, -1, -8, -9, 1, 14, -5, -13, -8, -20
mse: 0.0016237868760177556
----------------------
pred_str: 0, -1, -2, -4, -2, 0, -3, -2, -1, -4, -1, -1, -4, -2, -3, -3, -5, -3, -4, -4, -5, -5, -4, -6, -5, -6, -5, -6, -6, -7, -7, -7, -8, -8, -8, -8, -9, -9, -10, -10, -11, -11, -11, -12, -13, -14, -14, -15, -15, -15, -16, -16, -16, -17, -17, -18, -17, -18, -18, -18, -19, -19, -19, -19
target_str: -6, -6, -7, -5, -7, -7, -7, -6, -9, -7, -8, -7, -8, -6, -9, -6, -6, -4, 3, 5, -3, -7, -8, -10, 0
mse: 0.0017210183181634476
----------------------
pred_str: 0, 0, -1, 0, -4, 1, 0, -4, -2, 0, -6, 0, -7, -1, -8, -2, -5, -8, -5, -1, -7, -1, -2, -4, 1, 1, -10, -12, -14, -9, -11, -16, 38, 83, -23, -10, -13, -11, -13, -12, 0, 2, 0, 16, 28, 41, 32, 9, -1, -7, -9, -11, -8, -11, -1, -10, -1, -11, -1, -10, -1, -12, -10, -1, -11, -13
target_str: -23, -4, -15, -10, -9, -3, 2, -2, 5, 20, 39, 29, 1, 3, 1, -8, -19, -6, -2, -8, -6, -9, -5, -3, -10
mse: 0.00798946039569373
----------------------
pred_str: 1, 5, 4, 0, -2, -2, -1, -5, 3, 14, 0, -16, 1, -28, 77, 13, -30, -1, -14, -1, 1, 10, 25, 37, 44, 29, 1, -19, -21, -25, -24, -23, -23, -26, -27, -25, -24, -26, -21, -13, -9, -25, -31
target_str: -23, -41, -15, 70, -55, -26, -25, -18, -12, -13, -4, 9, 27, 38, 33, 7, -17, -26, -28, -26, -25, -21, -19, -15, -7
mse: 0.013650187659256246
----------------------
pred_str: 2, 12, 24, 32, 41, 44, 38, 18, 1, 1, 1, 0, 0, 0, 0, 0, 0, 0, 0, 0, 0, 0, 0, 0, 0, 0, 0, 0, 0, 0, 0, 0, 0, 0, 0, 0, 0, 0, 0, 0, 0, 0, 0, 0, 0, 0, 0, 0, 0, 0, 0, 0, 0, 0, 0, 0, 0, 0, 0, 0, 0, 0, 0, 0, 0, 0, 0, 0, 0, 0, 0, 0, 0, 0, 0, 0, 0, 0, 0, 0, 0, 0, 0, 0, 0, 0, 0, 0, 0, 0, 0, 0, 0, 0, 0, 0, 0, 0, 0, 0, 0, 0, 0, 0, 0, 0, 0, 0, 0, 0, 0, 0, 0, 0, 0, 0, 0, 0, 0, 0, 0, 0, 0, 0, 0, 0, 0, 0, 0, 0, 0, 0, 0, 0, 0, 0, 0, 0, 0, 0, 0, 0, 0, 0, 0, 0, 0, 0, 0, 0, 0, 0, 0, 0, 0, 0, 0, 0, 0, 0, 0, 0, 0, 0, 0, 0, 0, 0, 0
target_str: 7, -1, -1, 2, -12, -22, -23, -29, -20, -22, 75, 9, -34, -17, -28, -16, -23, -12, -10, 2, 11, 26, 38, 38, 14
mse: 0.03793923691028373
----------------------
pred_str: 1, 2, 6, 13, 19, 27, 36, 40, 43, 35, 1, -6, -11, -11, -10, -9, -9, -8, -8, -8, -7, -8, -9, -9, -10, -9, -11, -10, -9, -9, -8, -4, 1, 0, -11, -11, -12, 4, 94
target_str: 0, -8, -9, -8, -6, -10, -10, -9, -8, -8, -10, -11, -11, -11, -12, -11, -12, -13, -11, -4, 4, 0, -7, -20, -4
mse: 0.01598708146870291
----------------------
pred_str: 0, -1, -1, -3, -4, -5, -8, -10, -12, -14, -14, -15, -16, -17, -18, -19, -19, -21, -19, -19, -20, -19, -20, -19, -19, -19, -19, -18, -19, -19, -19, -19, -19, -19, -18, -19, -19, -18, -19, -18, -19, -18, -19, -19, -18, -19, -19, -18, -19, -19, -19, -18, -19, -18, -19, -19, -19, -19, -19, -19, -19, -19, -19, -19, -19, -19, -19, -19, -19, -19, -19, -19, -19, -19, -19, -19, -19
target_str: 12, 18, 30, 37, 39, 26, -1, -14, -9, -15, -22, -14, -19, -16, -20, -16, -19, -20, -21, -18, -15, -13, -19, -19, -23
mse: 0.005691176966898965
----------------------
pred_str: 0, -5, -6, -6, -5, -4, -5, -5, -5, -6, -6, -5, -7, -8, -8, -9, -8, -9, -10, -10, -10, -10, -10, -11, -11, -12, -12, -12, -12, -12, -12, -12, -12, -12, -12, -12, -13, -13, -13, -13, -13, -13, -13, -13, -13, -13, -13, -13, -14, -14, -14, -14, -14, -14, -14, -14, -14, -14, -14, -14, -14, -14, -14, -14, -14, -14, -14, -14, -14, -14, -14, -14, -14
target_str: -11, -8, -5, -1, 6, 13, 23, 32, 31, 18, 3, -5, -4, -6, -8, -6, -7, -7, -6, -3, -4, -7, -6, -7, -7
mse: 0.01025083084503648
----------------------
pred_str: 68, 67, -32, -1, -13, 0, -4, 1, 13, 18, 31, 40, 30, 8, 1, -7, -10, -8, -9, -9, -9, -8, -8, -8, -8, -8, -8, -8, -8, -8, -8, -8, -10, -12, -12, -14, -14, -18, -14, 100, 0, -20
target_str: 3, -11, -2, -1, 2, 5, 13, 27, 35, 41, 31, 15, 2, -7, -6, -8, -6, -4, -5, -5, -6, -7, -7, -8, -7
mse: 0.020641819559607772
----------------------
pred_str: 1, 2, 4, 7, 13, 16, 23, 31, 40, 44, 40, 28, 14, 8, 5, 4, 4, 3, 2, 1, 1, -1, -3, -5, -8, -11, -14, -18, -17, -15, -16, -13, -9, -6, -4, -2, 1, 5
target_str: 0, 5, 10, 24, 37, 37, 26, 12, 3, 1, 1, 4, 4, 5, 4, 6, 5, 4, 5, 8, 6, -2, 0, -9, 11
mse: 0.04283413939897498
----------------------
pred_str: 0, 0, -3, -4, -4, -5, -4, -4, -4, -4, -4, -4, -4, -4, -4, -4, -3, -3, -3, -2, -2, -1, -1, -3, -3, -4, -4, -4, -4, -5, -4, -4, -4, -5, -4, -4, -5, -4, -5, -4, -4, -4, -4, -4, -4, -3, -3, -3, -3, -3, -3, -3, -3, -3
target_str: 36, 26, 5, -5, -6, -9, -8, -6, -3, -1, -4, -5, -6, -4, -5, -3, 9, 1, -9, -7, -11, -14, 108, -15, -21
mse: 0.011157005718879641
----------------------
pred_str: 2, -3, -2, 1, 2, -1, 4, 1, 5, 25, 61, 65, 46, 12, -5, -12, -12, -7, -10, -9, -12, -10, -9, -11, -11, -11, -10, -11, -9, -9, -11, -12, -9, -11, -13, -14, -1, -13, -18, -18, -21, -26, 44, 48, -43
target_str: 0, -8, -1, 5, 17, 0, -12, -14, -9, -13, 40, 85, -47, -10, -10, -6, -6, -5, 2, 7, 20, 48, 70, 58, 10
mse: 0.015282305273985304
----------------------
pred_str: 0, 1, 2, 4, 7, 13, 19, 28, 37, 47, 52, 57, 62, 66, 68, 73, 78, 80, 79, 78, 76, 74, 72, 71, 69, 68, 66, 66, 65, 65, 64, 63, 62, 61
target_str: 72, -92, -16, -7, 1, 4, 8, 10, 22, 39, 51, 56, 29, 0, -4, -10, -12, -14, -14, -12, -11, -11, -11, -12, -14
mse: 0.05715107372901165
----------------------
pred_str: 1, 1, 9, 13, 17, 17, 12, 0, -3, -6, -8, -9, -8, -8, -7, -6, -6, -5, -5, -5, -4, -4, 0, 7, 5, -6, -9, -11, -5, -17, 87, 48, -19, -1, -13, -4, -3, -5, -3, -1, 0, 2, 11, 17, 20, 17, 9, -1, -3, -7, -9, -7, -7, -6, -5, -5
target_str: 9, 0, -8, -8, -11, -10, -9, -8, -8, -4, -4, -6, -8, -6, -4, -1, 10, 3, -12, -6, -15, -3, -18, 67, 50
mse: 0.011149586624409305
----------------------
pred_str: 0, 0, -1, -2, -4, -6, -10, -13, -14, -14, -15, -16, -16, -17, -18, -19, -20, -20, -21, -22, -22, -24, -25, -26, -27, -28, -29, -29, -30, -31, -30, -28, -30, -29, -28, -29, -29, -29, -29, -29, -29, -30
target_str: -3, -5, -4, -5, -5, -4, -6, -9, -9, -10, -6, -9, -9, -8, -3, -4, -7, -11, -8, -11, -10, -11, 89, 20, -37
mse: 0.06997627206670555
----------------------
pred_str: 0, -2, -9, -12, -17, -23, -21, -29, -32, -33, -33, -33, -36, -36, -37, -36, -38, -39, -40, -40, -40, -41, -41, -41, -41, -41, -41, -41, -41, -42, -42, -42, -42, -42, -42
target_str: -10, -6, -16, -10, -11, -11, -14, -13, -15, -10, -7, -1, -3, -7, -22, -9, -13, 80, 23, -41, 0, -17, -2, -7, 1
mse: 0.059832318065993956
----------------------
pred_str: 1, 1, 1, 2, 2, 2, 2, 3, 3, 3, 4, 4, 4, 4, 4, 5, 5, 6, 6, 6, 6, 6, 6, 6, 6, 7, 7, 7, 7, 7, 8, 8, 8, 8, 9, 9, 9, 9, 9, 9, 10, 10, 10, 10, 10, 10, 11, 11, 11, 11, 11, 11, 12, 12, 12, 12, 12, 13, 13, 13, 13, 13, 13, 14, 14, 14
target_str: -7, -8, -9, -6, -14, -8, -5, -3, -2, -13, -12, -20, -15, -24, 82, 37, -24, -3, -16, -6, -7, -3, 5, 11, 24
mse: 0.012183013552590131
----------------------
pred_str: 1, 1, 1, 1, 1, 1, 1, 1, 1, 1, 1, 1, 1, 1, 1, 1, 1, 1, 1, 1, 1, 1, 1, 1, 1, 1, 1, 1, 1, 1, 1, 1, 1, 1, 1, 1, 1, 1, 1, 1, 1, 1, 1, 1, 1, 1, 1, 1, 1, 1, 1, 1, 1, 1, 1, 1, 1, 1, 1, 1, 1, 1, 1, 1, 1, 1, 1, 1, 1, 1, 1, 1, 1, 1, 1, 1, 1, 1, 1, 1, 1, 1, 1, 1, 1, 1, 1, 1, 1, 1, 1, 1, 1, 1, 1, 1, 1, 1, 1, 1, 1, 1, 1, 1, 1, 1, 1, 1, 1, 1, 1, 1, 1, 1, 1, 1, 1, 1, 1, 1, 1, 1, 1, 1, 1, 1, 1, 1, 1, 1, 1, 1, 1, 1, 1, 1, 1, 1, 1, 1, 1, 1, 1, 1, 1, 1, 1, 1, 1, 1, 1, 1, 1, 1, 1, 1, 1, 1, 1, 1, 1, 1, 1, 1, 1, 1, 1, 1, 1, 1, 1,
target_str: 30, 42, 45, 36, 10, -4, -7, -11, -14, -8, -7, -7, -7, -7, -8, -10, -11, -11, -7, -12, -8, -9, -12, -6, -4
mse: 0.007943036914382978
----------------------
pred_str: 10, 16, 21, 17, 14, 9, 0, 0, 0, -1, -4, -11, -15, -6, -18, -1, 25, 82, 83, 1, 16, 7, 13, 11, 15, 15, 16, 19, 18, 18, 18, 18, 18, 17, 18, 18, 18, 18, 19, 19, 18, 19, 18, 18, 18, 18, 18, 18, 18, 18, 18
target_str: 38, 46, 43, 30, 20, 20, 18, 8, -2, -7, -12, -15, -17, -21, -23, -23, -25, -27, -28, -27, -23, -28, -27, -33, -25
mse: 0.08676321023632544
----------------------
pred_str: 0, -18, -23, -26, -26, -27, -27, -28, -29, -29, -30, -31, -30, -31, -30, -32, -32, -32, -34, -33, -31, -26
target_str: 91, 94, 71, 22, -10, -12, -33, -25, -29, -17, -19, -17, -17, -16, -17, -16, -21, -19, -20, -22, -16, -17, -28, -22, -17
mse: 0.010049086274933316
----------------------
pred_str: 0, -5, -1, -10, -12, -16, -19, -23, -23, -23, -21, -22, -22, -21, -21, -20, -20, -20, -19, -19, -19, -19, -19, -18, -18, -18, -18, -17, -17, -16, -16, -14, -14, -13, -13, -12, -12, -11, -11, -11, -11, -10, -11, -10, -11, -10, -10, -10, -9, -9, -9, -8, -8, -8, -8, -8, -8, -8, -8, -8, -8, -8, -8, -8, -8, -8, -8, -8, -8
target_str: -1, -7, -8, -8, -9, -9, -8, -8, -8, -8, -7, -8, -7, -7, -8, -8, -6, -4, -5, -5, -12, -5, -24, 56, 82
mse: 0.11335377485963342
----------------------
pred_str: 0, -2, -3, -2, -4, -4, -4, -4, -4, -3, 0, 5, 11, 15, 10, 4, -1, -4, -4, -3, -4, -3, -3, -2, -2, -1, 0, 0, -1, -2, -5, -1, -19, 23, 100, 20, 0, -4, -4, -5, -5, -5, -5, -5, -5, -6, -6, -7, -7, -7, -7, -8, -8, -8, -8, -9, -9, -9, -10, -10, -10
target_str: -5, -6, -5, -5, -1, 0, 4, 9, 10, 5, 0, -3, -4, -5, -4, -3, -6, -5, -4, -4, -5, -4, -5, -5, -5
mse: 0.005958861910853526
----------------------
pred_str: 1, 21, 31, 43, 28, -5, -12, -16, -15, -15, -14, -12, -12, -11, -9, -7, -9, -11, -13, -17, -18, -15, -12, -16, 12, 4, -2, -17, -22, -20, -15, -21, -13, -16, -15, -14, -16, -16, -18, -18
target_str: -12, -2, -8, 0, 4, 8, 16, 18, 50, 60, 63, 56, 32, -1, -11, -18, -17, -11, -11, -2, -2, 0, -3, 0, 10
mse: 0.00831372530654801
----------------------
pred_str: 0, -1, -2, -2, -3, -4, -5, -6, -5, -6, -6, -7, -6, -7, -6, -6, -6, -7, -6, -7, -7, -8, -7, -11, -10, -15, -13, -18, 69, 32, -29, -2, -17, -6, -3, -2, 1, 13, 23, 31, 28, 12, 2, -1, -2, -3, -5, -4
target_str: -5, -8, -8, -6, -7, -5, -4, -6, -6, -8, -7, -3, -2, 1, -1, -10, -7, -14, -3, -26, 47, 82, -29, -2, -12
mse: 0.019880681903834425
----------------------
pred_str: 1, -10, -10, -6, -3, 0, 1, 15, 32, 46, 58, 66, 67, 53, 20, -3, -12, -15, -7, -11, -12, -12, -12, -13, -13, -13, -14, -14
target_str: -16, -1, 11, 13, -23, -2, -47, 62, 55, -68, -5, -23, -4, -11, 2, 16, 32, 52, 59, 68, 52, 28, -6, -20, -19
mse: 0.018657701203892936
----------------------
pred_str: 1, 1, 3, 4, 4, 4, 5, 4, 4, 4, 4, 3, 3, 2, 2, 2, 2, 2, 2, 2, 2, 2, 2, 2, 2, 2, 2, 2, 2, 2, 2, 2, 2, 2, 2, 2, 2, 2, 2, 2, 2, 2, 2, 2, 2, 2, 2, 2, 2, 2, 2, 2, 2, 2, 2, 2, 2, 2, 2, 2, 2, 2, 2, 2, 2, 2, 2, 2, 2, 2, 2, 2, 2, 2, 2, 2, 2, 2, 2, 2, 2, 2, 2, 2, 2, 2, 2, 2, 2, 2, 2, 2, 2, 2, 2, 2, 2, 2, 2, 2, 2, 2, 2, 2, 2, 2, 2, 2, 2, 2, 2, 2, 2, 2, 2, 2, 2, 2, 2, 2, 2, 2, 2, 2, 2, 2, 2, 2, 2, 2, 2, 2, 2, 2, 2, 2, 2, 2, 2, 2, 2, 2, 2, 2, 2, 2, 2, 2, 2, 2, 2, 2, 2, 2, 2, 2, 2, 2, 2, 2, 2, 2, 2, 2, 2, 2, 2, 2, 2, 2, 2,
target_str: 1, 9, 15, 11, 5, 5, -4, 6, -14, 95, 65, -17, 12, 0, 7, 2, 9, 9, 17, 28, 37, 37, 24, 5, -5
mse: 0.020265706805175986
----------------------
pred_str: 1, 0, -3, -10, -11, -12, -12, -12, -13, -12, -12, -12, -12, -12, -11, -11, -11, -10, -10, -10, -9, -8, -8, -8, -7, -7, -7, -7, -7, -7, -7, -7, -7, -7, -7, -7, -6, -6, -6, -6, -5, -5, -5, -5, -4, -3, -2, -1, -1
target_str: -5, -7, -6, -6, -12, -4, -6, -8, -7, -4, -3, -6, -11, -5, -9, -5, -7, -8, -2, 2, -3, -5, -9, -5, -16
mse: 0.0016687317031342946
----------------------
pred_str: 0, 0, 0, 0, 0, 0, 0, 0, 0, 0, 0, 0, 0, 0, 0, 0, 0, 0, 0, 0, 0, 0, 0, 0, 0, 0, 0, 0, 0, 0, 0, 0, 0, 0, 0, 0, 0, 0, 0, 0, 0, 0, 0, 0, 0, 0, 0, 0, 0, 0, 0, 0, 0, 0, 0, 0, 0, 0, 0, 0, 0, 0, 0, 0, 0, 0, 0, 0, 0, 0, 0, 0, 0, 0, 0, 0, 0, 0, 0, 0, 0, 0, 0, 0, 0, 0, 0, 0, 0, 0, 0, 0, 0, 0, 0, 0, 0, 0, 0, 0, 0, 0, 0, 0, 0, 0, 0, 0, 0, 0, 0, 0, 0, 0, 0, 0, 0, 0, 0, 0, 0, 0, 0, 0, 0, 0, 0, 0, 0, 0, 0, 0, 0, 0, 0, 0, 0, 0, 0, 0, 0, 0, 0, 0, 0, 0, 0, 0, 0, 0, 0, 0, 0, 0, 0, 0, 0, 0, 0, 0, 0, 0, 0, 0, 0, 0, 0, 0, 0, 0, 0,
target_str: 4, 15, 23, 20, 20, 8, 0, -8, -12, -10, -6, -4, -7, -8, -9, -4, -3, -8, -5, -2, 0, -8, -10, -14, 99
mse: 0.021519128376718197
----------------------
pred_str: 1, 12, 21, 24, 27, 32, 37, 39, 42, 43, 43, 37, 33, 27, 22, 15, 7, -3, -6, -10, -10, -13, -10, -11, -12, -11, -10, -11, -10, -10, -9, -9, -9, -9, -10, -10, -10, -9, -9, -10, -9, -10, -11, -11, -11, -11, -11, -11, -12, -10, -11, -11, -11, -11, -11, -10, -10, -11, -10, -11, -10, -10, -11, -10
target_str: 12, 4, -1, -3, -5, -4, -3, -3, -5, -4, -3, -2, -1, -2, -2, 0, -1, -2, -3, 0, 6, 9, -3, 0, -7
mse: 0.06630724588424461
----------------------
pred_str: 18, 22, 25, 26, 29, 31, 34, 36, 39, 43, 45, 47, 49, 50, 47, 44, 40, 33, 25, 19, 13, 4, 1, -1, -2, -4, -4, -5, -1, -1, -1, -3, -2, -5, -4, -4, -6, -7, -8, -10, -10, -13, -16, -17, -17, -19, -20, -23, -25, -27, -29, -32, -33, -36, -39, -41, -43, -44
target_str: -1, -13, -3, 5, 0, -17, -5, -8, 19, -60, -91, 0, -10, 2, 12, 14, 12, 19, 42, 54, 30, 25, 14, 0, -9
mse: 0.05330185481711852
----------------------
pred_str: 3, -4, -2, -4, -3, -1, 1, 1, 3, 5, 8, 13, 14, 11, 5, -4, -7, -11, -9, -11, -9, -9, -10, -12, -11, -12, -11, -12, -11, -11, -12, -11, -13, -11, -12, -12, -13, -12, -13, -11, -11, -12, -13, -12, -13, -13, -13, -14, -14, -12, -12, -11, -11, -11, -11, -10, -10, -9, -9, -8, -8, -8, -7, -6, -7, -7, -6, -6
target_str: -9, -10, -11, -13, -10, -6, -2, -13, -12, -17, -9, -33, 32, 64, -16, -7, -13, -7, -7, -2, 2, 9, 21, 27, 21
mse: 0.035175503651135025
----------------------
pred_str: 34, 27, 16, 10, 0, -3, -4, -10, -15, -14, -20, -24, -28, -27, -25, -22, -25, -25, -29, -28, -30, -27, -29, -30, -26, -27, -32, -28, -29, -26, -27, -27, -28, -26, -29, -28, -29, -29, -30, -29, -29, -29, -28, -29
target_str: -2, 3, 3, -1, -11, 1, -19, 27, 99, -66, -25, -9, 0, 0, 2, 8, 15, 34, 49, 57, 56, 18, 0, -15, -18
mse: 0.01789244142089034
----------------------
pred_str: 0, 0, -2, -1, 1, 5, 10, 22, 34, 57, 74, 89, 86, 54, 16, 0, -1, -9, -5, -10, -10, -11, -7, -3, -6, -8, -11, -12, -12, -12, -14
target_str: 92, 55, 11, -11, -13, -21, -24, -10, -11, -12, -15, -19, -9, -15, -22, -15, -15, -20, -18, -17, -14, -11, -17, -6, 6
mse: 0.015308315274722192
----------------------
pred_str: 0, -7, -4, -2, -1, -3, -1, -1, -4, -3, -1, -4, -3, -4, -3, -4, -5, -4, -5, -5, -7, -5, -6, -8, -8, -5, -10, -8, -6, -6, -11, -1, 1, -1, -1, -5, -1, -1, -6, 0, -2, -1, -2, -4, -1, 0, -1, -2, -3, -2, -3, -1, -2, 0, 0, 0, 10, 29, 28, 14, 0, -1, -3, -2, -5, -5, -6, -6, -7, -4
target_str: -6, -6, -1, 2, -1, -5, -10, -5, -12, -1, -19, 56, 57, -18, 0, -12, -3, -5, -2, -3, 0, 3, 15, 23, 36
mse: 0.024027847335619707
----------------------
pred_str: 0, -3, -4, -5, -6, -7, -7, -7, 0, 7, 29, 35, 26, 8, 1, -3, -5, -4, -4, -4, -5, -5, -5, -5, -6, -5, -6, -7, -7, -8, -8, -11, -10, -10, -11, -12, -12, -13, -14, -14, -15, -16, -17, -17, -18, -18, -19, -19, -20, -21, -22, -23, -25, -26
target_str: -1, 0, 4, -17, 0, -29, 47, 76, -41, -8, -23, -10, -14, -8, -7, 2, 15, 30, 32, 17, 3, -3, -4, -6, -8
mse: 0.02120420834510077
----------------------
pred_str: 0, -3, -13, -18, -17, -14, -10, -6, -3, -2, 3, 7, 12, 16, 24, 40, 60, 71, 69, 46, 17, 1, -9, -16, -16, -13, -12, -10, -9, -7, -7
target_str: 57, 62, 36, 3, -11, -20, -22, -16, -19, -17, -9, -11, -16, -16, -18, -15, -15, -4, -6, -7, -7, -7, -7, -5, -5
mse: 0.021817976769000876
----------------------
pred_str: 0, -3, -5, -4, -3, -3, -4, -7, -7, -11, -12, -8, -8, -5, -1, 2, 11, 22, 31, 42, 34, 15, 0, -11, -8, -9, -8, -8, -6, -5, -6, -6, -7, -6, -8, -8, -8, -9, -9, -9, -9, -10, -10, 3, 1, -11, -13, -8, -23, 63, 115
target_str: 6, -2, -15, -13, -17, 5, 87, -12, -11, -12, -11, -10, -5, -4, -6, 0, 7, 12, 24, 35, 34, 20, 4, -3, -9
mse: 0.008495848670822015
----------------------
pred_str: 0, -10, -17, -15, -22, -24, -19, -16, -14, -14, -13, -11, -10, -9, -10, -9, -10, -8, -10, -7, -9, -9, -8, -7, -9, -7, -8, -8, -5, -10, -1, -11, -14, 4, 29, 59, -32, -16, -15, -12, -11, 0, 1, 14, 26, 30
target_str: -4, -2, -1, -2, -2, -4, -2, -3, 0, 0, 8, -10, -2, -22, 65, 45, -49, -3, -18, -3, -9, 0, 3, 13, 23
mse: 0.018153030042754623
----------------------
pred_str: 1, 1, 1, 2, 3, 4, 4, 4, 5, 4, 5, 5, 5, 4, 5, 4, 5, 4, 5, 4, 5, 5, 5, 5, 5, 4, 5, 5, 4, 5, 4, 4, 4, 4, 4, 4, 4, 4, 4, 4, 4, 4, 4, 4, 4, 4, 4, 4, 4, 4, 4, 4, 4, 4, 4, 4, 4, 4, 4, 4, 4, 4, 4, 4, 4, 4, 4
target_str: -1, -5, -7, -8, -5, -10, 87, 40, -13, -1, -13, -7, -7, -8, -4, -3, 0, 4, 7, 7, 1, -5, -5, -5, -6
mse: 0.04399259682334286
----------------------
pred_str: 1, 1, -1, 0, -2, -1, 0, 0, -1, -3, -5, -4, -4, -3, -4, -3, -3, -4, -4, -5, -7, -5, -4, -6, -5, -5, -5, -3, -2, -3, -2, -1, -3, -4, -3, -1, -1, -4, -4, -1, -2, -1, -2, -3, -3, -3, 0
target_str: -4, -1, -4, -6, -1, 2, 14, 9, 26, 37, 38, 18, 4, 0, -7, -15, -15, -5, -8, -17, -13, -8, -14, -13, -12
mse: 0.006660790540302237
----------------------
pred_str: 1, 1, 1, -1, 0, 0, 0, -1, 1, 2, -4, -7, 0, -15, 27, 101, 12, -5, -6, -6, -9, -3, -1, 1, 8, 14, 19, 20, 0, -8, -14, -9, -17, -15, -13, -12, -12, -12, -12, -11, -10, -12, -10, -10, -12, -11, -10, -12, -12, -12, -12, -13, -12, -13, -11, -13, -11, -12, -11, -11, -11, -11, -11, -10
target_str: -4, 0, 2, 16, 23, 21, 3, -4, -11, -14, -15, -9, -8, -11, -4, -9, -7, -6, -12, 0, -7, -8, -8, -4, -4
mse: 0.018516246108945172
----------------------
pred_str: 0, 0, -15, -23, -17, -27, -23, -37, -11, -30, -34, -41, -26, -37, -39, -29, -30, -22, -17, -14, -15, -2, -28, -18, -11, -1, -4, -12, -4, 0, -13, 0, 0, -20, -16, 0, -14, -2, 0, -15, -6, -1, -15, 1, -11, -1, -16, -3, -13, 3, -1, -14, -2, -13, 4, -11, -1, -16, 2, -15, -4, -15, 3, -13, -2, -18, 3, -10, -1, -15, 6, -6, -10, -1, -14, -10, 4, -1, -12, -2, -14, -10, -13
target_str: 5, 33, 48, 87, 52, 17, -5, -6, -4, -25, 0, 2, -5, 9, -2, -9, -13, -8, 43, -55, -45, -7, -10, 2, 4
mse: 0.008564804939640519
----------------------
pred_str: 2, -3, -1, -4, -5, -6, -6, -8, -10, -13, -15, -17, -16, -16, -15, -17, -13, -16, -17, -13, -16, -16, -16, -18, -19, -20, -16, -19, -17, -19, -22, -19, -22, -20, -17, -21, -19, -16, -17, -14, -17, -12, -20, -16, -19, -21, -18, -20, -19, -19, -18, -17, -13, -12, -10, -2, -11, -12, -16, -19, -14, -15, -14, -12, -11, -12, -9
target_str: -10, -8, 3, -1, 0, -16, -10, -22, 50, 25, -69, -5, -15, 0, 2, 15, 37, 56, 61, 46, 19, -4, -4, -7, -9
mse: 0.029884147035796962
----------------------
pred_str: 1, 4, 14, 23, 31, 38, 44, 49, 53, 54, 54, 51, 49, 46, 40, 29, 16, 2, 0, -3, -7, -13, -16, -17, -19, -21, -24, -24, -25, -24, -24
target_str: 34, 24, 7, -4, -10, -15, -17, -13, -15, -12, -12, -8, -3, -5, -2, -2, -4, -5, 0, 3, 4, 11, 12, 12, 13
mse: 0.18271399205280667
----------------------
pred_str: 0, 0, -1, -2, -2, -5, -7, -11, -15, -15, -16, -18, -17, -16, -19, -18, -20, -17, -21, -17, -18, -19, -18, -15, -17, -12, -11, -9
target_str: -12, -9, -14, -18, -12, 8, -14, -19, -22, -22, -18, 60, 46, -41, -15, -22, -9, -13, -1, 2, 8, 31, 46, 72, 83
mse: 0.013869154559514157
----------------------
pred_str: 10, -26, -20, -15, 84, 49, -71, -13, -15, -10, -11, -12, -11, -15, -15, -15, -13, -12, -12, -11, -10, -10, -11, -11, -10
target_str: -10, -6, -13, -6, 14, 114, -24, -51, -12, -20, -6, -7, 3, 5, 20, 38, 73, 93, 95, 71, 25, 3, -8, -13, -9
mse: 0.02734426398397736
----------------------
pred_str: 2, 1, 2, 2, 2, 4, 7, 12, 13, 14, 14, 15, 15, 15, 15, 14, 14, 14, 13, 13, 12, 11, 10, 9, 8, 8, 8, 8, 8, 8, 8, 8, 8, 8, 8, 8, 8, 8, 8, 8, 8, 8, 8, 8, 8
target_str: -12, -18, -20, -13, -17, -15, -15, -20, -12, -14, -14, -7, 5, -3, -13, -14, -18, -16, -6, 69, -49, -50, -16, -21, -9
mse: 0.012835000971129929
----------------------
pred_str: 0, 0, -4, -4, 1, 0, -2, -3, -3, -3, -8, -3, -5, -4, -9, -7, -6, -9, -7, -9, -10, -9, -10, -10, -12, -12, -13, -13, -13, -12, -12, -13, -12, -12, -14, -12, -10, -12, -10, -10, -10, -9, -9, -9, -9
target_str: 3, 10, 23, 38, 55, 68, 67, 53, 23, 2, -2, -7, -9, -8, -4, -5, -6, -8, -8, -12, -8, -8, -13, -9, -12
mse: 0.011714123666485174
----------------------
pred_str: -100, -99, -89, -88, -84, -81, -80, -79, -77, -75, -72, -68
target_str: -81, -81, -81, -81, -81, -81, -81, -81, -81, -81, -81, -81, -81, -81, -81, -81, -81, -81, -81, -81, -81, -81, -81, -81, -81
mse: 1.3158303163943326e-05
----------------------
pred_str: 1, 0, 0, 0, 0, 0, 0, 0, 0, 0, 0, 0, 0, 0, 0, 0, 0, 0, 0, 0, 0, 0, 0, 0, 0, 0, 0, 0, 0, 0, 0, 0, 0, 0, 0, 0, 0, 0, 0, 0, 0, 0, 0, 0, 0, 0, 0, 0, 0, 0, 0, 0, 0, 0, 0, 0, 0, 0, 0, 0, 0, 0, 0, 0, 0, 0, 0, 0, 0, 0, 0, 0, 0, 0, 0, 0, 0, 0, 0, 0, 0, 0, 0, 0, 0, 0, 0, 0, 0, 0, 0, 0, 0, 0, 0, 0, 0, 0, 0, 0, 0, 0, 0, 0, 0, 0, 0, 0, 0, 0, 0, 0, 0, 0, 0, 0, 0, 0, 0, 0, 0, 0, 0, 0, 0, 0, 0, 0, 0, 0, 0, 0, 0, 0, 0, 0, 0, 0, 0, 0, 0, 0, 0, 0, 0, 0, 0, 0, 0, 0, 0, 0, 0, 0, 0, 0, 0, 0, 0, 0, 0, 0, 0, 0, 0, 0, 0, 0, 0, 0, 0,
target_str: 0, -1, 0, -3, -6, -6, -6, -9, -8, -3, 0, 2, -9, -14, -12, -20, -19, 81, -24, -44, -1, -6, -1, 1, 3
mse: 0.004875708682932173
----------------------
