pred_str: -1, -5, -12, -14, -14
target_str: 30, 42, 45, 36, 10
mse: 0.04893533318327692
----------------------
pred_str: -16, -15, -1, -1, -5
target_str: -1, -13, -3, 5, 0
mse: 0.0014930207046715744
----------------------
pred_str: 0, 3, 5, -1, -7
target_str: -6, -6, -7, -5, -7
mse: 0.0038137765930501997
----------------------
pred_str: -4, -4, -4, -4, -4
target_str: -1, -7, -8, -8, -9
mse: 0.0022819232108848256
----------------------
pred_str: -17, -19, -20, -14, -6
target_str: -12, -2, -8, 0, 4
mse: 0.0010299271952446767
----------------------
pred_str: -13, 10, 29, 28, -4
target_str: -23, -4, -15, -10, -9
mse: 0.03044583291233783
----------------------
pred_str: -2, -14, -19, -15, -18
target_str: -9, -5, -12, -5, 13
mse: 0.003907445989641124
----------------------
pred_str: 1, 6, -1, -1, -1
target_str: 6, -2, -15, -13, -17
mse: 0.003174935264327922
----------------------
pred_str: -15, 0, -5, 10, 17
target_str: 12, 4, -1, -3, -5
mse: 0.024616269082210117
----------------------
pred_str: -10, -24, -23, -22, -25
target_str: -14, 5, -6, 0, -13
mse: 0.002144259280970298
----------------------
pred_str: -9, -12, -16, -10, -8
target_str: 0, -8, -1, 5, 17
mse: 0.003120467922420777
----------------------
pred_str: 100, 35, 44, 48, -23
target_str: -2, 3, 3, -1, -11
mse: 0.026969945499616517
----------------------
pred_str: -11, -12, -10, -10, -10
target_str: 3, -11, -2, -1, 2
mse: 0.0033006265400965253
----------------------
pred_str: -1, -7, -10, -9, -9
target_str: -3, -5, -4, -5, -5
mse: 0.0015729655951108017
----------------------
pred_str: -2, -1, -1, -3, -7
target_str: -12, -18, -20, -13, -17
mse: 0.0026630959076078785
----------------------
pred_str: -11, -23, -26, -29, -34
target_str: 34, 24, 7, -4, -10
mse: 0.1386076842037803
----------------------
pred_str: -12, -10, -12, -12, -10
target_str: -5, -6, -5, -5, -1
mse: 0.0046691146636103405
----------------------
pred_str: -1, 5, 10, 27, 41
target_str: -16, -1, 11, 13, -23
mse: 0.006620990515275338
----------------------
pred_str: -32, -31, -13, -18, -19
target_str: -10, -8, 3, -1, 0
mse: 0.009823845101016578
----------------------
pred_str: -81, -81, -81, -81, -81
target_str: -81, -81, -81, -81, -81
mse: 0.0
----------------------
pred_str: -20, -17, -19, -19, -18
target_str: 91, 94, 71, 22, -10
mse: 0.047813641781907966
----------------------
pred_str: -14, -13, -11, -13, -12
target_str: 0, -8, -9, -8, -6
mse: 0.0018606272076377602
----------------------
pred_str: -7, -10, -8, -6, -6
target_str: 4, 15, 23, 20, 20
mse: 0.026400502809168586
----------------------
pred_str: -1, -1, -3, -4, -5
target_str: 1, 9, 15, 11, 5
mse: 0.004443561011093565
----------------------
pred_str: 0, 2, 11, 16, -10
target_str: 33, 24, 5, -5, -6
mse: 0.009030814604889944
----------------------
pred_str: -10, -13, -9, -6, -5
target_str: -7, -8, -9, -6, -14
mse: 0.0005711097988536872
----------------------
pred_str: -19, -19, -26, -33, 82
target_str: 0, -1, 0, -3, -6
mse: 0.023053622576907552
----------------------
pred_str: 0, 1, 0, 0, -2
target_str: 57, 62, 36, 3, -11
mse: 0.023525215995892863
----------------------
pred_str: -10, 3, 11, 21, 39
target_str: -23, -41, -15, 70, -55
mse: 0.03068938742701749
----------------------
pred_str: -5, -33, -20, -10, -10
target_str: 5, 33, 48, 87, 52
mse: 0.023784853110792308
----------------------
pred_str: -2, -10, -15, -16, -19
target_str: 38, 46, 43, 30, 20
mse: 0.1301958420967259
----------------------
pred_str: 0, 2, 1, -1, -10
target_str: -4, 0, 2, 16, 23
mse: 0.008275582488791226
----------------------
pred_str: -3, -5, -9, -5, -7
target_str: -5, -7, -6, -6, -12
mse: 0.00039952930531611736
----------------------
pred_str: -11, -10, -10, -11, -10
target_str: -4, -1, -4, -6, -1
mse: 0.0015626488071090294
----------------------
pred_str: -11, -13, -15, -7, -14
target_str: -6, -6, -1, 2, -1
mse: 0.005435691557696967
----------------------
pred_str: -12, -12, -15, -12, -12
target_str: -10, -6, -16, -10, -11
mse: 0.00043785781142189077
----------------------
pred_str: 0, -10, -11, -13, -10
target_str: -11, -8, -5, -1, 6
mse: 0.005920028931506554
----------------------
pred_str: -21, -16, -21, -16, -21
target_str: 7, -1, -1, 2, -12
mse: 0.012080777937658807
----------------------
pred_str: -2, -2, -3, -3, -10
target_str: -1, -5, -7, -8, -5
mse: 0.001613783839450747
----------------------
pred_str: 0, 1, 2, 13, 100
target_str: 9, 0, -8, -8, -11
mse: 0.07720963474553501
----------------------
pred_str: 0, -3, -1, -1, -1
target_str: -4, -2, -1, -2, -2
mse: 0.00011793324584980438
----------------------
pred_str: 0, 1, -21, 10, 57
target_str: 72, -92, -16, -7, 1
mse: 0.04851623396328447
----------------------
pred_str: 0, -4, -7, -9, -11
target_str: 12, 18, 30, 37, 39
mse: 0.030733099201455866
----------------------
pred_str: -13, -17, -10, -14, -9
target_str: -12, -9, -14, -18, -12
mse: 0.00019558449076823308
----------------------
pred_str: -1, -11, -13, -14, -15
target_str: 92, 55, 11, -11, -13
mse: 0.018114662068643234
----------------------
pred_str: -2, -4, -5, -1, 1
target_str: -9, -10, -11, -13, -10
mse: 0.0059520184154559525
----------------------
pred_str: -2, -2, -4, -4, -3
target_str: -5, -8, -8, -6, -7
mse: 0.0006550338570658105
----------------------
pred_str: 0, 0, 0, -4, -11
target_str: 3, 10, 23, 38, 55
mse: 0.020966165511443084
----------------------
pred_str: 0, 0, -6, -10, -15
target_str: -1, 0, 4, -17, 0
mse: 0.0017678030523372134
----------------------
pred_str: -1, 0, -1, -4, -4
target_str: 0, 5, 10, 24, 37
mse: 0.07338500072814028
----------------------
