pred_str:  0, 2, 1, 3, 16, 34, 54, 56, 40, 18, -4, -4, -7, -9, -10, -12, -6, -1, -2, -7, -21, -18, -24, 48, -3, -73, -12, -22, -6, 0, 15, 33, 53, 60, 39, 7, -10, -15, -17, -18, -20, -19, -18, -8, -12, -9, -30, -20, -32, 56, -2, -81, -17, -30, -11, -5, 11, 29, 53, 58, 41
target_str: -10, -8, 3, -1, 0, -16, -10, -22, 50, 25
mse: 0.03405582570844855
----------------------
pred_str:  6, 8, 14, 14, 15, 16, 17, 17, 17, 17, 17, 18, 19, 20, 20, 21, 22, 23, 23, 24, 25, 26, 27, 28, 29, 30, 31, 31, 32, 33, 34, 35, 36, 37, 38, 39, 40, 41, 42, 43, 44, 45, 46, 47, 48, 49, 50, 51, 52, 53, 54, 55, 56, 57, 58, 59, 60
target_str: 72, -92, -16, -7, 1, 4, 8, 10, 22, 39
mse: 0.023406142381870384
----------------------
pred_str: 6, 13, 18, 22, 30, 42, 66, 82, 98, 90, 73, 20, -13, -15, -25, -30, -35, -41, -48, -56, -59, -56, -63, -70, -72, -74, -76, -78, -80, -82, -85
target_str: 91, 94, 71, 22, -10, -12, -33, -25, -29, -17
mse: 0.048482591883678795
----------------------
pred_str: 6, 2, -4, -10, -16, -14, -19, -24, -25, -24, -25, -25, -26, -27, -29, -26, -29, -31, -32, -33, -35, -38, -42, -45, -48, -52, -55, -57, -60, -61, -62, -63, -64, -65, -66, -67, -68, -69, -70, -71, -72, -73, -74, -75, -76, -77, -78, -79, -80, -81, -82, -83, -84, -85, -86, -87, -88, -89, -90, -91, -92, -93, -94, -95, -96, -97, -98, -99, -100
target_str: -16, -1, 11, 13, -23, -2, -47, 62, 55, -68
mse: 0.013052976031212554
----------------------
pred_str: 6, 2, -2, -1, 1, -2, 3, 5, 7, 9, 11, 13, 15, 17, 19, 21, 23, 25, 27, 29, 31, 33, 35, 37, 39
target_str: -1, 0, 4, -17, 0, -29, 47, 76, -41, -8
mse: 0.025091017989506186
----------------------
pred_str:  12, 12, 14, 12, 12, 12, 12, 12, 12, 12, 12, 12, 12, 12, 12, 12, 12, 12, 12, 12, 12, 12, 12, 12, 12, 12, 12, 12, 12, 12, 12, 12, 12, 12, 12, 12, 12, 12, 12, 12, 12, 12, 12, 12, 12, 12, 12, 12, 12, 12, 12, 12, 12, 12, 12, 12, 12, 12, 12, 12, 12, 12, 12, 12, 12, 12, 12, 12, 12, 12, 12, 12, 12, 12, 12, 12, 12, 12, 12, 12, 12, 12, 12, 12, 12, 12, 12, 12, 12, 12, 12, 12, 12, 12, 12, 12, 12, 12, 12, 12, 12, 12, 12, 12, 12, 12, 12, 12, 12, 12, 12, 12, 12, 12, 12, 12, 12, 12, 12, 12, 12, 12, 12, 12, 12, 12, 12, 12
target_str: 34, 24, 7, -4, -10, -15, -17, -13, -15, -12
mse: 0.05223283133277037
----------------------
pred_str: 1, 2, 3, 4, 5, 6, 7, 8, 9, 10, 11, 12, 13, 14, 15
target_str: -5, -6, -5, -5, -1, 0, 4, 9, 10, 5
mse: 0.00337745384478371
----------------------
pred_str: 13, 11, 11, 12, 11, 12, 11, 11, 11, 11, 11, 11, 11, 11, 11, 11, 11, 11, 11, 11, 11, 11, 11, 11, 11, 11, 11, 11, 11, 11, 11, 11, 11, 11, 11, 11, 11, 11, 11, 11, 11, 11, 11, 11, 11, 11, 11, 11, 11, 11, 11, 11, 11, 11, 11, 11, 11, 11, 11, 11, 11, 11, 11, 11, 11, 11, 11, 11, 11, 11, 11, 11, 11, 11, 11, 11, 11, 11, 11, 11, 11, 11, 11, 11, 11, 11, 11, 11, 11, 11, 11, 11, 11, 11, 11, 11, 11, 11, 11, 11, 11, 11, 11, 11, 11, 11, 11, 11, 11, 11, 11, 11, 11, 11, 11, 11, 11, 11, 11, 11, 11, 11, 11, 11, 11, 11, 11, 11, 
target_str: 30, 42, 45, 36, 10, -4, -7, -11, -14, -8
mse: 0.012969538278643115
----------------------
pred_str: 14, -19, -13, -14, -12, -11, -10, -9, -8, -7, -6, -5, -4, -3, -2, -1, 0, 1, 2, 3, 4, 5, 6, 7, 8, 9, 10, 11, 12, 13, 14, 15, 16, 17, 18, 19, 20, 21, 22, 23, 24, 25, 26, 27, 28, 29, 30
target_str: -14, 5, -6, 0, -13, 3, -15, 0, -14, -2
mse: 0.0011899792909330657
----------------------
pred_str: 6, 10, 12, 11, 7, -1, -5, -2, -4, -3, -6, -7
target_str: 9, 0, -8, -8, -11, -10, -9, -8, -8, -4
mse: 0.004008411198161274
----------------------
pred_str: 6, 8, 10, 11, 12, 11, 10, 12, 11, 10, 9, 8, 7, 6, 5, 4, 3, 2, 1, 0, 1, 2, 3, 4, 5, 6, 7, 8, 9, 10, 11, 12, 13, 14, 15, 16, 17, 18, 19, 20, 21, 22, 23, 24, 25, 26, 27, 28, 29, 30, 31, 32, 33, 34, 35, 36, 37, 38, 39, 40, 41, 42, 43, 44, 45, 46, 47, 48, 49, 50, 51, 52, 53, 54, 55, 56, 57, 58, 59, 60, 61, 62, 63, 64, 65, 66, 67, 68, 69, 70, 71, 72, 73, 74, 75, 76, 77, 78, 79, 80, 81, 82, 83, 84, 85, 86, 87, 88, 89, 90, 91, 92, 93, 94, 95, 96, 97, 98, 99, 100, 101, 102, 103, 104, 105, 106, 107, 108, 109, 110, 1
target_str: 0, -8, -9, -8, -6, -10, -10, -9, -8, -8
mse: 0.010750651960214682
----------------------
pred_str: 6, 10, 10, 13, 16, 16, 14, 17, 15, 16, 17, 16, 14, 14, 11, 9, 10, 12, 13, 15, 15, 14, 16, 15, 14, 16, 14, 16, 15, 16, 15, 16, 15, 16, 16, 15, 16, 15, 16, 15, 15, 16, 15, 16, 15, 15, 16, 15, 16, 16, 16, 15, 16, 15, 16, 15, 16, 16, 15, 16, 16, 15, 16, 16, 15, 16, 16, 15, 16, 15, 16, 15, 16, 16, 15, 16, 15, 16, 15, 16, 15, 16, 15, 16, 15, 16, 15, 16, 15, 16, 15, 16, 15, 16, 15, 16, 15, 16, 15, 16, 15, 16, 15, 16, 15, 16, 15, 16, 15, 16, 15, 16, 15, 16, 15, 16, 15, 16, 15, 16, 15, 16, 15, 16, 15, 16, 15, 16, 15
target_str: 0, 5, 10, 24, 37, 37, 26, 12, 3, 1
mse: 0.022504358952235976
----------------------
pred_str: 6, 14, 10, 13, 12, 13, 12, 13, 12, 12, 12, 12, 12, 12, 12, 12, 12, 12, 12, 12, 12, 12, 12, 12, 12, 12, 12, 12, 12, 12, 12, 12, 12, 12, 12, 12, 12, 12, 12, 12, 12, 12, 12, 12, 12, 12, 12, 12, 12, 12, 12, 12, 12, 12, 12, 12, 12, 12, 12, 12, 12, 12, 12, 12, 12, 12, 12, 12, 12, 12, 12, 12, 12, 12, 12, 12, 12, 12, 12, 12, 12, 12, 12, 12, 12, 12, 12, 12, 12, 12, 12, 12, 12, 12, 12, 12, 12, 12, 12, 12, 12, 12, 12, 12, 12, 12, 12, 12, 12, 12, 12, 12, 12, 12, 12, 12, 12, 12, 12, 12, 12, 12, 12, 12, 12, 12, 12, 12, 
target_str: 0, -1, 0, -3, -6, -6, -6, -9, -8, -3
mse: 0.0031510073837002577
----------------------
pred_str: 6, 11, -2, 4, -2, -12, 16, 4, 0, -10, 10, -14, 11, 10, 11, -10, -10, -10, -10, -10, -10, -10, -10, -10, -10, -10, -10, -10, -10, -10, -10, -10, -10, -10, -10, -10, -10, -10, -10, -10, -10, -10, -10, -10, -10, -10, -10, -10, -10, -10, -10, -10, -10, -10, -10, -10, -10, -10, -10, -10, -10, -10, -10, -10, -10, -10, -10, -10, -10, -10, -10, -10, -10, -10, -10, -10, -10, -10, -10, -10, -10, -10, -10, -10, -10, -10, -10, -10, -10, -10, -10, -10, -10, -10, -10, -10, -10, -10, -10, -10, -10, -10, -10, -10, -10, -10, -10, -10, -10, -10, -10, -10, -10, -10, -10, -10, -10, -10, -10, -10, -10, -10, -10, -10, -10, -10, -10, -10, -10, -10
target_str: 6, -2, -15, -13, -17, 5, 87, -12, -11, -12
mse: 0.015209562145827846
----------------------
pred_str: 10, 11, 12, 13, 14, 15, 16, 17, 18, 19
target_str: 12, 4, -1, -3, -5, -4, -3, -3, -5, -4
mse: 0.026278824738045388
----------------------
pred_str: 6, 12, 15, 18, 11, 0, -1, 1, 4, 13, 22, 31, 35, 26, 9, -4, -10, -8, -10, -10, -7, -7, -7, -8, -9, -8, -3, 0, -4, -14, -11, -17, -10, -25
target_str: 3, -11, -2, -1, 2, 5, 13, 27, 35, 41
mse: 0.01328060740567645
----------------------
pred_str: 6, 11, 16, 24, 32, 40, 45, 50, 55, 60, 65, 70, 75, 80, 85, 90, 95, 100, 105, 110, 115, 120, 125, 130, 135, 140, 145, 150, 155, 160, 165, 170, 175, 180, 185, 190, 195, 200, 205, 210, 215, 220, 225, 230, 235, 240, 245, 250, 255, 260, 265, 270, 275, 280, 285, 290, 295, 300, 305, 310, 315, 320, 325, 330, 335, 340, 345, 350, 355, 360, 365, 370, 375, 380, 385, 390, 395, 400, 405, 410, 415, 420, 425, 430, 435, 440, 445, 450, 455, 460, 465, 470, 475, 480, 485, 490, 495, 500
target_str: -23, -41, -15, 70, -55, -26, -25, -18, -12, -13
mse: 0.04147489656949158
----------------------
pred_str:  6, 13, -10, -10, -13, -15, -17, -15, -13, -14, -16, -18, -18, -14, -13, -13, -12, -11, -10, -10, -9, -8, -8, -8, -7, -7, -7, -7, -7, -7, -7, -7, -7, -7, -7, -7, -7, -7, -7, -7, -7, -7, -7, -7, -7, -7, -7, -7, -7, -7, -7, -7, -7, -7, -7, -7, -7, -7, -7, -7, -7, -7, -7, -7, -7, -7, -7, -7, -7, -7, -7, -7, -7, -7, -7, -7, -7, -7, -7, -7, -7, -7, -7, -7, -7, -7, -7, -7, -7, -7, -7, -7, -7, -7, -7, -7, -7, -7, -7, -7, -7, -7, -7, -7, -7, -7, -7, -7, -7, -7, -7, -7, -7, -7, -7, -7, -7, -7, -7, -7, -7, -7, -7, -7, -7, -7, -7, -7, -7, -7, -7, -7, -7, -7, -7, -7, -7, -7, -7, -7, -7, -7, -7, -7, -7, -7, -7, -7, -7, -7, -7, -7, -7, -7, -7, -7, -7, -7, -7, -7, -7, -7, -7, -7,
target_str: 3, 10, 23, 38, 55, 68, 67, 53, 23, 2
mse: 0.043675891990247975
----------------------
pred_str: 0, 1, 0, 1, 1, 1, 0, 0, 0, 0, 0, 0, 0, 0, 0, 0, 0, 0, 0, 0, 0, 0, 0, 0, 0, 0, 0, 0, 0, 0, 0, 0, 0, 0, 0, 0, 0, 0, 0, 0, 0, 0, 0, 0, 0, 0, 0, 0, 0, 0, 0, 0, 0, 0, 0, 0, 0, 0, 0, 0, 0, 0, 0, 0, 0, 0, 0, 0, 0, 0, 0, 0, 0, 0, 0, 0, 0, 0, 0, 0, 0, 0, 0, 0, 0, 0, 0, 0, 0, 0, 0, 0, 0, 0, 0, 0, 0, 0, 0, 0, 0, 0, 0, 0, 0, 0, 0, 0, 0, 0, 0, 0, 0, 0, 0, 0, 0, 0, 0, 0, 0, 0, 0, 0, 0, 0, 0, 0, 0, 0, 0, 0, 0, 0, 0, 0, 0, 0, 0, 0, 0, 0, 0, 0, 0, 0, 0, 0, 0, 0, 0, 0, 0, 0, 0, 0, 0, 0, 0, 0, 0, 0, 0, 0, 0, 0, 0, 0, 0, 0, 0,
target_str: -3, -5, -4, -5, -5, -4, -6, -9, -9, -10
mse: 0.004718896785332405
----------------------
pred_str:  15, 13, 18, 21, 24, 23, 26, 29, 28, 24, 22, 20, 21, 23, 23, 22, 23, 22, 22, 22, 22, 22, 22, 22
target_str: 0, -8, -1, 5, 17, 0, -12, -14, -9, -13
mse: 0.01050628534289453
----------------------
pred_str:  11, 14, 18, 21, 26, 30, 34, 38, 40, 42, 45, 48, 51, 54, 56, 59, 62, 65, 68, 72, 75, 79, 83, 87, 92, 96, 100, 104, 109, 114
target_str: 92, 55, 11, -11, -13, -21, -24, -10, -11, -12
mse: 0.016405002554587825
----------------------
pred_str: 10, 18, 13, 15, 10, 22, 12, 23, 27, 10, 16, 20, 21, 23, 28, 30, 34, 27, 25, 23, 21, 18, 15, 13, 11, 9, 7, 5, 3, 1, 1, 2, 3, 4, 5, 6, 7, 8, 9, 10, 11, 12, 13, 14, 15, 16, 17, 18, 19, 20, 21, 22, 23, 24, 25, 26, 27, 28, 29, 30, 31, 32, 33, 34, 35, 36, 37, 38, 39, 40, 41, 42, 43, 44, 45, 46, 47, 48, 49, 50, 51, 52, 53, 54, 55, 56, 57, 58, 59, 60, 61, 62, 63, 64, 65, 66, 67, 68, 69, 70, 71, 72, 73, 74, 75, 76, 77, 78, 79, 80, 81, 82, 83, 84, 85, 86, 87, 88, 89, 90, 91, 92, 93, 94, 95, 96, 97, 98, 99, 100, 101, 
target_str: -2, 3, 3, -1, -11, 1, -19, 27, 99, -66
mse: 0.011667335564290468
----------------------
pred_str: 6, -4, -8, -10, 17, -76, -74, 1, -4, 6, 5, 18, 10, 29, 38, 52, 41, 17, 10, -6, -5, -5, -4, -16, -4, 0, -14, -9, -4, -4, -10, -10, nan, nan, nan, nan, nan, nan, nan, nan, nan, nan, nan, -91, 0, -10, 2, 12, 14, 12, 19, 42, 54, 30, 25, 14, 0, -9, -5, -4, 0, -2, -4, 0, 0, -4, -12, 2, 12, -14, -3, -12, 24, -36, -100, -8, -2, 3, 10, 14, 11, 30, 38, 44, 42, 31, 11, -5, -5, -1, -6, -7, -6, 1, -4, -13, -3, -5, -11, -5, -1, 4, -19, -10, -5, -8, 7, -85, -67, 1, -12, 7, 4, 11, 12, 31, 34, 51, 39, 19, 1, 2, -8, -15, -1, 0, -4, -14, 5, -1, -3, -2, 5, 3, -7, -11, -7, 17, -60, -85, -8, -3, 7, 8, 13, 22, 30, 48, 50, 39, 29,
target_str: -1, -13, -3, 5, 0, -17, -5, -8, 19, -60
mse: 0.03523579646042081
----------------------
pred_str: 0, -3, -10, -11, -13, -12, -12, -11, -10, -9, -8, -7, -6, -5, -4, -3, -2, -1
target_str: -11, -8, -5, -1, 6, 13, 23, 32, 31, 18
mse: 0.03556766045212627
----------------------
pred_str: 6, 10, 21, 35, 49, 43, 25, 6, -2, -4, -7, -10, -12, -16, -18, 21, 93, -26, -11, -9, -6, -3, -1, -2, 0, 2, 10, 22, 33, 42, 35, 21, 5, -6, -11, -8, -10, -13, -15, -14, -15, -14, -14, -12, -10, -5, 0, -5, -10, -12, -15, -17, 21, 89, -28, -10, -9, -5, -3, 1, 1, 7, 25, 40, 47, 39, 26, 7, -4, -6, -10, -11, -12, -13, -14, -13, -12, -11, -8, -4, 0, -3, -7, -10, -14, -16, -18, 22, 90, -27, -12, -11, -7, -4, 1, 3, 11, 28, 40, 47, 42, 26, 6, -4, -7, -10, -11, -13, -15, -14, -15, -14, -14, -12, -11, -7, -2, 0, -2, -6, -11, -13, -16, -18, 21, 88, -26, -11, -10, -6, -3, 1, 2, 11, 28, 40, 47, 42, 26, 5, -4
target_str: -10, -6, -16, -10, -11, -11, -14, -13, -15, -10
mse: 0.059534384381265584
----------------------
pred_str: 0, 3, 1, 5, 0, 3, 1, 0, 0, 0, 0, 0, 0, 0, 0, 0, 0, 0, 0, 0, 0, 0, 0, 0, 0, 0, 0, 0, 0, 0, 0, 0, 0, 0, 0, 0, 0, 0, 0, 0, 0, 0, 0, 0, 0, 0, 0, 0, 0, 0, 0, 0, 0, 0, 0, 0, 0, 0, 0, 0, 0, 0, 0, 0, 0, 0, 0, 0, 0, 0, 0, 0, 0, 0, 0, 0, 0, 0, 0, 0, 0, 0, 0, 0, 0, 0, 0, 0, 0, 0, 0, 0, 0, 0, 0, 0, 0, 0, 0, 0, 0, 0, 0, 0, 0, 0, 0, 0, 0, 0, 0, 0, 0, 0, 0, 0, 0, 0, 0, 0, 0, 0, 0, 0, 0, 0, 0, 0, 0, 0, 0, 0, 0, 0, 0, 0, 0, 0, 0, 0, 0, 0, 0, 0, 0, 0, 0, 0, 0, 0, 0, 0, 0, 0, 0, 0, 0, 0, 0, 0, 0, 0, 0, 0, 0, 0, 0, 0, 0, 0, 0,
target_str: 38, 46, 43, 30, 20, 20, 18, 8, -2, -7
mse: 0.03758785132016323
----------------------
pred_str: 68, -76, -71, -85, -77, -79, -81, -81, -81, -81, -81, -81, -81, -81, -81, -81, -81, -81, -81, -81, -81, -81, -81, -81, -81, -81, -81, -81, -81, -81, -81, -81, -81, -81, -81, -81, -81, -81, -81, -81, -81, -81, -81, -81, -81, -81, -81, -81, -81, -81, -81, -81, -81, -81, -81, -81, -81, -81, -81, -81, -81, -81, -81, -81, -81, -81, -81, -81, -81, -81, -81, -81, -81, -81, -81, -81, -81, -81, -81, -81, -81, -81, -81, -81, -81, -81, -81, -81, -81, -81, -81, -81, -81, -81, -81, -81, -81, -81, -81, -81, -81, -81, -81, -81, -81, -81, -81, -81, -81, -81, -81, -81, -81, -81, -81, -81, -81, -81, -81, -81, -81, -81, -81, -81, -81, -81, -81, -81,
target_str: -81, -81, -81, -81, -81, -81, -81, -81, -81, -81
mse: 8.513372046017698e-06
----------------------
pred_str: 10, 15, 16, 16, 18, 21, 21, 19, 20, 19, 18, 17, 15, 14, 13, 12, 11, 10, 9, 8, 7, 6, 5, 4, 3, 2, 1, 0
target_str: 1, 9, 15, 11, 5, 5, -4, 6, -14, 95
mse: 0.02447204184994025
----------------------
pred_str: 0, 6, 0, 5, 5, 3, -1, 2, 1, 0, -5, -5, -5, -6, -6, -1, -3, -3, -10, -5, 1, -4, -2, -7, -5, -2, -7, -5, -8, -4, 0, 7, 0, -10, -15, -9, -16, 13, 60, -59, -34, -18, -8, -11, -7, -6, 1, 12, 34, 66, 93, 100, 77, 35, 17, 4, -1, 3, 0, 0, 0, -1, -2, -4, -7, -8, -7, -15, -12, -19, -17, -16, -17, -13, -14, nan, nan, nan, nan, nan, nan, nan, nan, nan, nan, -14, -7, 5, -3, -13, -14, -18, -16, -6, 69, -49, -50, -16, -21, -9, -16, -6, -4, 8, 21, 53, 94, 96, 78, 35, 15, 0, -1, -5, -6, -9, -5, -4, -8, -9, -16, -13, -12, -12, -13, -13, -9, -4, -4, -7, -5, -4, -3, -7, -4, -2, -3, -1, 7, 9, -3, -7, -12, -7, -22, 49, 21, -72, -19, -17, -12, -12, -5, -1, 
target_str: -12, -18, -20, -13, -17, -15, -15, -20, -12, -14
mse: 0.004621172214412197
----------------------
pred_str:  18, 28, 37, 48, 59, 70, 78, 89, 100, 111, 122, 133, 144, 155, 166, 177, 188, 199, 210, 221, 232, 243, 254, 265, 276, 287, 298, 309, 320, 331, 342, 353, 364, 375, 386, 397, 408, 419, 430, 441, 452, 463, 474, 485, 496, 507, 518, 529, 540, 551, 562, 573, 584, 595, 606, 617, 628, 639, 650, 661, 672, 683, 694, 705, 716, 727, 738, 749, 760, 771, 782, 793, 804, 815, 826, 837, 848, 859, 870, 881, 892, 903, 914, 925, 936, 947, 958, 969, 980, 991, 1002, 1013, 1024, 1035, 1046, 1057, 1068, 1079, 1090, 1101, 1112, 11
target_str: -12, -2, -8, 0, 4, 8, 16, 18, 50, 60
mse: 0.01842941341941801
----------------------
pred_str: 6, 10, 11, 12, 15, 19, 22, 24, 27, 31, 36, 41, 46, 51, 56, 61, 66, 71, 76, 81, 86, 91, 96, 101
target_str: 12, 18, 30, 37, 39, 26, -1, -14, -9, -15
mse: 0.016488890967301592
----------------------
pred_str: 6, -11, -16, -13, -20, -13, -8, -10, -12, -14, -10, -12, -16, -19, -24, -19, -15, -14, -14, -13, -11, -10, -10, -8, -9, -11, -13, -17, -24, -20, -23, -15, -18, -18, -17, -16, -15, -14, -13, -12, -11, -10, -10, -9, -9, -8, -7, -7, -7, -6, -6, -6, -6, -5, -5, -5, -5, -5, -5, -5, -5, -5, -5, -5, -5, -5, -5, -5, -5, -5, -5, -5, -5, -5, -5, -5, -5, -5, -5, -5, -5, -5, -5, -5, -5, -5, -5, -5, -5, -5, -5, -5, -5, -5, -5, -5, -5, -5, -5, -5, -5, -5, -5, -5, -5, -5, -5, -5, -5, -5, -5, -5, -5, -5, -5, -5, -5, -5, -5, -5, -5, -5, -5, -5, -5, -5, -5, -5, -5, -5, -5, -5, -5, -5, -5, -5, -5, -5, -5, -5, -5, -5, -5, -5, -5, -5, -5, -5, -5, -5, -5, -5, -5, -5, -5, -5, -5, -5,
target_str: -4, -2, -1, -2, -2, -4, -2, -3, 0, 0
mse: 0.004211458279425908
----------------------
pred_str: 6, 7, 8, 9, 10, 11, 12, 13, 14, 15, 16, 17, 18, 19, 20, 21, 22, 23, 24, 25, 26, 27, 28, 29, 30
target_str: -4, 0, 2, 16, 23, 21, 3, -4, -11, -14
mse: 0.006918008377870863
----------------------
pred_str: 0, -1, -1, -1, -1, -1, -1, -1, -1, -1, -1, -1, -1, -1, -1, -1, -1, -1, -1, -1, -1, -1, -1, -1, -1, -1, -1, -1, -1, -1, -1, -1, -1, -1, -1, -1, -1, -1, -1, -1, -1, -1, -1, -1, -1, -1, -1, -1, -1, -1, -1, -1, -1, -1, -1, -1, -1, -1, -1, -1, -1, -1, -1, -1, -1, -1, -1, -1, -1, -1, -1, -1, -1, -1, -1, -1, -1, -1, -1, -1, -1, -1, -1, -1, -1, -1, -1, -1, -1, -1, -1, -1, -1, -1, -1, -1, -1, -1, -1, -1, -1, -1, -1, -1, -1, -1, -1, -1, -1, -1, -1, -1, -1, -1, -1, -1, -1, -1, -1, -1, -1, -1, -1, -1, -1, -1, -1, -1, -1, -1, -1, -1, -1, -1, -1, -1, -1, -1, -1, -1, -1, -1, -1, -1, -1, -1, -1, -1, -1, -1, -1, -1, -1, -1, -1, -1, -1, -1, -1, -1, -1, -1, -1, -1, -1, -1, -1, -1, -1, -1, -1,
target_str: 57, 62, 36, 3, -11, -20, -22, -16, -19, -17
mse: 0.014513222649452812
----------------------
pred_str: 0, 2, -5, -12, -20, -14, -10, -5, 12, -1, -2, -6, -4, -10, -13, -17, -15, -23, -21, -21, -25, -21, -22, -20, -16, -10, -2, 12, 16, 21, 14, 10, 6, -2, -1, 1, 2, 6, 10, 16, 22, 28, 36, 44, 52, 60, 68, 77, 86, 95, 104, 113, 122, 131, 140, 149, 158, 167, 176, 185, 194, 203, 212, 221, 230, 240, 250, 260, 270, 280, 290, 300, 310, 320, 330, 340, 350, 360, 370, 380, 390, 400, 410, 420, 430, 440, 450, 460, 470, 480, 490, 500, 510, 520, 530, 540, 550, 560, 570, 580, 590, 600, 610, 620, 630, 640, 650, 660, 670, 680, 690, 700, 710, 720, 730, 74
target_str: -23, -4, -15, -10, -9, -3, 2, -2, 5, 20
mse: 0.006391897371760739
----------------------
pred_str: 6, 12, 10, 2, 10, 12, 23, 12, 10, 12, 10, 12, 10, 12, 10, 12, 10, 12, 10, 12, 10, 12, 10, 12, 10, 12, 10, 12, 10, 12, 10, 12, 10, 12, 10, 12, 10, 12, 10, 12, 10, 12, 10, 12, 10, 12, 10, 12, 10, 12, 10, 12, 10, 12, 10, 12, 10, 12, 10, 12, 10, 12, 10, 12, 10, 12, 10, 12, 10, 12, 10, 12, 10, 12, 10, 12, 10, 12, 10, 12, 10, 12, 10, 12, 10, 12, 10, 12, 10, 12, 10, 12, 10, 12, 10, 12, 10, 12, 10, 12, 10, 12, 10, 12, 10, 12, 10, 12, 10, 12, 10, 12, 10, 12, 10, 12, 10, 12, 10, 12, 10, 12, 10, 12, 10, 12, 10, 12, 10
target_str: 33, 24, 5, -5, -6, -8, -7, -6, -3, -1
mse: 0.0069173592024386905
----------------------
pred_str: 6, 1, 11, 10, 13, 17, 20, 12, 12, 12, 12, 12, 12, 12, 12, 12, 12, 12, 12, 12, 12, 12, 12, 12, 12, 12, 12, 12, 12, 12, 12, 12, 12, 12, 12, 12, 12, 12, 12, 12, 12, 12, 12, 12, 12, 12, 12, 12, 12, 12, 12, 12, 12, 12, 12, 12, 12, 12, 12, 12, 12, 12, 12, 12, 12, 12, 12, 12, 12, 12, 12, 12, 12, 12, 12, 12, 12, 12, 12, 12, 12, 12, 12, 12, 12, 12, 12, 12, 12, 12, 12, 12, 12, 12, 12, 12, 12, 12, 12, 12, 12, 12, 12, 12, 12, 12, 12, 12, 12, 12, 12, 12, 12, 12, 12, 12, 12, 12, 12, 12, 12, 12, 12, 12, 12, 12, 12, 12, 1
target_str: -5, -7, -6, -6, -12, -4, -6, -8, -7, -4
mse: 0.016208811002882947
----------------------
pred_str: 61, 65, 53, 45, 51, 36, 40, 34
target_str: 5, 33, 48, 87, 52, 17, -5, -6, -4, -25
mse: 0.005632301781060542
----------------------
pred_str: 0, 1, 1, 0, 1, 0, 1, 0, 1, 0, 0, 0, 1, 0, 0, 0, 0, 0, 0, 0, 0, 0, 0, 0, 0, 0, 0, 0, 0, 0, 0, 0, 0, 0, 0, 0, 0, 0, 0, 0, 0, 0, 0, 0, 0, 0, 0, 0, 0, 0, 0, 0, 0, 0, 0, 0, 0, 0, 0, 0, 0, 0, 0, 0, 0, 0, 0, 0, 0, 0, 0, 0, 0, 0, 0, 0, 0, 0, 0, 0, 0, 0, 0, 0, 0, 0, 0, 0, 0, 0, 0, 0, 0, 0, 0, 0, 0, 0, 0, 0, 0, 0, 0, 0, 0, 0, 0, 0, 0, 0, 0, 0, 0, 0, 0, 0, 0, 0, 0, 0, 0, 0, 0, 0, 0, 0, 0, 0, 0, 0, 0, 0, 0, 0, 0, 0, 0, 0, 0, 0, 0, 0, 0, 0, 0, 0, 0, 0, 0, 0, 0, 0, 0, 0, 0, 0, 0, 0, 0, 0, 0, 0, 0, 0, 0, 0, 0, 0, 0, 0, 0,
target_str: -1, -7, -8, -8, -9, -9, -8, -8, -8, -8
mse: 0.010359931377417109
----------------------
pred_str: 6, -1, -10, -15, -19, -18, -16, -13, -11, -12, -10, -10, -13, -11, -10, -14, -16, -17, -15, -16, -16, -14, -14, -13, -13, -12, -11, -11, -10, -10, -11, -11, -12, -11, -11, -10, -11, -12, -11, -11, -11, -10, -10, -11, -11, -11, -11, -11, -11, -11, -11, -11, -11, -11, -11, -11, -11, -11, -11, -11, -11, -11, -11, -11, -11, -11, -11, -11, -11, -11, -11, -11, -11, -11, -11, -11, -11, -11, -11, -11, -11, -11, -11, -11, -11, -11, -11, -11, -11, -11, -11, -11, -11, -11, -11, -11, -11, -11, -11, -11, -11, -11, -11, -11, -11, -11, -11, -11, -11, -11, -11, -11, -11, -11, -11, -11, -11, -11, -11, -11, -11, -11, -11, -11, -11, -11, -11, -11, -11
target_str: -10, -6, -13, -6, 14, 114, -24, -51, -12, -20
mse: 0.024751836683845063
----------------------
pred_str: 6, 2, 1, 13, 0, 10, 13, 8, 12, 15, 14, 12, 10, 8, 8, 10, 13, 12, 14, 15, 16, 17, 18, 19, 20
target_str: -9, -10, -11, -13, -10, -6, -2, -13, -12, -17
mse: 0.029382308525003415
----------------------
pred_str: 6, 10, 24, 31, 35, 28, 10, 3, 12, -6, -7, -8, -11, -12, -13, -14, -15, -16, -17, -18, -19, -20, -21
target_str: -7, -8, -9, -6, -14, -8, -5, -3, -2, -13
mse: 0.01776399783043164
----------------------
pred_str: 6, 14, 19, 13, 14, 16, 13, 12, 15, 11, 15, 17, 17, 14, 13, 15, 13, 12, 13, 13, 15, 14, 12, 13, 15, 15, 14, 14, 13, 14, 14, 13, 13, 13, 12, 12, 12, 13, 14, 13, 13, 14, 14, 13, 14, 14, 14, 13, 13, 13, 13, 13, 13, 13, 13, 14, 13, 13, 13, 13, 13, 13, 13, 13, 13, 13, 13, 13, 13, 13, 13, 13, 13, 13, 13, 13, 13, 13, 13, 13, 13, 13, 13, 13, 13, 13, 13, 13, 13, 13, 13, 13, 13, 13, 13, 13, 13, 13, 13, 13, 13, 13, 13, 13, 13, 13, 13, 13, 13, 13, 13, 13, 13, 13, 13, 13, 13, 13, 13, 13, 13, 13, 13, 13, 13, 13, 13, 13, 1
target_str: -4, -1, -4, -6, -1, 2, 14, 9, 26, 37
mse: 0.007017557051042939
----------------------
pred_str:  1, 2, 2, 3, 3, 3, 3, 4, 4, 4, 4, 4, 5, 5, 5, 6, 6, 6, 6, 6, 7, 7, 7, 8, 8, 8, 8, 8, 9, 9, 9, 9, 10, 10, 10, 10, 10, 10, 10, 10, 10, 10, 10, 10, 10, 10, 10, 10, 10, 10, 10, 10, 10, 10, 10, 10, 10, 10, 10, 10, 10, 10, 10, 10, 10, 10, 10, 10, 10, 10, 10, 10, 10, 10, 10, 10, 10, 10, 10, 10, 10, 10, 10, 10, 10, 10, 10, 10, 10, 10, 10, 10, 10, 10, 10, 10, 10, 10, 10, 10, 10, 10, 10, 10, 10, 10, 10, 10, 10, 10, 10, 10, 10, 10, 10, 10, 10, 10, 10, 10, 10, 10, 10, 10, 10, 10, 10, 10, 10, 10, 10, 10, 10, 10, 10, 10
target_str: -1, -5, -7, -8, -5, -10, 87, 40, -13, -1
mse: 0.09718800833113247
----------------------
pred_str: 0, 0, 0, -2, -3, -4, -5, -7, -11, -14, -16, -16, -17
target_str: -6, -6, -7, -5, -7, -7, -7, -6, -9, -7
mse: 0.0014663076070752575
----------------------
pred_str: 6, 0, 10, 13, 15, 12, 10, 9, 11, 13, 15, 13, 13, 10, 11, 12, 10, 12, 12, 12, 11, 13, 14, 13, 14, 14, 15, 14, 13, 15, 13, 12, 12, 13, 12, 13, 14, 15, 13, 14, 13, 14, 15, 13, 14, 15, 14, 15, 14, 14, 15, 15, 14, 15, 14, 15, 14, 15, 14, 15, 14, 15, 15, 14, 15, 14, 15, 14, 15, 14, 15, 15, 15, 15, 15, 15, 15, 15, 15, 15, 15, 15, 15, 15, 15, 15, 15, 15, 15, 15, 15, 15, 15, 15, 15, 15, 15, 15, 15, 15, 15, 15, 15, 15, 15, 15, 15, 15, 15, 15, 15, 15, 15, 15, 15, 15, 15, 15, 15, 15, 15, 15, 15, 15, 15, 15, 15, 15, 15
target_str: -12, -9, -14, -18, -12, 8, -14, -19, -22, -22
mse: 0.005868457291399671
----------------------
pred_str: 6, 22, 22, 22, 22, 22, 22, 22, 22, 22, 22, 22, 22, 22, 22, 22, 22, 22, 22, 22, 22, 22, 22, 22, 22, 22, 22, 22, 22, 22, 22, 22, 22, 22, 22, 22, 22, 22, 22, 22, 22, 22, 22, 22, 22, 22, 22, 22, 22, 22, 22, 22, 22, 22, 22, 22, 22, 22, 22, 22, 22, 22, 22, 22, 22, 22, 22, 22, 22, 22, 22, 22, 22, 22, 22, 22, 22, 22, 22, 22, 22, 22, 22, 22, 22, 22, 22, 22, 22, 22, 22, 22, 22, 22, 22, 22, 22, 22, 22, 22, 22, 22, 22, 22, 22, 22, 22, 22, 22, 22, 22, 22, 22, 22, 22, 22, 22, 22, 22, 22, 22, 22, 22, 22, 22, 22, 22, 22, 
target_str: -5, -8, -8, -6, -7, -5, -4, -6, -6, -8
mse: 0.029998124602291655
----------------------
pred_str: 0, -6, -8, -5, -7, -7, -4, -5, -10, -9, -5, -5, -5, -8, -6, -5, -8, -9, -9, -12, -7, -9, -11, -9, -11, -10, -10, -11, -10, -10, -10, -10, -10, -10, -10, -10, -10, -10, -10, -10, -10, -10, -10, -10, -10, -10, -10, -10, -10, -10, -10, -10, -10, -10, -10, -10, -10, -10, -10, -10, -10, -10, -10, -10, -10, -10, -10, -10, -10, -10, -10, -10, -10, -10, -10, -10, -10, -10, -10, -10, -10, -10, -10, -10, -10, -10, -10, -10, -10, -10, -10, -10, -10, -10, -10, -10, -10, -10, -10, -10, -10, -10, -10, -10, -10, -10, -10, -10, -10, -10, -10, -10, -10, -10, -10, -10, -10, -10, -10, -10, -10, -10, -10, -10, -10, -10, -10, -10, -10, -10, -10, -10, -10, -1
target_str: 4, 15, 23, 20, 20, 8, 0, -8, -12, -10
mse: 0.01306216443336929
----------------------
pred_str:  6, 22, 35, 28, 25, 30, 34, 20, 10, 22, 20, 30, 40, 50, 60, 70, 80, 90, 100, 110, 120, 130, 140, 150, 160, 170, 180, 190, 200
target_str: 7, -1, -1, 2, -12, -22, -23, -29, -20, -22
mse: 0.0501512118299557
----------------------
pred_str: 0, 0, 0, -1, 0, 0, -1, -1, 0, 0, 0, 0, 0, 0, 0, 0, 0, 0, 0, 0, 0, 0, 0, 0, 0, 0, 0, 0, 0, 0, 0, 0, 0, 0, 0, 0, 0, 0, 0, 0, 0, 0, 0, 0, 0, 0, 0, 0, 0, 0, 0, 0, 0, 0, 0, 0, 0, 0, 0, 0, 0, 0, 0, 0, 0, 0, 0, 0, 0, 0, 0, 0, 0, 0, 0, 0, 0, 0, 0, 0, 0, 0, 0, 0, 0, 0, 0, 0, 0, 0, 0, 0, 0, 0, 0, 0, 0, 0, 0, 0, 0, 0, 0, 0, 0, 0, 0, 0, 0, 0, 0, 0, 0, 0, 0, 0, 0, 0, 0, 0, 0, 0, 0, 0, 0, 0, 0, 0, 0, 0, 0, 0, 0, 0, 0, 0, 0, 0, 0, 0, 0, 0, 0, 0, 0, 0, 0, 0, 0, 0, 0, 0, 0, 0, 0, 0, 0, 0, 0, 0, 0, 0, 0, 0, 0, 0, 0, 0, 0, 0, 0,
target_str: -6, -6, -1, 2, -1, -5, -10, -5, -12, -1
mse: 0.0018293192742249408
----------------------
