pred_str: 24, 45, 41, 19, 13
target_str: 30, 42, 45, 36, 10
mse: 0.001850214282548332
----------------------
pred_str: 7, -8, 1, -4, -13
target_str: -1, -13, -3, 5, 0
mse: 0.0018027971093823425
----------------------
pred_str:  -1, -3, -2, -4, -1, 0, -1, -1, -1, -1, -2, -4, -3, -3, -3, -5, -5, -4, -4, -2, 2, 8, 5, -1, -8, 0, -17, 42, 87, -20, 0, -10, -4, -6, -4, -1, 0, 3, 11, 21, 30, 26, 13, 1, -3, -6, -6, -7, -7, -8, nan, nan, nan, nan, nan, -7, -7, -6, -9, -7, -8, -7, -8, -7, -8, -6, -9, -6, -6, -4, 3, 5, -3, -7, -8, -10, 0, 100, 8, -15, -5, -8, -6, -4, -3, -3, 3, 8, 18, 27, 27, 20, 4, -3, -6, -6, -5, -6, -7, -8, -6, -5, -6, -5, -6, -7, -7, -8, -8, -9, -7, -8, -7, -6, -6, -6, -5, -1, 8, 5, -3, -9, -2, -15, 21, 92, -15, -4, -9, -6, -7, -4, -2, 0, 3, 13, 22, 30, 29, 16, 5, -1, -5, -6, -6, -7, -5, -6, -6, -6, -5, -4, -5, -7, -5, -6, -4, -6, -7, -6, -7, -6, -8,
target_str: -6, -6, -7, -5, -7
mse: 0.0013217420683495275
----------------------
pred_str: 0, -3, -3, -10, 0
target_str: -1, -7, -8, -8, -9
mse: 0.003864056637098305
----------------------
pred_str: 8, 16, 18, 50, 60
target_str: -12, -2, -8, 0, 4
mse: 0.00961083255403388
----------------------
pred_str: 0, 1, 2, 3, 4
target_str: -23, -4, -15, -10, -9
mse: 0.00971535494987057
----------------------
pred_str: 10, 10, 10, 10, 10
target_str: -9, -5, -12, -5, 13
mse: 0.004109120621364537
----------------------
pred_str:  0, -3, -5, -4, -3, -3, -4, -4, -7, -7, -11, -12, -8, -8, -5, -1, -2, 4, 14, 9, -3, -8, -6, -6, 100, 14, -12, -4, -13, -6, -8, -7, -3, 0, 2, 9, 21, 30, 34, 25, 12, 0, -10, -8, -9, -9, -9, -8, -7, -6, -9, -9, -7, -8, -10, -10, -10, -9, -7, 1, 5, 0, -19, -9, -28, 42, 72, -33, -1, -15, -7, -12, -5, -4, -4, 4, 11, 21, 32, 38, 40, 24, 3, -4, -7, -9, -7, -6, -7, -5, -8, -7, -4, -9, -10, -9, -8, -11, -9, 4, 6, -5, -22, -5, -25, 59, 37, -37, 0, -17, -6, -9, -4, -4, 0, 2, 11, 24, 32, 40, 34, 14, 0, -10, -11, -9, -11, -10, -5, -6, -4, -7, -8, -8, -6, -10, -10, -10, -1, nan, nan, nan, nan, nan, 5, 87, -12, -11, -12, -11, -10, -5, -4,
target_str: 6, -2, -15, -13, -17
mse: 0.0019188659845719117
----------------------
pred_str: 20, 16, 14, 13, 12
target_str: 12, 4, -1, -3, -5
mse: 0.017025962632532882
----------------------
pred_str: 15, 10, 13, 16, 3
target_str: -14, 5, -6, 0, -13
mse: 0.002101954278245405
----------------------
pred_str: 7, 12, 13, 17, 18
target_str: 0, -8, -1, 5, 17
mse: 0.00210338708081264
----------------------
pred_str: 1, 7, 14, 19, 22
target_str: -2, 3, 3, -1, -11
mse: 0.00281690691784036
----------------------
pred_str:  0, 3, 12, 27, 53
target_str: 3, -11, -2, -1, 2
mse: 0.025712288232109963
----------------------
pred_str:  -1, -2, -3, -4, -5, -6, -7, -8, -9, -10, -11, -12, -13, -14, -15
target_str: -3, -5, -4, -5, -5
mse: 0.00031045373587713194
----------------------
pred_str:  0, 6, 5, 5, 5, 5, 5, 5, 5, 5, 5, 5, 5, 5, 5, 5, 5, 5, 5, 5, 5, 5, 5, 5, 5, 5, 5, 5, 5, 5, 5, 5, 5, 5, 5, 5, 5, 5, 5, 5, 5, 5, 5, 5, 5, 5, 5, 5, 5, 5, 5, 5, 5, 5, 5, 5, 5, 5, 5, 5, 5, 5, 5, 5, 5, 5, 5, 5, 5, 5, 5, 5, 5, 5, 5, 5, 5, 5, 5, 5, 5, 5, 5, 5, 5, 5, 5, 5, 5, 5, 5, 5, 5, 5, 5, 5, 5, 5, 5, 5, 5, 5, 5, 5, 5, 5, 5, 5, 5, 5, 5, 5, 5, 5, 5, 5, 5, 5, 5, 5, 5, 5, 5, 5, 5, 5, 5, 5, 5, 5, 5, 5, 5, 5, 5, 5, 5, 5, 5, 5, 5, 5, 5, 5, 5, 5, 5, 5, 5, 5, 5, 5, 5, 5, 5, 5, 5, 5, 5, 5, 5, 5, 5, 5, 5, 5, 5, 5, 5, 5, 
target_str: -12, -18, -20, -13, -17
mse: 0.0060354163042944855
----------------------
pred_str: 11, 26, 38, 51, 59
target_str: 34, 24, 7, -4, -10
mse: 0.19716114491279602
----------------------
pred_str: 11, 10, 9, 8, 7
target_str: -5, -6, -5, -5, -1
mse: 0.018006708600234962
----------------------
pred_str:  -1, -1, -1, -1, -1
target_str: -16, -1, 11, 13, -23
mse: 0.0015251249561975913
----------------------
pred_str: 63, 61, 41, 10, 3
target_str: -10, -8, 3, -1, 0
mse: 0.05971095844619978
----------------------
pred_str: -100, -75, -100, -75, -100, -75, -100, -75, -100, -75, -100, -75, -100, -75, -100, -75, -100, -75, -100, -75, -100, -75, -100, -75, -100, -75, -100, -75, -100, -75, -100, -75, -100, -75, -100, -75, -100, -75, -100, -75, -100, -75, -100, -75, -100, -75, -100, -75, -100, -75, -100, -75, -100, -75, -100, -75, -100, -75, -100, -75, -100, -75, -100, -75, -100, -75, -100, -75, -100, -75, -100, -75, -100, -75, -100, -75, -100, -75, -100, -75, -100, -75, -100, -75, -100, -75, -100, -75, -100, -75, -100, -75, -100, -75, -100, -75, -100, -75, -100, -75, -100, -75, -100, -75, -100, -75, -100, -75, -100, -75, -100, -75, -100, -75
target_str: -81, -81, -81, -81, -81
mse: 8.794333881719389e-07
----------------------
pred_str: 16, 32, 50, 67, 98
target_str: 91, 94, 71, 22, -10
mse: 0.03271824549573016
----------------------
pred_str: 2, 0, -5, -2, -1
target_str: 0, -8, -9, -8, -6
mse: 0.0009433249828932702
----------------------
pred_str:  0, -4, -10, -18, 9
target_str: 4, 15, 23, 20, 20
mse: 0.026158850609542327
----------------------
pred_str: 1, 4, 10, 17, 24
target_str: 1, 9, 15, 11, 5
mse: 0.002637811118139208
----------------------
pred_str:  0, -4, -5, -4, -6
target_str: 33, 24, 5, -5, -6
mse: 0.00862866797195196
----------------------
pred_str:  -18, -17, -14, -11, -7
target_str: -7, -8, -9, -6, -14
mse: 0.001494817821347477
----------------------
pred_str: 68, 26, 11, 10, 1
target_str: 0, -1, 0, -3, -6
mse: 0.013115564188681436
----------------------
pred_str: 0, 3, 8, 13, 18
target_str: 57, 62, 36, 3, -11
mse: 0.023803937439597196
----------------------
pred_str:  -1, -1, -1, -1, 2
target_str: -23, -41, -15, 70, -55
mse: 0.023140735133654933
----------------------
pred_str: 1, 17, -4, 0, 2
target_str: 5, 33, 48, 87, 52
mse: 0.013893046560259959
----------------------
pred_str: 33, 29, 31, 37, 34
target_str: 38, 46, 43, 30, 20
mse: 0.00779821734634049
----------------------
pred_str:  24, 32, 39, 46, 54
target_str: -4, 0, 2, 16, 23
mse: 0.029801561528613435
----------------------
pred_str:  0, 0, 0, 0, 0
target_str: -5, -7, -6, -6, -12
mse: 0.0026944999660854425
----------------------
pred_str: 0, 1, 2, 3, 4
target_str: -4, -1, -4, -6, -1
mse: 0.0009306952454105248
----------------------
pred_str: 0, -6, -10, -15, -19
target_str: -6, -6, -1, 2, -1
mse: 0.007630874686766896
----------------------
pred_str: 0, -1, -2, -3, -4
target_str: -10, -6, -16, -10, -11
mse: 0.003988313543168963
----------------------
pred_str:  11, 23, 32, 31, 18
target_str: -11, -8, -5, -1, 6
mse: 0.042020597513830825
----------------------
pred_str:  62, 13, 28, 26, 16
target_str: 7, -1, -1, 2, -12
mse: 0.0361091389073793
----------------------
pred_str:  2, 4, 1, 5, 3
target_str: -1, -5, -7, -8, -5
mse: 0.008217557182466303
----------------------
pred_str: 11, 16, 17, 12, 0
target_str: 9, 0, -8, -8, -11
mse: 0.008386646048533855
----------------------
pred_str: 60, 43, 30, 24, 15
target_str: -4, -2, -1, -2, -2
mse: 0.049947833123861876
----------------------
pred_str:  83, 100, 117, 124, 129
target_str: 72, -92, -16, -7, 1
mse: 0.2476452956088059
----------------------
pred_str: 6, -13, -19, -26, -35
target_str: 12, 18, 30, 37, 39
mse: 0.059686253295674854
----------------------
pred_str:  -18, -20, -13, -25
target_str: -12, -9, -14, -18, -12
mse: 0.0006476429835816019
----------------------
pred_str: 1, 1, 1, 1, 1, 1, 1, 1, 1, 1, 1, 1, 1, 1, 1, 1, 1, 1, 1, 1, 1, 1, 1, 1, 1, 1, 1, 1, 1, 1, 1, 1, 1, 1, 1, 1, 1, 1, 1, 1, 1, 1, 1, 1, 1, 1, 1, 1, 1, 1, 1, 1, 1, 1, 1, 1, 1, 1, 1, 1, 1, 1, 1, 1, 1, 1, 1, 1, 1, 1, 1, 1, 1, 1, 1, 1, 1, 1, 1, 1, 1, 1, 1, 1, 1, 1, 1, 1, 1, 1, 1, 1, 1, 1, 1, 1, 1, 1, 1, 1, 1, 1, 1, 1, 1, 1, 1, 1, 1, 1, 1, 1, 1, 1, 1, 1, 1, 1, 1, 1, 1, 1, 1, 1, 1, 1, 1, 1, 1, 1, 1, 1, 1, 1, 1, 1, 1, 1, 1, 1, 1, 1, 1, 1, 1, 1, 1, 1, 1, 1, 1, 1, 1, 1, 1, 1, 1, 1, 1, 1, 1, 1, 1, 1, 1, 1, 1, 1, 1, 1, 1
target_str: 92, 55, 11, -11, -13
mse: 0.015506864976666274
----------------------
pred_str:  1, -2, -5, -8, -11, 20, 14, 13, 7, -1, -1, 1, -1, 1, 2, -3, -4, 1, -1, 1, 1, 1, -1, -2, -3, -4, -5, -6, -7, -8, -9, -10, -11, -12, -13, -14, -15, -16, -17, -18, -19, -20, -21, -22, -23, -24, -25, -26, -27, -28, -29, -30, -31, -32, -33, -34, -35, -36, -37, -38, -39, -40, -41, -42, -43, -44, -45, -46, -47, -48, -49, -50, -51, -52, -53, -54, -55, -56, -57, -58, -59, -60, -61, -62, -63, -64, -65, -66, -67, -68, -69, -70, -71, -72, -73, -74, -75, -76, -77, -78, -79, -80, -81, -82, -83, -84, -85, -86, -87, -88, -89, -90, -91, -92, -93, -94, -95, -96, -97, -98, -99, -100, -101, -102, -103, -104, -105, -106, -107, -108, -109, -110
target_str: -9, -10, -11, -13, -10
mse: 0.0034848605230389774
----------------------
pred_str: 0, 0, 0, 0, -1, -1, -1, -1, -1, -1, -1, 0, 0, -1, -2, -3, -3, -3, -4, -4, -4, -4, -5, -5, -5, -5, -5, -6, -6, -6, -6, -6, -7, -7, -7, -7, -7, -8, -8, -8, -8, -8, -9, -9, -9, -9, -9, -10, -10, -10, -10, -11, -11, -11, -11, -12, -12, -12, -12, -13, -13, -13, -13, -13, -14, -14, -14, -14, -14, -15, -15, -15, -15, -16, -16, -16, -16, -17, -17, -17, -17, -18, -18, -18, -18, -19, -19, -19, -19, -19, -20, -20, -20, -20, -21, -21, -21, -21, -22, -22, -22, -22, -23, -23, -23, -23, -24, -24, -24, -24, -25, -25, -25, -25, -26, -26, -26, -26, -27, -27, -27, -27, -28, -28, -28, -28, -29, -29, -29, -29, -30, -30, -30, -30, -31, -31, -31, -31, -32, -32
target_str: -5, -8, -8, -6, -7
mse: 0.0018195384918494734
----------------------
pred_str: 0, 0, -4, -4, 1, 0, -2, -3, -3, -3, -3, -8, -3, -5, -4, -9, -7, -4, -6, -9, -7, -6, -5, -1, 16, 18, 2, -12, -8, -13, 100, -18, -54, -3, -16, -2, -7, 1, 1, 8, 18, 31, 44, 60, 63, 51, 21, -3, -6, -9, -8, -9, -10, -10, -10, -14, -12, -11, -11, -12, -13, -11, -11, -13, -13, -5, 10, 14, 0, -15, -14, -23, 91, -9, -61, -10, -15, -7, -11, 1, -2, 8, 10, 30, 42, 54, 58, 51, 24, 0, -7, -14, -11, -12, -12, -9, -11, -7, -8, -10, -9, -14, -11, -12, -14, -9, -11, -15, -13, -7, -10, -10, -5, 0, 14, 16, -5, -14, -16, -5, 83, -41, -55, -10, -15, -6, -4, -3, nan, nan, nan, nan, nan, 68, 67, 53, 23, 2, -2, -7, -9, -8, -4, -5, -6, -8, -8, -1
target_str: 3, 10, 23, 38, 55
mse: 0.01711916266530674
----------------------
pred_str: 45, 59, 69, 82, 94
target_str: -1, 0, 4, -17, 0
mse: 0.13415975217723936
----------------------
pred_str:  -6, 3, 11, 22, 10
target_str: 0, 5, 10, 24, 37
mse: 0.021745785054969595
----------------------
