pred_str: 11, 16, -1, -14, -11
target_str: 1, 4, 7, 13, 25
mse: 0.004859757734824404
----------------------
pred_str: -2, -3, -2, -2, -2, -2, -2, -2, -2, -2, -2, -2, -2, -2, -2, -2, -2, -2, -2, -2, -2, -2, -2, -2, -2, -2, -2, -2, -2, -2, -2, -2, -2, -2, -2, -2, -2, -2, -2, -2, -2, -2, -2, -2, -2, -2, -2, -2, -2, -2, -2, -2, -2, -2, -2, -2, -2, -2, -2, -2, -2, -2, -2, -2, -2, -2, -2, -2, -2, -2, -2, -2, -2, -2, -2, -2, -2, -2, -2, -2, -2, -2, -2, -2, -2, -2, -2, -2, -2, -2, -2, -2, -2, -2, -2, -2, -2, -2, -2, -2, -2, -2, -2, -2, -2, -2, -2, -2, -2, -2, -2, -2, -2, -2, -2, -2, -2, -2, -2, -2, -2, -2, -2, -2, -2, -2, -2, -2, -2, -2, -2, -2, -2, -2, -2, -2, -2, -2, -2, -2, -2, -2, -2, -2, -2, -2, -2, -2, -2, -2, -2, -2, -2, -2, -2, -2, -2, -2, -2, -2, -2, -2, -2, -2, -2, -2, -2, -2, -2, -2, -2
target_str: -19, -10, -5, -8, 7
mse: 0.0009665356146414592
----------------------
pred_str: -1, -3, -2, -4, -1, 0, -1, -1, -2, -4, -3, -3, -3, -5, -5, -4, -2, 2, 8, 5, -1, -8, 0, -17, 42, 87, -20, 0, -10, -4, -6, -4, -1, 0, 3, 11, 21, 30, 26, 13, 1, -3, -6, -6, -7, -7, -8, -6, -6, -7, -5, -7, -7, -7, -6, -9, -7, -8, -7, -8, -6, -9, -6, -6, -4, 3, 5, -3, -7, -8, -10, 0, 100, 8, -15, -5, -8, -6, -4, -3, -3, 3, 8, 18, 27, 27, 20, 4, -3, -6, -6, -5, -6, -7, -8, -6, -5, -6, -5, -6, -7, -7, -8, -8, -9, -7, -8, -7, -6, -6, -6, -5, -1, 8, 5, -3, -9, -2, -15, 21
target_str: 92, -15, -4, -9, -6
mse: 0.01842875125589006
----------------------
pred_str: -6, -4, -3, -3, -2, -3, -5, -3, -5, -4, -3, -3, -3, 0, -3, -3, -10, 0, -25, 50, 95, -15, -3, -9, -2, -2, 1, 3, 9, 20, 24, 19, 8, -1, -5, -7, -7, -6, -7, -6, -5, -6, -5, -7, -6, -8, -7, -8, -5, -3, -4, -5, -8, -9, -14, -1, 100, 25, -17, -3, -9, -3, -3, 0, 5, 12, 19, 19, 9, -1, -7, -8, -8, -9, -9, -8, -8, -8, -8, -7, -8, -7, -7, -8, -8, -6, -4, -5, -5, -12, -5, -24, 56, 82, -14, -3, -10, -3, -5, 0, 3, 9, 16, 22, 15, 6, -4, -6, -7, -7, -7, -6, -7, -6, -7, -6, -7, -7, -5, -7
target_str: -7, -6, -3, -3, -4
mse: 1.8747458042614507e-05
----------------------
pred_str: 3, 11, 41, 53, 49
target_str: -11, -5, -18, -18, -21
mse: 0.02890024809813707
----------------------
pred_str: 11, 10, 11, 12, 11
target_str: -7, -8, -9, -8, 7
mse: 0.0030495865082652927
----------------------
pred_str: 127, 109, 110, 111, 112
target_str: -21, -45, -11, -17, -5
mse: 0.18817031942461543
----------------------
pred_str: 29, 25, 27, 15, 35
target_str: 34, 14, 0, -10, -11
mse: 0.007532312031343783
----------------------
pred_str: -1, -1, -1, -1, 0, 3, 10, -3, -8, -8, -7, -14, 9, 100, -15, -11, -5, -5, -3, -2, 0, 2, 9, 17, 24, 22, 11, 0, -6, -5, -9, -9, -8, -9, -8, -7, -7, 2, 5, -4, -7, -11, -5, -16, 10, 88, -19, -14, -10, -9, -10, -5, -6, -3, 1, 11, 17, 15, 2, -2, -4, -7, -6, -5, -6, -6, -5, -2, -5, -1, 6, 6, -8, -4, -8, 0, -19, 27, 54, -26, -2, -7, -3, -4, 0, 0, 4, 9, 14, 18, 13, 5, -2, -1, -4, -4, -2, -7, -4, -4, -6, -4, -6, -6, -4, 2, 3, -7, -5, -12, -2, -19, 45, 37, -27, -3, -9, -1, -6
target_str: -1, -2, 1, 6, 14
mse: 0.0005207627234059584
----------------------
pred_str: -24, -16, -18, -10, -21
target_str: -12, -15, -7, -5, -22
mse: 0.0006082508609381597
----------------------
pred_str: -12, -13, -13, -11, -12
target_str: -11, -12, -7, -11, -10
mse: 8.748813753220099e-05
----------------------
pred_str: -12, -11, -15, -17, -18
target_str: 2, -5, -4, -8, -8
mse: 0.0011123491771951272
----------------------
pred_str: -8, -9, -11, -12, -11
target_str: -9, -11, -10, -5, -5
mse: 0.00018955763131976884
----------------------
pred_str: -10, -13, -11, -9, -9
target_str: -2, 2, 9, 19, 31
mse: 0.006401215396106041
----------------------
pred_str: -11, -6, -7, -6, -11
target_str: -4, -2, -3, -1, 7
mse: 0.0008957118842582486
----------------------
pred_str: 28, 42, 48, 45, 19
target_str: 14, 11, 8, 4, 5
mse: 0.009652857841052846
----------------------
pred_str: -2, -3, -4, -3, -4, -3, -3, -2, -4, -2, -2, -4, -2, -2, -1, -2, -2, -2, -2, -2, -1, -2, -2, -2, -2, -2, -2, -1, -2, -2, -2, -2, -2, -2, -2, -2, -2, -2, -2, -2, -2, -2, -2, -2, -2, -2, -2, -2, -2, -2, -2, -2, -2, -2, -2, -2, -2, -2, -2, -2, -2, -2, -2, -2, -2, -2, -2, -2, -2, -2, -2, -2, -2, -2, -2, -2, -2, -2, -2, -2, -2, -2, -2, -2, -2, -2, -2, -2, -2, -2, -2, -2, -2, -2, -2, -2, -2, -2, -2, -2, -2, -2, -2, -2, -2, -2, -2, -2, -2, -2, -2, -2, -2, -2, -2, -2, -2, -2, -2, -2, -2, -2, -2, -2, -2, -2, -2, -2, -2, -2, -2, -2, -2, -2, -2, -2, -2, -2, -2, -2, -2, -2, -2, -2, -2, -2, -2, -2, -2, -2, -2, -2, -2, -2, -2, -2, -2, -2, -2, -2, -2, -2, -2, -2, -2, -2, -2, -2, -2, -2, -2
target_str: -2, -2, 0, 0, -2
mse: 6.249152680871503e-05
----------------------
pred_str: -11, -11, -11, -6, -7
target_str: 29, -7, -21, -20, -26
mse: 0.004734774681206974
----------------------
pred_str: -22, -21, -17, -20, -19
target_str: -6, -9, -10, -8, 3
mse: 0.0022434458124328694
----------------------
pred_str: -89, -92, -92, -92, -92
target_str: -92, -92, -92, -92, -92
mse: 1.874745804261456e-05
----------------------
pred_str: -15, -19, -12, -17, -16
target_str: 8, 49, -51, -31, -7
mse: 0.01447928676157927
----------------------
pred_str:  -11 -12 -11 -12 -13
target_str: -1, 4, 9, 18, 26
mse: 0.0022871898811989695
----------------------
pred_str: 11, 11, 11, 11, 11, -2, -2, -2, -2, -2, -2, -2, -2, -2, -2, -2, -2, -2, -2, -2, -2, -2, -2, -2, -2, -2, -2, -2, -2, -2, -2, -2, -2, -2, -2, -2, -2, -2, -2, -2, -2, -2, -2, -2, -2, -2, -2, -2, -2, -2, -2, -2, -2, -2, -2, -2, -2, -2, -2, -2, -2, -2, -2, -2, -2, -2, -2, -2, -2, -2, -2, -2, -2, -2, -2, -2, -2, -2, -2, -2, -2, -2, -2, -2, -2, -2, -2, -2, -2, -2, -2, -2, -2, -2, -2, -2, -2, -2, -2, -2, -2, -2, -2, -2, -2, -2, -2, -2, -2, -2, -2, -2, -2, -2, -2, -2, -2, -2, -2, -2, -2, -2, -2, -2, -2, -2, -2, -2, -2, -2, -2, -2, -2, -2, -2, -2, -2, -2, -2, -2, -2, -2, -2, -2, -2, -2, -2, -2, -2, -2, -2, -2, -2, -2, -2, -2, -2, -2, -2, -2, -2, -2, -2, -2, -2, -2, -2, -2, -2, -
target_str: -7, -8, -9, -4, -3
mse: 0.0031370746457974933
----------------------
pred_str: -10, -9, -8, -7, -6
target_str: -14, -16, -14, -12, -14
mse: 0.00039577966978852837
----------------------
pred_str:  -6, -5, -4, -4, -4
target_str: -15, -4, -8, -3, -3
mse: 0.00020830508936238337
----------------------
