pred_str: -7, -7, -6, -7, -7, -5, -7, -6, -7, -5, -5, -6, -5, -5, -6, -4, -4, -5, -4, -4, -5, -4, -4, -3, -4, -5, -4, -3, -3, -3, -3, -4, -3, -3, -2, -3, -2, -2, -2, -2, -2, -2, -2, -2, -2, -2, -2, -2, -2, -2, -2, -2, -2, -2, -2, -2, -2, -2, -2, -2, -2, -2, -2, -2, -2, -2, -2, -2, -2, -2, -2, -2, -2, -2, -2, -2, -2, -2, -2, -2, -2, -2, -2, -2, -2, -2, -2, -2, -2, -2, -2, -2, -2, -2, -2, -2, -2, -2, -2, -2, -2, -2, -2, -2, -2, -2, -2, -2, -2, -2, -2, -2, -2, -2, -2, -2, -2, -2, -2, -2, -2, -2, -2, -2, -2, -2, -2, -2, -2, -2, -2, -2, -2, -2, -2, -2, -2, -2, -2, -2, -2, -2, -2, -2, -2, -2, -2, -2, -2, -2, -2, -2, -2, -2, -2, -2, -2, -2, -2, -2, -2, -2, -2, -2, -2, -2, -2, -2, -2, -2, -2
target_str: -2, 2, 9, 19, 31, 36, 35, 19, 4, -4, -6, -9, -8, -10, -9, -10, -9, -10, -9, -10, -10, -9, -10, -9, -10, -8, -9, -6, -8, -12, -11, -12, -10, -13, 8, 105, -1, -25, -5, -8, 0, -1, 1, 9, 17, 28, 35, 38, 25, 7
mse: 0.02447185607859434
----------------------
pred_str: -3, -3, -2, -3, -4, -3, -3, -2, -2, -2, -2, -2, -2, -3, -2, -2, -2, -2, -3, -2, -2, -3, -2, -2, -2, -2, -3, -2, -2, -3, -2, -3, -2, -2, -3, -2, -2, -2, -2, -2, -3, -2, -2, -2, -3, -2, -2, -2, -3, -2, -2, -2, -3, -2, -2, -2, -2, -2, -2, -2, -2, -2, -2, -2, -2, -2, -2, -2, -2, -2, -2, -2, -2, -2, -2, -2, -2, -2, -2, -2, -2, -2, -2, -2, -2, -2, -2, -2, -2, -2, -2, -2, -2, -2, -2, -2, -2, -2, -2, -2, -2, -2, -2, -2, -2, -2, -2, -2, -2, -2, -2, -2, -2, -2, -2, -2, -2, -2, -2, -2, -2, -2, -2, -2, -2, -2, -2, -2, -2, -2, -2, -2, -2, -2, -2, -2, -2, -2, -2, -2, -2, -2, -2, -2, -2, -2, -2, -2, -2, -2, -2, -2, -2, -2, -2, -2, -2, -2, -2, -2, -2, -2, -2, -2, -2, -2, -2, -2, -2, -2, -2
target_str: -5, -6, -9, -8, -6, -2, 1, -9, -13, -14, -19, -13, -24, 94, 27, -29, -4, -16, -6, -6, -1, 1, 14, 26, 32, 29, 14, -1, -8, -9, -7, -9, -9, -7, -9, -8, -10, -9, -12, -11, -8, -2, 0, -7, -14, -12, -19, -8, -24, 82
mse: 0.02419025459130207
----------------------
pred_str: -4, -5, -5, -5, -3, -2, 0, 6, 10, 16, 26, 27, 14, 2, -4, -7, -9, -10, -10, -8, -7, -8, -7, -10, -9, -9, -8, -9, -7, -2, -12, -12
target_str: -17, -9, -33, 32, 64, -16, -7, -13, -7, -7, -2, 2, 9, 21, 27, 21, 10, -1, -2, -4, -8, -5, 2, 0, 0, 3, 0, 0, -2, -2, 0, 4, 5, -4, -4, -4, -2, -14, 78, 35, -7, 0, -2, 1, 1, 1, 10, 17, 23, 25
mse: 0.022057147854809386
----------------------
pred_str: -1, -3, -4, -4, -5, -6, -7, -8, -8, -9, -10, -11, -11, -12, -12, -12, -13, -12, -13, -12, -12, -12, -12, -12, -12, -12, -12, -12, -12, -12, -12, -12, -12, -12, -12, -12, -12, -12, -12, -12, -12, -12, -12, -12, -12, -12, -12, -12, -12, -12, -12, -12, -12, -12, -12, -12, -12, -12, -12, -12, -12, -12, -12, -12, -12, -12, -12, -12, -12, -12, -12, -12, -12, -12, -12, -12, -12, -12, -12, -12, -12, -12, -12, -12, -12, -12, -12, -12, -12, -12, -12, -12, -12, -12, -12, -12, -12, -12, -12, -12, -12, -12, -12, -12, -12, -12, -12, -12, -12, -12, -12, -12, -12, -12, -12, -12, -12, -12, -12, -12, -12, -12, -12, -12, -12, -12, -12, -12, -12, -12, -1
target_str: -1, 4, 9, 18, 26, 36, 40, 26, 3, -7, -11, -11, -10, -11, -9, -9, -8, -7, -10, -11, -12, -10, -9, -11, -13, -10, -10, -8, 0, 5, 0, -16, -9, -17, 10, 99, -29, -12, -5, -2, 0, 4, 6, 12, 21, 31, 41, 37, 18, 0
mse: 0.030808380137596077
----------------------
pred_str: -1, -11, -10, -13, -12, -10, -15, -16, -19, -16, -19, -15, -13, -13, -10, -12, -14, -13, -10, -14, -11, -13, -11, -13, -13, -13, -12, -13, -13, -10, -13, -13, -12, -13, -13, -13, -13, -13, -13, -13, -12, -11, -13, -13, -13, -12, -12, -12, -12, -12, -12, -12, -12, -12, -12, -11, -12, -12, -11, -12, -12, -12, -12, -12, -12, -12, -12, -12, -12, -12, -12, -12, -12, -12, -12, -12, -12, -12, -12, -12, -12, -12, -12, -12, -12, -12, -12, -12, -12, -12, -12, -12, -12, -12, -12, -12, -12, -12, -12, -12, -12, -12, -12, -12, -12, -12, -12, -12, -12, -12, -12, -12, -12, -12, -12, -12, -12, -12, -12, -12, -12, -12, -12, -12, -12, -12, -12, -12, -
target_str: 29, -7, -21, -20, -26, -25, -24, -25, -27, -28, -34, -32, -33, -31, -27, -25, -28, -36, -21, -4, 8, -4, -26, -12, -20, 104, -30, -56, -2, -8, -2, 5, 17, 32, 42, 49, 59, 65, 55, 29, 12, -2, -5, -1, -4, -3, -7, -4, -6, -10
mse: 0.04927044837763583
----------------------
pred_str: -1, -1, -3, -1, -1, -1, -1, -1, -2, -1, -1, -1, -1, -2, -2, -2, -2, -2, -2, -2, -2, -2, -2, -2, -2, -2, -2, -2, -2, -2, -2, -2, -2, -2, -2, -2, -2, -2, -2, -2, -2, -2, -2, -2, -2, -2, -2, -2, -2, -2, -2, -2, -2, -2, -2, -2, -2, -2, -2, -2, -2, -2, -2, -2, -2, -2, -2, -2, -2, -2, -2, -2, -2, -2, -2, -2, -2, -2, -2, -2, -2, -2, -2, -2, -2, -2, -2, -2, -2, -2, -2, -2, -2, -2, -2, -2, -2, -2, -2, -2, -2, -2, -2, -2, -2, -2, -2, -2, -2, -2, -2, -2, -2, -2, -2, -2, -2, -2, -2, -2, -2, -2, -2, -2, -2, -2, -2, -2, -2, -2, -2, -2, -2, -2, -2, -2, -2, -2, -2, -2, -2, -2, -2, -2, -2, -2, -2, -2, -2, -2, -2, -2, -2, -2, -2, -2, -2, -2, -2, -2, -2, -2, -2, -2, -2, -2, -2, -2, -2, -2, -2
target_str: -4, 0, 4, 16, 26, 37, 46, 26, 3, -5, -7, -6, -6, -12, -4, -6, -8, -7, -4, -3, -6, -11, -5, -9, -5, -7, -8, -2, 2, -3, -5, -9, -5, -16, -4, -20, 50, 72, -15, 1, -11, -5, -10, -2, -5, -3, 3, 12, 25, 36
mse: 0.01719142738274534
----------------------
pred_str: -10, -10, -10, -10, -10, -10, -10, -10, -10, -10, -10, -10, -10, -10, -10, -10, -10, -10, -10, -10, -10, -10, -10, -10, -10, -10, -10, -10, -10, -10, -10, -10, -10, -10, -10, -10, -10, -10, -10, -10, -10, -10, -10, -10, -10, -10, -10, -10, -10, -10, -10, -10, -10, -10, -10, -10, -10, -10, -10, -10, -10, -10, -10, -10, -10, -10, -10, -10, -10, -10, -10, -10, -10, -10, -10, -10, -10, -10, -10, -10, -10, -10, -10, -10, -10, -10, -10, -10, -10, -10, -10, -10, -10, -10, -10, -10, -10, -10, -10, -10, -10, -10, -10, -10, -10, -10, -10, -10, -10, -10, -10, -10, -10, -10, -10, -10, -10, -10, -10, -10, -10, -10, -10, -10, -10, -10, -10, -10,
target_str: 34, 14, 0, -10, -11, -9, -11, -10, -5, -6, -4, -7, -8, -8, -6, -10, -10, -10, -1, 6, -2, -15, -13, -17, 5, 87, -12, -11, -12, -11, -10, -5, -4, -6, 0, 7, 12, 24, 35, 34, 20, 4, -3, -9, -11, -11, -11, -10, -10, -8
mse: 0.019695423882988825
----------------------
pred_str: -10, 2, 5, 11, 21, 34, 41, 50, 42, 25, 0, 2, 4, 7, 12, 23, 34, 48, 48, 26, 5, -2, -5, -11, -13, -14, -14, -15, -14, -14, -13, -13, -12, -13, -12, -11, -9, -12, -10, -11, -10, -11, -10, -9, -8, -9, -8, -8, -7, -8, -7, -6, -6, -5, -6, -6, -6, -5, -5, -5, -4, -4, -4, -4, -3, -3, -3, -3, -2, -2, -2, -2, -2, -2, -2, -1, -1, -1, -1, -1, -1, -1, -1, -1, -1, -1, -1, -1, -1, -1, -1, -1, -1, -1, -1, -1, -1, -1, -1, -1, -1, -1, -1, -1, -1, -1, -1, -1, -1, -1, -1, -1, -1, -1, -1, -1, -1, -1, -1, -1, -1, -1, -1, -1, -1, -1, -1, -1, -1, -1, -1, -1, -1, -1, -1, -1, -1, -1, -1, -1, -1, -1, -1, -1, -1, -1, -1, -1, -1, -1, -1, -1, -1, -1, -1, -1, -1, -1, -1, -1
target_str: -2, -6, -2, -3, -3, -4, -3, -4, -4, -5, -2, -6, -6, -7, -4, -10, -7, -11, -6, -6, -6, -10, -4, -8, -8, -4, -8, -10, -8, -5, -2, 2, 0, -5, -14, -10, -11, -10, -1, 81, 28, -11, -1, -6, 0, 0, 7, 7, 14, 21
mse: 0.03345170559670891
----------------------
pred_str: -12, -11, -11, -11, -12, -11, -11, -12, -10, -11, -11, -12, -11, -10, -10, -9, -11, -11, -11, -10, -9, -9, -10, -9, -9, -10, -9, -9, -8, -9, -8, -8, -9, -8, -9, -8, -9, -9, -9, -8, -8, -9, -9, -9, -8, -8, -8, -8, -8, -8, -8, -8, -8, -8, -8, -8, -8, -8, -8, -8, -8, -8, -8, -8, -8, -8, -8, -8, -8, -8, -8, -8, -8, -8, -8, -8, -8, -8, -8, -8, -8, -8, -8, -8, -8, -8, -8, -8, -8, -8, -8, -8, -8, -8, -8, -8, -8, -8, -8, -8, -8, -8, -8, -8, -8, -8, -8, -8, -8, -8, -8, -8, -8, -8, -8, -8, -8, -8, -8, -8, -8, -8, -8, -8, -8, -8, -8, -8, -8, -8, -8, -8, -8, -8, -8, -8, -8, -8, -8, -8, -8, -8, -8, -8, -8, -8, -8, -8, -8, -8, -8, -8, -8, -8, -8, -8, -8, -8, -8, -8, -8, -8, -8, -8
target_str: -11, -12, -7, -11, -10, -5, -11, -6, -5, 0, 6, 17, -7, -3, -10, 0, -9, 78, 80, -36, 5, -4, 5, 6, 2, 11, 19, 35, 56, 76, 59, 26, 4, -11, -10, -4, -7, -10, -8, -12, -10, -10, -20, -16, -15, -23, -15, -24, -13, -8
mse: 0.039554706471126806
----------------------
pred_str: -12, -17, -16, -18, -18, -21, -22, -22, -23, -22, -22, -22, -20, -22, -18, -18, -17, -17, -17, -16, -16, -17, -14, -13, -12, -10, -8, -6, 0, 1, -5, -5, -3, -2, -2, -1, 1, 2, 2, 2, 2, 3, 3, 4, 5, 6, 6, 6, 7, 8, 8, 8, 9, 9, 10, 10, 11, 12, 12, 13, 14, 15, 16, 17, 18, 19, 19, 20, 21, 21, 22, 22, 23, 24, 25, 25, 26, 27, 27, 28, 29, 29, 30, 30, 31, 32, 33, 33, 34, 34, 35, 35, 36, 37, 37, 38, 39, 39, 40, 40, 41, 41, 42, 42, 43, 43, 44, 44, 45, 46, 46, 47, 47, 48, 48, 49, 49, 50, 50, 51, 52, 52, 53, 54, 54, 55, 55, 56, 57, 57, 58, 58, 59, 59, 60,
target_str: -10, -14, -25, -18, -35, 19, 42, -99, -43, -29, -23, -22, -17, -9, 8, 31, 43, 29, 3, -17, -18, -24, -31, -24, -25, -30, -33, -35, -36, -35, -32, -23, -19, -12, -1, 5, 10, 8, 9, 19, 8, 114, 24, -40, 33, 25, 39, 40, 48, 53
mse: 0.049698247152755795
----------------------
pred_str: -20, -20, -21, -20, -21, -20, -18, -19, -17, -15, -12, -12, -12, -12, -14, -15, -16, -13, -12, -11, -10, -13, -13, -10, -12, -10, -8, -10, -9, -7, -7, -11, -13, -14, -12, -10, -9, -10, -10, -11, -10, -10, -10, -9, -9, -9, -10, -10, -10, -11, -12, -12, -10, -10, -10, -10, -10, -10, -10, -10, -10, -10, -10, -10, -10, -10, -10, -10, -10, -10, -10, -10, -10, -10, -10, -10, -10, -10, -10, -10, -10, -10, -10, -10, -10, -10, -10, -10, -10, -10, -10, -10, -10, -10, -10, -10, -10, -10, -10, -10, -10, -10, -10, -10, -10, -10, -10, -10, -10, -10, -10, -10, -10, -10, -10, -10, -10, -10, -10, -10, -10, -10, -10, -10, -10, -10, -10, -10, -10, -10,
target_str: -37, -38, -42, -37, -19, 69, 0, -46, -21, -20, -13, -19, -4, 0, 15, 29, 59, 87, 83, 54, 15, -9, -10, -6, -17, -11, -4, -4, -6, -13, -6, -9, -18, -13, -10, -16, -7, 2, 1, -15, -16, -20, -26, 24, 88, -29, -19, -22, -14, -14
mse: 0.05392325065199105
----------------------
pred_str: -5, -13, -17, -18, -18, -13, -8, -6, -2, 3, 19, 41, 68, 85, 82, 54, 14, -3, -11, -16, -16, -14, -12, -10, -8, -5, -5, -7, -7, -10, -13, -17, -17, -19, -16, -13, -8, -2, 10, 10, 97
target_str: -21, -45, -11, -17, -5, -6, 3, 4, 17, 33, 63, 81, 84, 62, 22, 3, -7, -11, -8, -11, -5, -8, -7, -5, -5, -7, -9, -9, -17, -24, -19, -27, -21, -19, -24, -15, -15, -13, -6, -5, -18, -18, -17, -31, -22, -16, 70, 33, -70, -10
mse: 0.04122272921815422
----------------------
pred_str: -12, -13, -13, -12, -11, -11, -12, -14, -14, -15, -14, -13, -13, -12, -12, -11, -12, -12, -13, -12, -13, -12, -12, -11, -11, -10, -12, -11, -12, -12, -12, -11, -12, -12, -12, -12, -12, -12, -12, -12, -12, -12, -12, -12, -12, -12, -12, -12, -12, -12, -12, -12, -12, -12, -12, -12, -12, -12, -12, -12, -12, -12, -12, -12, -12, -12, -12, -12, -12, -12, -12, -12, -12, -12, -12, -12, -12, -12, -12, -12, -12, -12, -12, -12, -12, -12, -12, -12, -12, -12, -12, -12, -12, -12, -12, -12, -12, -12, -12, -12, -12, -12, -12, -12, -12, -12, -12, -12, -12, -12, -12, -12, -12, -12, -12, -12, -12, -12, -12, -12, -12, -12, -12, -12, -12, -12, -12, -12,
target_str: -11, -5, -18, -18, -21, -9, -16, -33, -26, -26, -24, -15, -28, 48, 96, -16, -13, -12, -10, -12, -7, -6, 0, 12, 32, 55, 61, 52, 25, 6, -3, -16, -13, -11, -10, -8, -11, -13, -11, -14, -15, -15, -10, -4, 3, -8, -16, -23, -16, -20
mse: 0.03433085170337747
----------------------
pred_str: barney. 12, 13, 14, 15, 16, 17, 18, 19, 20, 21, 22, 23, 24, 25, 26, 27, 28, 29, 30, 31, 32, 33, 34, 35, 36, 37, 38, 39, 40, 41, 42, 43, 44, 45, 46, 47, 48, 49, 50, 51, 52, 53, 54, 55, 56, 57, 58, 59, 60, 61, 62, 63, 64, 65, 66, 67, 68, 69, 70, 71, 72, 73, 74, 75, 76, 77, 78, 79, 80, 81, 82, 83, 84, 85, 86, 87, 88, 89, 90, 91, 92, 93, 94, 95, 96, 97, 98, 99, 100, 101, 102, 103, 104, 105, 106, 107, 108, 109, 110, 111, 112, 113, 114, 115, 116, 117, 118, 119, 120, 121, 122, 123, 124, 125, 126, 127, 128, 129, 130, 1
target_str: -18, -10, -17, -8, -8, 2, 14, 19, 20, 15, -4, -16, -9, -13, -11, -15, -4, -5, -3, -5, -4, -6, -10, 2, -5, 0, 3, -6, -10, -6, -16, 20, 92, 5, -7, -6, 0, 5, -8, 6, 5, 16, 22, 38, 30, 15, 11, -6, -14, -17
mse: 0.08337562641523899
----------------------
pred_str: -6, -7, -7, -7, -7, -7, -7, -7, -7, -7, -7, -7, -6, -6, -6, -6, -10, -6, -16, -4, 87, 23, -15, -4, -8, -3, -3, 0, 4, 8, 14, 20, 14, 5, -2, -5, -5, -5, -5, -5, -5, -5, -5, -5, -6, -6, -6, -6, -5, -5, -6, -6, -6, -6, -6, -6, -5, -5, -5
target_str: -7, -6, -3, -3, -4, -5, -11, -5, -20, 75, 72, -17, 1, -9, -3, -3, 0, 5, 11, 17, 22, 17, 3, -4, -5, -6, -6, -6, -4, -6, -5, -7, -5, -5, -6, -6, -7, -6, -7, -7, -7, -8, -7, -7, -5, -5, -3, -6, -6, -10
mse: 0.02091406167817002
----------------------
pred_str: 0, 0, 0, 0, 0, 0, 0, 0, 0, 0, 0, 0, 0, 0, 0, 0, 0, 0, 0, 0, 0, 0, 0, 0, 0, 0, 0, 0, 0, 0, 0, 0, 0, 0, 0, 0, 0, 0, 0, 0, 0, 0, 0, 0, 0, 0, 0, 0, 0, 0, 0, 0, 0, 0, 0, 0, 0, 0, 0, 0, 0, 0, 0, 0, 0, 0, 0, 0, 0, 0, 0, 0, 0, 0, 0, 0, 0, 0, 0, 0, 0, 0, 0, 0, 0, 0, 0, 0, 0, 0, 0, 0, 0, 0, 0, 0, 0, 0, 0, 0, 0, 0, 0, 0, 0, 0, 0, 0, 0, 0, 0, 0, 0, 0, 0, 0, 0, 0, 0, 0, 0, 0, 0, 0, 0, 0, 0, 0, 0, 0, 0, 0, 0, 0, 0, 0, 0, 0, 0, 0, 0, 0, 0, 0, 0, 0, 0, 0, 0, 0, 0, 0, 0, 0, 0, 0, 0, 0, 0, 0, 0, 0, 0, 0, 0, 0, 0, 0, 0, 0, 0,
target_str: -9, -8, -10, -10, -13, -11, -8, -7, -11, -12, -14, -11, -9, -11, -3, -11, -13, -14, -8, -22, 54, 90, -13, -3, -10, 0, -3, -3, 3, 5, 19, 28, 36, 31, 10, -7, -6, -7, -11, -7, -7, -7, -6, -8, -5, -3, -5, -8, -3, -2
mse: 0.017721269902389335
----------------------
pred_str: 1, 1, 1, 1, 1, 1, 1, 1, 1, 1, 1, 1, 1, 1, 1, 1, 1, 1, 1, 1, 1, 1, 1, 1, 1, 1, 1, 1, 1, 1, 1, 1, 1, 1, 1, 1, 1, 1, 1, 1, 1, 1, 1, 1, 1, 1, 1, 1, 1, 1, 1, 1, 1, 1, 1, 1, 1, 1, 1, 1, 1, 1, 1, 1, 1, 1, 1, 1, 1, 1, 1, 1, 1, 1, 1, 1, 1, 1, 1, 1, 1, 1, 1, 1, 1, 1, 1, 1, 1, 1, 1, 1, 1, 1, 1, 1, 1, 1, 1, 1, 1, 1, 1, 1, 1, 1, 1, 1, 1, 1, 1, 1, 1, 1, 1, 1, 1, 1, 1, 1, 1, 1, 1, 1, 1, 1, 1, 1, 1, 1, 1, 1, 1, 1, 1, 1, 1, 1, 1, 1, 1, 1, 1, 1, 1, 1, 1, 1, 1, 1, 1, 1, 1, 1, 1, 1, 1, 1, 1, 1, 1, 1, 1, 1, 1, 1, 1, 1, 1, 1, 1,
target_str: 20, 24, 33, 43, 52, 48, 34, 23, 23, 21, 9, -2, -7, -14, -17, -20, -24, -26, -26, -28, -30, -31, -30, -26, -31, -30, -37, -28, -49, 61, 21, -40, -28, -38, -30, -34, -27, -27, -24, -16, -10, -3, -2, -6, -12, -16, -16, -14, -15, -12
mse: 0.03899640944579823
----------------------
pred_str: -5, -4, 2, 10, 22, 34, 47, 64, 74, 56, 17, 2, -1, -13, -17, -19, -17, -18, -19, -21, -17, -19, -15, -15, -18, -11, -11, -18, -12, -16, -14, -14, -11, -2, -12, -11, -14, -12, -25, 90, 19, -79, -22, -25, -12, -11, -9
target_str: 0, 4, 13, 27, 49, 70, 75, 59, 23, -1, -15, -15, -12, -19, -13, -12, -11, -16, -11, -15, -11, -16, -17, -12, -5, 1, -8, -14, -20, -17, -22, -19, 122, -31, -46, -6, -12, 2, 1, 10, 12, 27, 41, 57, 79, 80, 47, 18, -4, -11
mse: 0.0790171810962415
----------------------
pred_str: -21, -21, -22, -20, -16, -21, -22, -18, -19, -19, -21, -16, -22, -22, -17, -22, -19, -22, -20, -15, -22, -25, -23, -19, -23, -19, -25, -25, -15, -18, -22, -28, -28, -17, -11, 0, -21, -25, -30, 47, 26, -50, -10, -12, 0, 3, 21, 21, 42, 56, 80, 94, 80, 68, 24, -11, -15, -19, -15, -17, -18, -17, -17, -18, -18, -16, -20, -17, -19, -23, -18, -20, -24, -23, -18, -22, -18, -23, -18, -23, -20, -23, -19, -22, -19, -25, -25, -17, -18, -25, -25, -15, -21, -26, -26, -13, -18, -26, -29, -29, -16, -11, 0, -23, -29, -34, 45, 25, -51, -12, -15, 0, 3, 21, 21, 42, 56, 80, 94, 80, 68, 24, -11, -15, -19, -15, -17, -18, -17, -1
target_str: 8, 49, -51, -31, -7, -2, -5, 2, 13, 23, 38, 51, 85, 85, 69, 28, -8, -19, -30, -28, -25, -14, -21, -17, -21, -16, -19, -30, -18, -21, -18, -19, -27, -19, -21, -3, -2, -18, -19, -26, 47, 43, -45, -3, -15, 7, 7, 17, 23, 28
mse: 0.06876178477157659
----------------------
pred_str: -12, -11, -9, -9, -7, -12, -11, -7, -9, -11, -12, -8, -11, -10, -13, -8, -11, -10, -12, -10, -11, -11, -13, -10, -10, -10, -11, -10, -11, -11, -12, -11, -12, -12, -10, -13, -11, -12, -13, -13, -11, -11, -12, -12, -13, -12, -11, -11, -12, -13, -12, -12, -12, -13, -13, -11, -12, -12, -12, -13, -11, -11, -12, -13, -12, -12, -12, -13, -12, -12, -13, -12, -12, -12, -13, -12, -12, -13, -12, -12, -12, -12, -13, -13, -12, -12, -13, -12, -13, -12, -13, -13, -12, -12, -13, -12, -12, -12, -13, -13, -13, -12, -12, -13, -13, -12, -13, -13, -12, -12, -13, -13, -12, -13, -12, -13, -12, -13, -12, -13, -13, -12, -13, -12, -13, -12, -13, -13, -12, -13
target_str: 21, 105, -6, -3, -3, -3, -1, 2, 9, 14, 18, 31, 41, 39, 22, 3, -7, -2, -6, -9, -3, -7, 2, -6, -7, -7, -13, -11, -12, -12, -9, -16, -10, -11, -12, -11, -8, 4, -6, -15, -9, -20, -7, -33, 62, 71, -22, -4, -9, -2
mse: 0.038150623794070214
----------------------
pred_str: -4, -10, -12, -13, -9, -12, -9, -12, -13, -10, -13, -11, -12, -13, -14, -14, -13, -13, -13, -13, -13, -13, -13, -14, -13, -14, -13, -14, -14, -14, -13, -14, -13, -13, -14, -13, -14, -14, -13, -13, -13, -13, -13, -13, -13, -13, -13, -13, -13, -13, -13, -13, -13, -13, -13, -13, -13, -13, -13, -13, -13, -13, -13, -13, -13, -13, -13, -13, -13, -13, -13, -13, -13, -13, -13, -13, -13, -13, -13, -13, -13, -13, -13, -13, -13, -13, -13, -13, -13, -13, -13, -13, -13, -13, -13, -13, -13, -13, -13, -13, -13, -13, -13, -13, -13, -13, -13, -13, -13, -13, -13, -13, -13, -13, -13, -13, -13, -13, -13, -13, -13, -13, -13, -13, -13, -13, -13, -13, -13
target_str: -19, -10, -5, -8, 7, -85, -67, 1, -12, 7, 4, 11, 12, 31, 34, 51, 39, 19, 1, 2, -8, -15, -1, 0, -4, -14, 5, -1, -3, -2, 5, 3, -7, -11, -7, 17, -60, -85, -8, -3, 7, 8, 13, 22, 30, 48, 50, 39, 29, 13
mse: 0.05022416491299502
----------------------
pred_str: -5, -12, -14, -12, -14, -15, -11, -13, -15, -2, 0, 1, 5, 26, 37, 25, 0, -12, -11, -9, -7, -14, -14, -16, -10, 2, -10, -14, -18, -15, -14, 56, 76, -21, -8, -10, -7, -10, -4, 3, -2, 0, 15, 41, 35, 7, -4, 3, 0, -14, -8, -13, 0, -2, -4, -5, -14, -2
target_str: -7, -8, -9, -8, 7, 9, -6, -20, -11, -13, -8, -17, 73, 45, -25, -5, -16, -11, -10, -4, 2, -2, 5, 22, 41, 31, 1, 3, 1, -8, -20, -7, -2, -8, -6, -9, -6, -3, -11, -2, -15, 6, 11, 5, -15, -25, 2, -12, -14, -4
mse: 0.03332709448560745
----------------------
pred_str: -3, 1, 10, 18, 30, 46, 69, 88, 88, 50, 14, -11, -20, -21, -25, -13, -15, -10, -10, -10, -13, -15, -15, -13, -13, -10, -13, -11, -14, -7, 5, -7, -3, -24, -18, -21, 1, 37, -44, -12, -12, -10, -9, -9, 5, 13, 18, 28, 51, 78, 101, 92, 59, 20, -7, -18, -16, -15, -14, -12, -12, -12, -13, -15, -16, -18, -18, -16, -11, -14, -11, -16, 0, -4, -1, -22, -24, -22, 1, 28
target_str: -28, -10, -8, -3, 0, 3, 22, 31, 42, 73, 100, 98, 61, 30, -2, -12, -15, -12, -15, -16, -13, -6, -15, -15, -9, -20, -21, -14, -22, -16, -20, -19, -20, -11, -20, -10, 0, -3, -11, -33, -9, -31, 29, 3, -69, -5, -18, -4, -2, 5
mse: 0.06337995843778522
----------------------
pred_str: -3, -4, -6, -5, -6, -6, -6, -6, -7, -5, -7, -7, -6, -7, -8, -8, -7, -6, -7, -7, -7, -6, -7, -7, -7, -5, -5, -6, -5, -6, -4, -4, -4, -5, -6, -6, -6, -7, -7, -6, -7, -7, -6, -6, -6, -5, -6, -7, -7, -7, -6, -6, -6, -7, -6, -6, -5, -5, -6, -7, -7, -6, -7, -6, -6, -6, -6, -6, -7, -6, -7, -6, -6, -6, -7, -6, -6, -6, -7, -7, -7, -7, -6, -6, -6, -6, -6, -6, -6, -6, -7, -7, -7, -6, -7, -6, -6, -6, -6, -6, -6, -6, -6, -6, -6, -6, -6, -6, -6, -6, -6, -6, -6, -6, -6, -6, -6, -6, -6, -6, -6, -6, -6, -6, -6, -6, -6, -6, -6, -6, -6, -6, -6, -6, -6, -6, -6, -6, -6, -6, -6, -6, -6, -6, -6, -6, -6, -6, -6, -6, -6, -6, -6, -6, -6, -6, -6, -6, -6, -6, -6, -6, -6, -6, -6, -6, -6, -6, -6, -6, -6
target_str: -7, -8, -9, -4, -3, -8, -5, -2, 0, -8, -10, -14, 99, 20, -23, -5, -14, -8, -1, -4, -2, 7, 14, 27, 24, 9, 0, -5, -4, -7, -8, -7, -6, -5, -3, -10, -9, -6, -5, -8, -5, 1, -8, -3, -26, 32, 94, -17, -7, -14
mse: 0.0268070879244327
----------------------
pred_str: -6, -3, -12, -10, -11, -10, -11, -10, -8, -7, -6, -5, -3, -4, -4, -4, -3, -2, -1, -3, -4, -4, -5, -4, -6, -5, -3, -2, -3, -2, -2, -2, -3, -3, -3, -3, -3, -2, -2, -2, -2, -2, -1, -2, -1, -1, -1, -2, -2, -2, -2, -2, -2, -2, -2, -2, -2, -2, -2, -2, -2, -2, -2, -2, -2, -2, -2, -2, -2, -2, -2, -2, -2, -2, -2, -2, -2, -2, -2, -2, -2, -2, -2, -2, -2, -2, -2, -2, -2, -2, -2, -2, -2, -2, -2, -2, -2, -2, -2, -2, -2, -2, -2, -2, -2, -2, -2, -2, -2, -2, -2, -2, -2, -2, -2, -2, -2, -2, -2, -2, -2, -2, -2, -2, -2, -2, -2, -2, -2, -2, -2, -2, -2, -2, -2, -2, -2, -2, -2, -2, -2, -2, -2, -2, -2, -2, -2, -2, -2, -2, -2, -2, -2, -2, -2, -2, -2, -2, -2, -2, -2, -2, -2, -2, -2, -2, -2, -2, -2
target_str: 2, -5, -4, -8, -8, -8, -9, -2, 3, 3, -1, -12, 1, -21, 30, 111, -74, -28, -10, 0, 0, 3, 9, 17, 39, 55, 64, 63, 21, -1, -17, -20, -25, -21, -17, -14, -16, -19, -20, -21, -17, -20, -20, -19, -2, -5, -17, -19, -25, -18
mse: 0.04119623709217201
----------------------
