pred_str: -7, -8, -11, -12, -13
target_str: 1, 4, 7, 13, 25
mse: 0.0054180153743155915
----------------------
pred_str: -3, 10, 1, 2, 2
target_str: -19, -10, -5, -8, 7
mse: 0.0017018525800906726
----------------------
pred_str: -2, -2, -3, 0, -2
target_str: 92, -15, -4, -9, -6
mse: 0.018962012284657753
----------------------
pred_str: -5, -7, -4, -2, -2
target_str: -7, -6, -3, -3, -4
mse: 2.2913559829862165e-05
----------------------
pred_str: -11, -15, -23, -21, -27
target_str: -11, -5, -18, -18, -21
mse: 0.0003541186519160517
----------------------
pred_str: -5, -9, -12, -10, -15
target_str: -7, -8, -9, -8, 7
mse: 0.0010456915485991646
----------------------
pred_str: 102, 116, 93, 14, 41
target_str: -21, -45, -11, -17, -5
mse: 0.11444906524837428
----------------------
pred_str: 39, 36, 34, 32, 29
target_str: 34, 14, 0, -10, -11
mse: 0.01047566294403426
----------------------
pred_str: -5, -1, 4, 10, 15
target_str: -1, -2, 1, 6, 14
mse: 8.957118842582488e-05
----------------------
pred_str: -15, -14, -16, -22, -12
target_str: -12, -15, -7, -5, -22
mse: 0.0009998644289394402
----------------------
pred_str: -13, -10, -11, -14, -15
target_str: -11, -12, -7, -11, -10
mse: 0.00012081695183018232
----------------------
pred_str: -11, -15, -16, -12, -11
target_str: 2, -5, -4, -8, -8
mse: 0.0009123762914072392
----------------------
pred_str: -8, -7, -6, -5, -6
target_str: -9, -11, -10, -5, -5
mse: 7.082373038321037e-05
----------------------
pred_str: -5, 0, 1, -1, -2
target_str: -2, 2, 9, 19, 31
mse: 0.003262057699414925
----------------------
pred_str: -4, -4, -1, 0, 1
target_str: -4, -2, -3, -1, 7
mse: 9.373729021307254e-05
----------------------
pred_str: 12, 12, 14, 13, 13
target_str: 14, 11, 8, 4, 5
mse: 0.00038744746621403306
----------------------
pred_str: -1, -4, -2, -3, -2
target_str: -2, -2, 0, 0, -2
mse: 3.7494916085229014e-05
----------------------
pred_str: 60, 57, 49, 14, -13
target_str: 29, -7, -21, -20, -26
mse: 0.02350098018186409
----------------------
pred_str: -6, -12, -11, -17, -20
target_str: -6, -9, -10, -8, 3
mse: 0.0012914915540467773
----------------------
pred_str: -92, -92, -92, -92, -92
target_str: -92, -92, -92, -92, -92
mse: 0.0
----------------------
pred_str: -18, -20, -16, -25, -23
target_str: 8, 49, -51, -31, -7
mse: 0.014485535914260139
----------------------
pred_str: -10, -10, -11, -10, -12
target_str: -1, 4, 9, 18, 26
mse: 0.006051262845977239
----------------------
pred_str: -6, -7, -8, -4, -7
target_str: -7, -8, -9, -4, -3
mse: 3.957796697885284e-05
----------------------
pred_str: -21, -17, -14, -13, -11
target_str: -14, -16, -14, -12, -14
mse: 0.00012498305361742995
----------------------
pred_str: 2, -4, 0, -5, -6
target_str: -15, -4, -8, -3, -3
mse: 0.0007623966270663232
----------------------
