pred_str: -3, -10, -11, -16, -11, -6, 1, 14, 39, 53, 49, 21, -5, -12, -15, -18, -21, -17, -18, -6, -7, 0, -21, -14, -26, 48, 50, -78, -16, -20, -4, -4, 14, 34, 56, 67, 57, 27, 1, -7, -6, -6, -9, -11, -7, 1, 2, 3, -23, -9, -38, 54, -4, -100, -30, -41, -20, -15, 6, 25, 53, 55, 40, 4, -17, -26, -26, -27, -25, -29, -21, -12, -9, -8, -29, -17, -28, 72, 16, -75, -8, -21, -5, 0, 16, 35, 56, 58, 44, 18, -1, -5, -6
target_str: -6, -9, -10, -8, 3, -1, 0, -16, -10, -22
mse: 0.016940330616310055
----------------------
pred_str: 0, -1, 2, 1, 1, 1, 1, 2, 1, 2, 2, 2, 2, 2, 2, 1, 2, 2, 2, 1, 2, 1, 1, 1, 1, 1, 1, 1, 1, 1, 1, 1, 1, 1, 1, 1, 1, 1, 1, 1, 1, 1, 1, 1, 1, 1, 1, 1, 1, 1, 1, 1, 1, 1, 1, 1, 1, 1, 1, 1, 1, 1, 1, 1, 1, 1, 1, 1, 1, 1, 1, 1, 1, 1, 1, 1, 1, 1, 1, 1, 1, 1, 1, 1, 1, 1, 1, 1, 1, 1, 1, 1, 1, 1, 1, 1, 1, 1, 1, 1, 1, 1, 1, 1, 1, 1, 1, 1, 1, 1, 1, 1, 1, 1, 1, 1, 1, 1, 1, 1, 1, 1, 1, 1, 1, 1, 1, 1, 1, 1, 1, 1, 1, 1, 1, 1, 1, 1, 1, 1, 1, 1, 1, 1, 1, 1, 1, 1, 1, 1, 1, 1, 1, 1, 1, 1, 1, 1, 1, 1, 1, 1, 1, 1, 1, 1, 1, 1, 1, 1, 1,
target_str: -12, -19, -17, -18, -17, -17, -15, -10, -11, -9
mse: 0.004597381278610438
----------------------
pred_str: -21, -24, -22, -21, -16, -17, -18, -19, -20, -22
target_str: 8, 49, -51, -31, -7, -2, -5, 2, 13, 23
mse: 0.020463214073111823
----------------------
pred_str: 0, -14, -11, -6, -7, -18, -15, -14, -12, -11, 11, 21, -4, -15, -12, -14, 96, -38, -44, -6, -6, -2, 6, 16, 33, 46, 57, 67, 65, 48, 20
target_str: 29, -7, -21, -20, -26, -25, -24, -25, -27, -28
mse: 0.00424656233166094
----------------------
pred_str: -6, -7, -8, -7, -6, -5, -5, -6, -7, -8, -6, -7, -6
target_str: 0, 5, 5, -11, 1, -23, 26, 87, -36, -6
mse: 0.02055872499060593
----------------------
pred_str: -10, -10, -8, -6, -2, -2, -4, -5, -6
target_str: 14, 11, 8, 4, 5, -3, 23, 103, -5, -26
mse: 0.02661999475465484
----------------------
pred_str: -3, -3, -4, -5, -2, -3, -3, -2, -3, -3, -4, -5, -2, -3, -2, -3, -4, -3
target_str: -2, -2, 0, 0, -2, -1, -2, -1, -2, -2
mse: 9.367416908075603e-05
----------------------
pred_str: 15, 15, 15, 15, 15, 15, 15, 15, 15, 15, 15, 15, 15, 15, 15, 15, 15, 15, 15, 15, 15, 15, 15, 15, 15, 15, 15, 15, 15, 15, 15, 15, 15, 15, 15, 15, 15, 15, 15, 15, 15, 15, 15, 15, 15, 15, 15, 15, 15, 15, 15, 15, 15, 15, 15, 15, 15, 15, 15, 15, 15, 15, 15, 15, 15, 15, 15, 15, 15, 15, 15, 15, 15, 15, 15, 15, 15, 15, 15, 15, 15, 15, 15, 15, 15, 15, 15, 15, 15, 15, 15, 15, 15, 15, 15, 15, 15, 15, 15, 15, 15, 15, 15, 15, 15, 15, 15, 15, 15, 15, 15, 15, 15, 15, 15, 15, 15, 15, 15, 15, 15, 15, 15, 15, 15, 15, 15, 15, 
target_str: 1, 4, 7, 13, 25, 35, 45, 38, 18, -3
mse: 0.004861873050132573
----------------------
pred_str: 22, 25, 27, 23, 20, 19, 25, 21, 23, 22, 21
target_str: -12, -15, -7, -5, -22, -34, -18, -12, -27, -32
mse: 0.03236901728843458
----------------------
pred_str: 15, 16, 16, 16, 16, 16, 16, 16, 16, 16, 16, 16, 16, 16, 16, 16, 16, 16, 16, 16, 16, 16, 16, 16, 16, 16, 16, 16, 16, 16, 16, 16, 16, 16, 16, 16, 16, 16, 16, 16, 16, 16, 16, 16, 16, 16, 16, 16, 16, 16, 16, 16, 16, 16, 16, 16, 16, 16, 16, 16, 16, 16, 16, 16, 16, 16, 16, 16, 16, 16, 16, 16, 16, 16, 16, 16, 16, 16, 16, 16, 16, 16, 16, 16, 16, 16, 16, 16, 16, 16, 16, 16, 16, 16, 16, 16, 16, 16, 16, 16, 16, 16, 16, 16, 16, 16, 16, 16, 16, 16, 16, 16, 16, 16, 16, 16, 16, 16, 16, 16, 16, 16, 16, 16, 16, 16, 16, 16, 
target_str: -1, 1, 9, -2, -9, -9, -11, -12, 10, 92
mse: 0.017318700789459775
----------------------
pred_str: -5, -5, -5, -5, -5, -5, -5, -5, -5, -5, -5, -5, -5, -5
target_str: -1, 4, 9, 18, 26, 36, 40, 26, 3, -7
mse: 0.011971926158203288
----------------------
pred_str: 1, 3, 4, 5, 4, 3, 3, 2, 3, 4, 3, 4, 4, 3, 3, 3, 3, 4, 3, 4, 4, 4, 3, 3, 3, 4, 3, 4, 3, 4, 4, 3, 4, 3, 4, 4, 4, 3, 4, 3, 3, 3, 4, 3, 4, 3, 3, 3, 4, 3, 3, 4, 3, 4, 3, 3, 4, 3, 4, 4, 3, 3, 4, 3, 3, 4, 3, 4, 3, 3, 4, 3, 4, 3, 3, 3, 4, 3, 4, 3, 3, 4, 3, 4, 3, 4, 3, 3, 3, 3, 4, 3, 4, 3, 3, 4, 3, 3, 4, 3, 4, 3, 4, 3, 4, 3, 4, 3, 3, 3, 4, 3, 4, 3, 3, 4, 3, 4, 3, 3, 3, 4, 3, 4, 3, 3, 4, 3, 3, 4, 3, 3, 3, 3, 4, 3, 4, 3, 3, 4, 3, 3, 4, 3, 3, 4, 3, 4, 3, 3, 3, 4, 3, 4, 3, 3, 4, 3, 3, 4, 3, 4, 3, 3, 4, 3, 4, 3, 3, 3, 4,
target_str: -10, -14, -25, -18, -35, 19, 42, -99, -43, -29
mse: 0.033950457672327336
----------------------
pred_str: -1, -1, -2, -4, -2, -3, -3, -3, -4, -3, -2, -1, -1, -1, -1, -1, -1, -1, -1, -1, -1, -1, -1, -1, -1, -1, -1, -1, -1, -1, -1, -1, -1, -1, -1, -1, -1, -1, -1, -1, -1, -1, -1, -1, -1, -1, -1, -1, -1, -1, -1, -1, -1, -1, -1, -1, -1, -1, -1, -1, -1, -1, -1, -1, -1, -1, -1, -1, -1, -1, -1, -1, -1, -1, -1, -1, -1, -1, -1, -1, -1, -1, -1, -1, -1, -1, -1, -1, -1, -1, -1, -1, -1, -1, -1, -1, -1, -1, -1, -1, -1, -1, -1, -1, -1, -1, -1, -1, -1, -1, -1, -1, -1, -1, -1, -1, -1, -1, -1, -1, -1, -1, -1, -1, -1, -1, -1, -1, -1, -1, -1, -1, -1, -1, -1, -1, -1, -1, -1, -1, -1, -1, -1, -1, -1, -1, -1, -1, -1, -1, -1, -1, -1, -1, -1, -1, -1, -1, -1, -1, -1, -1, -1, -1, -1, -1, -1, -1, -1, -1, -1
target_str: 0, 4, 13, 27, 49, 70, 75, 59, 23, -1
mse: 0.03637312882953356
----------------------
pred_str: -7, -10, -10, -10, -9, -9, -9, -9, -8, -8, -8, -7, -7, -6
target_str: 34, 14, 0, -10, -11, -9, -11, -10, -5, -6
mse: 0.004369624475355266
----------------------
pred_str: 0, 0, 0, 0, 0, 0, 0, 0, 0, 0, 0, 0, 0, 0, 0, 0, 0, 0, 0, 0, 0, 0, 0, 0, 0, 0, 0, 0, 0, 0, 0, 0, 0, 0, 0, 0, 0, 0, 0, 0, 0, 0, 0, 0, 0, 0, 0, 0, 0, 0, 0, 0, 0, 0, 0, 0, 0, 0, 0, 0, 0, 0, 0, 0, 0, 0, 0, 0, 0, 0, 0, 0, 0, 0, 0, 0, 0, 0, 0, 0, 0, 0, 0, 0, 0, 0, 0, 0, 0, 0, 0, 0, 0, 0, 0, 0, 0, 0, 0, 0, 0, 0, 0, 0, 0, 0, 0, 0, 0, 0, 0, 0, 0, 0, 0, 0, 0, 0, 0, 0, 0, 0, 0, 0, 0, 0, 0, 0, 0, 0, 0, 0, 0, 0, 0, 0, 0, 0, 0, 0, 0, 0, 0, 0, 0, 0, 0, 0, 0, 0, 0, 0, 0, 0, 0, 0, 0, 0, 0, 0, 0, 0, 0, 0, 0, 0, 0, 0, 0, 0, 0,
target_str: -1, -2, 1, 6, 14, 16, 12, 4, -1, -3
mse: 0.0012196009464631764
----------------------
pred_str: -7, -6, -6, -6, -6, -6, -6, -5, -6, -5, -6
target_str: -9, -11, -10, -5, -5, 0, -3, -12, -10, -17
mse: 0.0005528612724177953
----------------------
pred_str: -2, -2, -2, 2, 2, -2, -2, -2, -2, 1, 0, 0, 0, 0, 1
target_str: -16, 72, -56, -26, -25, -19, -12, -13, -4, 9
mse: 0.01961463630614497
----------------------
pred_str: 0, 0, -4, -4, 1, 0, -2, -3, -3, -3, -3, -8, -3, -5, -4, -9, -7, -4, -6, -9, -7, -6, -5, -1, 16, 18, 2, -12, -8, -13, 100, -18, -54, -3, -16, -2, -7, 1, 1, 8, 18, 31, 44, 60, 63, 51, 21, -3, -6, -9, -8, -9, -10, -10, -8, -5, -9, -6, -11, -12, -9, -10, -9, -14, -12, -11, -11, -12, -13, -11, -11, -13, -5, 10, 14, 0, -15, -14, -23, 91, -9, -61, -10, -15, -7, -11, 1, -2, 8, 10, 30, 42, 54, 58, 51, 24, 0, -7, -14, -11, -12, -12, -9, -11, -7, -8, -10, -9, -14, -11, -12, -14, -9, -11, -15, -13, -7, -10, -10, -5, 0, 14, 16 0, 0, -4, -4, 1, 0, -2, -3, -3, -3, -8, -3, -5, -4, -9, -7, -4, -6, -9, -7, -6, -5, -1, 16, 18, 2, -
target_str: -5, -14, -16, -5, 83, -41, -55, -10, -15, -6
mse: 0.021640569806067985
----------------------
pred_str: -1, -2, -3, -3, -3, -3, -3, -4, -4, -4, -5, -5
target_str: -2, 2, 9, 19, 31, 36, 35, 19, 4, -4
mse: 0.009843134747132777
----------------------
pred_str: -15, -16, -16, -16, -16, -16, -17, -16, -15, -16
target_str: -11, -12, -7, -11, -10, -5, -11, -6, -5, 0
mse: 0.001445521001305
----------------------
pred_str: -1, -1, -1, -1, -1, -1, -1, -1, -1, -1, -1, -1, -1, -1, -1, -1, -1, -1, -1, -1, -1, -1, -1, -1, -1, -1, -1, -1, -1, -1, -1, -1, -1, -1, -1, -1, -1, -1, -1, -1, -1, -1, -1, -1, -1, -1, -1, -1, -1, -1, -1, -1, -1, -1, -1, -1, -1, -1, -1, -1, -1, -1, -1, -1, -1, -1, -1, -1, -1, -1, -1, -1, -1, -1, -1, -1, -1, -1, -1, -1, -1, -1, -1, -1, -1, -1, -1, -1, -1, -1, -1, -1, -1, -1, -1, -1, -1, -1, -1, -1, -1, -1, -1, -1, -1, -1, -1, -1, -1, -1, -1, -1, -1, -1, -1, -1, -1, -1, -1, -1, -1, -1, -1, -1, -1, -1, -1, -1, -1, -1, -1, -1, -1, -1, -1, -1, -1, -1, -1, -1, -1, -1, -1, -1, -1, -1, -1, -1, -1, -1, -1, -1, -1, -1, -1, -1, -1, -1, -1, -1, -1, -1, -1, -1, -1, -1, -1, -1, -1, -1, -1
target_str: -28, -10, -8, -3, 0, 3, 22, 31, 42, 73
mse: 0.017922991017451317
----------------------
pred_str: -5, 2, -6, -6, 0, -1, -2, -2, -3, -3, -4, -5
target_str: 2, -5, -4, -8, -8, -8, -9, -2, 3, 3
mse: 0.0006244944605383736
----------------------
pred_str: 23, 15, 20, 34, 33, 33, 22, 14, 14, 20, 33, 33, 32, 25, 18, 12
target_str: -19, -10, -5, -8, 7, -85, -67, 1, -12, 7
mse: 0.052003857827126375
----------------------
pred_str: 0, -4, -4, -3, -4, -4, -4, -4, -3, -4, -3, -4, -4, -3, -4, -4, -4, -4, -4, -4, -4, -4, -4, -4, -4, -4, -4, -4, -4, -4, -4, -4, -4, -4, -4, -4, -4, -4, -4, -4, -4, -4, -4, -4, -4, -4, -4, -4, -4, -4, -4, -4, -4, -4, -4, -4, -4, -4, -4, -4, -4, -4, -4, -4, -4, -4, -4, -4, -4, -4, -4, -4, -4, -4, -4, -4, -4, -4, -4, -4, -4, -4, -4, -4, -4, -4, -4, -4, -4, -4, -4, -4, -4, -4, -4, -4, -4, -4, -4, -4, -4, -4, -4, -4, -4, -4, -4, -4, -4, -4, -4, -4, -4, -4, -4, -4, -4, -4, -4, -4, -4, -4, -4, -4, -4, -4, -4, -4, -4, -4, -4, -4, -4, -4, -4, -4, -4, -4, -4, -4, -4, -4, -4, -4, -4, -4, -4, -4, -4, -4, -4, -4, -4, -4, -4, -4, -4, -4, -4, -4, -4, -4, -4, -4, -4, -4, -4, -4, -4, -4, -4,
target_str: -7, -6, -3, -4, -7, -6, -7, -7, -6, -7
mse: 0.00019102183498820828
----------------------
pred_str: -1, -2, -3, -3, -4, -5, -10, -7, -7, -9, -8, -12, -9, -2, 5, 4, -4, -11, -15, -10, 0, 99, 0, -29, -2, -12, -1, -1, 5, 12, 26, 40, 50, 48, 31, 8, -3, -7, -12, -10, -9, -9, -9, -11, -13, -11, -13, -14, -16, -15, -14, -16, -14, -11, -5, 0, -4, -16, -16, -18, 17, 84, -40, -22, -11, -8, -2, 0, 6, 14, 23, 38, 49, 44, 23, 6, -5, -10, -9, -7, -6, -4, -5, -4, -8, -12, -8, -11, -11, -8, -14, -10, -9, 1, -3, -2, -15, -10, -21, 36, 71, -40, -12, -11, -9, -7, -4, 7, 16, 25, 38, 48, 37, 18, -1, -8, -8, -8, -10, -10, -7, -11, -6, -16, -10, -11, -11, -15, -13, -15, -10, -7
target_str: -1, -3, -7, -23, -9, -13, 83, 24, -43, 0
mse: 0.021109749514610365
----------------------
