pred_str: 0, 4, 11, 23, 32, 38, 30, 16, 1, -2, -5, -5, -6, -6, -6, -7, -7, -6, -6, -5, -8, -9, -10, -9, -12, -11, -11, -13, -12, -14, -12, -11, -12, -12, -13, -10, -10, -11, -10, -11, -11, -11, -11, -11, -11, -12, -12, -12, -11, -11, -12, -12, -12, -12, -12, -12, -12, -12, -13, -13, -13, -12, -14, -13, -13, -14, -13, -13, -13
target_str: -2, 2, 9, 19, 31, 36, 35, 19, 4, -4, -6, -9, -8, -10, -9, -10, -9, -10, -9, -10, -10, -9, -10, -9, -10, -8, -9, -6, -8, -12, -11, -12, -10, -13, 8, 105, -1, -25, -5, -8, 0, -1, 1, 9, 17, 28, 35, 38, 25, 7
mse: 0.023294428257163234
----------------------
pred_str: -7, -5, -5, -5, -5, -6, -3, -4, -2, -3, -4, -3, -4, -5, -3, -3, -4, -5, -5, -4, -4, -4, -4, -4, -4, -4, -4, -4, -4, -4, -4, -5, -4, -4, -4, -4, -4, -5, -4, -4, -4, -4, -5, -4, -5, -4, -5, -4, -4, -4, -4, -4, -4, -5, -4, -5, -4, -5, -4, -5, -4, -5, -5, -5, -5, -5, -5, -5, -5, -5, -5, -5, -5, -5, -5, -5, -5, -5, -5, -5, -5, -5, -5, -5, -5, -5, -5, -5, -5, -5, -5, -5, -5, -5, -5
target_str: -5, -6, -9, -8, -6, -2, 1, -9, -13, -14, -19, -13, -24, 94, 27, -29, -4, -16, -6, -6, -1, 1, 14, 26, 32, 29, 14, -1, -8, -9, -7, -9, -9, -7, -9, -8, -10, -9, -12, -11, -8, -2, 0, -7, -14, -12, -19, -8, -24, 82
mse: 0.024575862202820757
----------------------
pred_str: 12, -13, -10, -4, -3, -2, -1, 6, 19, 27, 23, 10, 0, -3, -7, -8, -9, -9, -8, -8, -9, -10, -10, -10, -11, -10, -11, -10, -8, -5, -7, -10, -10, -10, 49, 28, -6, -11, -10, -10, -10, -10, -10, -11, -10, -10, -11, -10, -11, -11, -12, -12, -12, -12, -12, -10, -11, -10, -9, -5, -6, -10, -10, -11, -10, 57, 28, -3, -5, -5, -3, 0, 6, 17, 27, 27, 18, 2, -5, -7, -11, -11, -11, -10, -10, -10, -11, -11, -11, -11, -12, -12
target_str: -17, -9, -33, 32, 64, -16, -7, -13, -7, -7, -2, 2, 9, 21, 27, 21, 10, -1, -2, -4, -8, -5, 2, 0, 0, 3, 0, 0, -2, -2, 0, 4, 5, -4, -4, -4, -2, -14, 78, 35, -7, 0, -2, 1, 1, 1, 10, 17, 23, 25
mse: 0.03194361679542591
----------------------
pred_str: -2, 1, 6, 12, 23, 34, 43, 49, 36, 8, -11, -11, -10, -9, -10, -9, -10, -10, -11, -11, -11, -12, -12, -12, -12, -10, -8, 3, 1, -14, -11, -28, 10, 106, -27, -11, -6, -3, 1, 0, 5, 12, 26, 35, 38, 20, 2, -8, -10, -10, -10, -8, -10, -9, -11, -10, -11, -11, -13, -12, -12, -12, -11, -11, -10, -4, 6, 0, -10
target_str: -1, 4, 9, 18, 26, 36, 40, 26, 3, -7, -11, -11, -10, -11, -9, -9, -8, -7, -10, -11, -12, -10, -9, -11, -13, -10, -10, -8, 0, 5, 0, -16, -9, -17, 10, 99, -29, -12, -5, -2, 0, 4, 6, 12, 21, 31, 41, 37, 18, 0
mse: 0.03745594137942586
----------------------
pred_str: 26, 10, -2, -16, -16, -20, -17, -18, -18, -17, -17, -13, -11, -10, 6, 16, -15, -22, -25, 43, 100, -66, -24, -26, -15, -5, 0, 10, 33, 48, 67, 67, 62, 18, -2, -11, -19, -18, -15, -12, -17, -17, -18, -18, -18, -16, -16, -12, 1, 13, -21, -14, -40, 18, 99, -56, -22, -25, -15, -5
target_str: 29, -7, -21, -20, -26, -25, -24, -25, -27, -28, -34, -32, -33, -31, -27, -25, -28, -36, -21, -4, 8, -4, -26, -12, -20, 104, -30, -56, -2, -8, -2, 5, 17, 32, 42, 49, 59, 65, 55, 29, 12, -2, -5, -1, -4, -3, -7, -4, -6, -10
mse: 0.07907801486701546
----------------------
pred_str: 0, -3, 2, 6, 16, 30, 38, 37, 14, -1, -8, -10, -9, -10, -10, -9, -8, -7, -8, -7, -7, -10, -8, -10, -10, -9, -8, -6, -1, -13, -8, -13, -12, -17, 3, 95, -10, -12, -5, -10, -4, -4, -1, 0, 1, 11, 24, 37, 38, 16, -1, -9, -11, -11, -12, -11, -11, -10, -9, -9, -9, -8, -9, -10, -9, -10, -11, -10, -12, -12, -8, -2, -14, -11, -14, -10, -18, 2, 98, -5, -11, -5, -9, -4, -1, 0, 0, 2, 10, 24, 36, 36, 13, -2, -10, -12, -12, -13, -12, -12
target_str: -4, 0, 4, 16, 26, 37, 46, 26, 3, -5, -7, -6, -6, -12, -4, -6, -8, -7, -4, -3, -6, -11, -5, -9, -5, -7, -8, -2, 2, -3, -5, -9, -5, -16, -4, -20, 50, 72, -15, 1, -11, -5, -10, -2, -5, -3, 3, 12, 25, 36
mse: 0.026591226157170335
----------------------
pred_str: 30, 19, 1, -13, -8, -11, -9, -9, -6, -7, -6, -8, -11, -11, -10, -11, -11, -11, -10, -10, -10, -10, -10, -10, -11, -12, -9, -10, -6, 3, -20, -11, -29, 41, 64, -35, -2, -16, -8, -11, -7, -7, -4, 0, 6, 16, 28, 37, 37, 18, 0, -10, -9, -10, -10, -9, -9, -9, -10, -10, -10, -10, -11, -11, -11, -10, -10, -10, -10, -10, -10, -11, -11, -11, -10, 2, -18, -12, -27, 55, 50, -32, -3, -16, -7, -10, -7, -4, 1, 10, 21, 32, 40, 26, 5, -10, -9, -11
target_str: 34, 14, 0, -10, -11, -9, -11, -10, -5, -6, -4, -7, -8, -8, -6, -10, -10, -10, -1, 6, -2, -15, -13, -17, 5, 87, -12, -11, -12, -11, -10, -5, -4, -6, 0, 7, 12, 24, 35, 34, 20, 4, -3, -9, -11, -11, -11, -10, -10, -8
mse: 0.03332218853635149
----------------------
pred_str: -1, -2, -1, -1, -1, -1, -2, -1, -1, -1, -1, -1, -1, -1, -2, -1, -1, -1, -1, -1, -1, -1, -1, -1, -1, -1, -1, -1, -1, -1, -1, -1, -1, -1, -1, -1, -1, -1, -1, -1, -1, -1, -1, -1, -1, -1, -1, -1, -1, -1, -1, -1, -1, -1, -1, -1, -1, -1, -1, -1, -1, -1, -1, -1, -1, -1, -1, -1, -1, -1
target_str: -2, -6, -2, -3, -3, -4, -3, -4, -4, -5, -2, -6, -6, -7, -4, -10, -7, -11, -6, -6, -6, -10, -4, -8, -8, -4, -8, -10, -8, -5, -2, 2, 0, -5, -14, -10, -11, -10, -1, 81, 28, -11, -1, -6, 0, 0, 7, 7, 14, 21
mse: 0.009647058616925525
----------------------
pred_str: -15, -13, -12, -13, -12, -12, 4, 16, -13, -15, -19, -14, -11, 81, 61, -36, -11, -19, -10, -12, -12, -11, -12, -10, -13, -12, -12, -11, -11, -12, -13, -11, -10, 0, -1, -17, -16, -17, -13, 59, 86, -36, -11, -17, -11, -12, -12, -12, -11, -11, -13, -11, -11, -12, -12, -12, -11, -11, 0, -11, -13, -13, -14, -12, 42, 65, -32, -12, -17, -9, -11, -6, 4, 16, 34, 56, 57
target_str: -11, -12, -7, -11, -10, -5, -11, -6, -5, 0, 6, 17, -7, -3, -10, 0, -9, 78, 80, -36, 5, -4, 5, 6, 2, 11, 19, 35, 56, 76, 59, 26, 4, -11, -10, -4, -7, -10, -8, -12, -10, -10, -20, -16, -15, -23, -15, -24, -13, -8
mse: 0.07233429701976879
----------------------
pred_str: -10, -10, -12, -16, -17, -20, -25, -30, -34, -40, -41, -43, -41, -40, -43, -38, -44, -46, -43, -40, -45, -38, -39, -45, -39, -38, -46, -35, -33, -35, -30, -27, -23, -21, -18, -15, -15, -14, -12, -10, -10, -11, -13, -13, -11, -13, -14, -13, -12, -13, -13, -12, -13, -13, -13, -14, -13, -13, -14, -14, -14, -14, -14, -14, -14, -14, -13, -13, -13, -12, -13, -13, -12, -13, -13, -13, -13, -13, -12, -13, -13, -13, -13, -13, -13, -13, -13, -13, -13, -13, -13, -13, -13, -13, -13, -13, -13, -13, -13, -13, -13, -13, -13, -13
target_str: -10, -14, -25, -18, -35, 19, 42, -99, -43, -29, -23, -22, -17, -9, 8, 31, 43, 29, 3, -17, -18, -24, -31, -24, -25, -30, -33, -35, -36, -35, -32, -23, -19, -12, -1, 5, 10, 8, 9, 19, 8, 114, 24, -40, 33, 25, 39, 40, 48, 53
mse: 0.07560558398364489
----------------------
pred_str: -21, -14, -10, -15, -12, -16, -14, -12, -13, -16, -11, -12, -12, -11, -11, -14, -15, -16, -13, -13, -11, -11, -12, -15, -13, -13, -12, -12, -13, -12, -12, -12, -12, -12, -12, -11, -12, -12, -12, -12, -13, -13, -12, -13, -12, -13, -13, -12, -13, -13, -13, -13, -13, -12, -12, -13, -12, -12, -12, -12, -12, -12, -12, -12
target_str: -37, -38, -42, -37, -19, 69, 0, -46, -21, -20, -13, -19, -4, 0, 15, 29, 59, 87, 83, 54, 15, -9, -10, -6, -17, -11, -4, -4, -6, -13, -6, -9, -18, -13, -10, -16, -7, 2, 1, -15, -16, -20, -26, 24, 88, -29, -19, -22, -14, -14
mse: 0.05601514741473366
----------------------
pred_str: -6, -15, -16, -13, -13, -10, 6, 59, -70, -25, -25, -20, -19, -18, -16, -14, -10, -9, -11, -10, -11, -13, -14, -11, -12, -15, -12, -14, -11, -14, -12, -11, -12, -10, -12, -10, -10, -10, -11, -10, -9, -12, -10, -11, -10, -11, -11, -10, -11, -11, -10, -11, -11, -11, -12, -10, -12, -10, -10, -11
target_str: -21, -45, -11, -17, -5, -6, 3, 4, 17, 33, 63, 81, 84, 62, 22, 3, -7, -11, -8, -11, -5, -8, -7, -5, -5, -7, -9, -9, -17, -24, -19, -27, -21, -19, -24, -15, -15, -13, -6, -5, -18, -18, -17, -31, -22, -16, 70, 33, -70, -10
mse: 0.06446319203350184
----------------------
pred_str: -12, -15, -11, -13, -11, -12, -12, -12, -13, -14, -14, -11, -12, -14, -17, -13, 62, 41, -11, -16, -16, -16, -13, -9, -8, 0, 12, 21, 35, 49, 58, 56, 44, 27, -7, -15, -14, -17, -16, -17, -12, -10, -11, -13, -15, -13, -15, -17, -17, -15, -16, -12, -11, -14, -24, -25, -24, -26, -24, -2, 106, 27, -22, -12, -15, -12, -11, -10, -4, 1, 17, 35, 57, 65, 58, 36, 3, -11, -15
target_str: -11, -5, -18, -18, -21, -9, -16, -33, -26, -26, -24, -15, -28, 48, 96, -16, -13, -12, -10, -12, -7, -6, 0, 12, 32, 55, 61, 52, 25, 6, -3, -16, -13, -11, -10, -8, -11, -13, -11, -14, -15, -15, -10, -4, 3, -8, -16, -23, -16, -20
mse: 0.05050086045103131
----------------------
pred_str: -16, -10, -9, -14, -11, -11, -11, -14, -10, -10, -10, -10, -12, -13, -14, -15, -15, -15, -15, -15, -14, -12, -14, -14, -15, -13, -14, -12, -12, -13, -12, -12, -11, -11, -12, -12, -11, -13, -11, -13, -12, -13, -12, -12, -12, -12, -12, -12, -13, -13, -13, -13, -13, -13, -12, -13, -13, -13, -12, -13, -13, -12, -12, -13, -13, -13, -13, -13, -13, -13, -12, -12, -12, -13, -12, -12, -12, -12, -12
target_str: -18, -10, -17, -8, -8, 2, 14, 19, 20, 15, -4, -16, -9, -13, -11, -15, -4, -5, -3, -5, -4, -6, -10, 2, -5, 0, 3, -6, -10, -6, -16, 20, 92, 5, -7, -6, 0, 5, -8, 6, 5, 16, 22, 38, 30, 15, 11, -6, -14, -17
mse: 0.025288206034786577
----------------------
pred_str: -5, -5, -5, -6, -6, -6, -5, -5, -4, -4, -3, -3, -4, -5, -7, -4, -20, 101, 78, -15, -3, -11, -3, -4, -1, 3, 10, 17, 23, 15, 0, -2, -6, -6, -7, -7, -7, -7, -7, -7, -7, -6, -7, -7, -7, -6, -7, -6, -6, -7, -5, -11, -10, -26, 63, 97, -12, -4, -9, -4, -4, 0, 4, 10, 19, 24, 14, 2, -5, -6, -7, -7, -7, -7, -7, -7, -7, -7, -7, -6, -7, -7, -6, -5, -4, -3, -7, -8, -10, -2, 99, 26, -11, -2, -10, -3, -4, 0, 2, 9, 19, 23, 15, 3, -2, -6, -6, -7, -6, -7, -7, -7, -7, -7
target_str: -7, -6, -3, -3, -4, -5, -11, -5, -20, 75, 72, -17, 1, -9, -3, -3, 0, 5, 11, 17, 22, 17, 3, -4, -5, -6, -6, -6, -4, -6, -5, -7, -5, -5, -6, -6, -7, -6, -7, -7, -7, -8, -7, -7, -5, -5, -3, -6, -6, -10
mse: 0.03056406386464913
----------------------
pred_str: -11, -12, -11, -15, -12, -11, -12, -13, -11, -13, -14, -14, -12, -13, -13, -13, -12, -14, -13, -15, -13, -15, -14, -12, -10, -13, -14, -10, -7, -10, -8, -1, -1, -1, 0, 5, 14, 30, 27, 15, -3, -1, -1, -4, -5, -5, -6, -6, -6, -6, -7, -8, -7, -7, -9, -10, -8, -11, -9, -12, -11, -12, -14, -11, -11, -13, -12
target_str: -9, -8, -10, -10, -13, -11, -8, -7, -11, -12, -14, -11, -9, -11, -3, -11, -13, -14, -8, -22, 54, 90, -13, -3, -10, 0, -3, -3, 3, 5, 19, 28, 36, 31, 10, -7, -6, -7, -11, -7, -7, -7, -6, -8, -5, -3, -5, -8, -3, -2
mse: 0.024129420820528137
----------------------
pred_str: 21, 18, 15, 12, 13, 11, 12, 10, 9, 12, 13, 16, 16, 18, 16, 17, 15, 15, 14, 14, 14, 12, 12, 12, 12, 13, 15, 16, 14, 12, 10, 13, 10, 10, 11, 13, 14, 12, 13, 11, 10, 10, 12, 13, 13, 13, 14, 14, 14, 15, 13, 13, 12, 13, 13, 14, 14, 14, 13, 12, 12, 12, 11, 11, 13, 14, 14, 14, 15, 13, 13, 12, 12, 13, 13, 12, 11, 12, 12, 11, 11, 13, 13, 13, 13, 14, 13, 13, 13, 12, 13, 12, 12, 13, 12, 12, 13, 12
target_str: 20, 24, 33, 43, 52, 48, 34, 23, 23, 21, 9, -2, -7, -14, -17, -20, -24, -26, -26, -28, -30, -31, -30, -26, -31, -30, -37, -28, -49, 61, 21, -40, -28, -38, -30, -34, -27, -27, -24, -16, -10, -3, -2, -6, -12, -16, -16, -14, -15, -12
mse: 0.058355285209828
----------------------
pred_str: 1, 9, 22, 39, 52, 65, 64, 49, 13, -15, -22, -19, -16, -16, -18, -15, -16, -17, -15, -16, -17, -17, -15, -15, -13, -13, -13, -16, -15, -15, -17, -13, -16, -14, -13, -13, -11
target_str: 0, 4, 13, 27, 49, 70, 75, 59, 23, -1, -15, -15, -12, -19, -13, -12, -11, -16, -11, -15, -11, -16, -17, -12, -5, 1, -8, -14, -20, -17, -22, -19, 122, -31, -46, -6, -12, 2, 1, 10, 12, 27, 41, 57, 79, 80, 47, 18, -4, -11
mse: 0.04227848949803742
----------------------
pred_str: -18, -22, -19, -15, -20, -13, -16, -17, -10, -12, -11, -12, -16, -16, -21, -14, -23, -14, -23, -17, -22, -15, -19, -13, 0, -17, -26, -31, 57, 20, -53, -10, -12, -1, -1, 7, 11, 31, 45, 74, 90, 82, 65, 20, -12, -17, -27, -26, -22, -22, -23, -19, -12, -17, -16, -16
target_str: 8, 49, -51, -31, -7, -2, -5, 2, 13, 23, 38, 51, 85, 85, 69, 28, -8, -19, -30, -28, -25, -14, -21, -17, -21, -16, -19, -30, -18, -21, -18, -19, -27, -19, -21, -3, -2, -18, -19, -26, 47, 43, -45, -3, -15, 7, 7, 17, 23, 28
mse: 0.09570722046502743
----------------------
pred_str: 27, 11, -16, -5, -10, -11, -5, -1, 2, 14, 25, 32, 35, 21, 4, -2, -10, -12, -11, -9, -7, -7, -5, -5, -7, -6, -11, -10, -10, -12, -9, -9, -10, -4, -1, -13, -15, -11, -17, -17, 86, 47, -25, -1, -14, -6, -8, -3, 3, 13, 27, 35, 37, 24, 4, -6, -13, -14, -12, -10, -6, -7, -7, -6, -5, -6, -8, -10, -9, -10, -11, -11, -8, -11, -10, -4, -1, -13, -15, -12, -12, -24, 96, 49, -25, -3, -16, -6, -9, -2, 2, 10, 25, 34, 37, 24
target_str: 21, 105, -6, -3, -3, -3, -1, 2, 9, 14, 18, 31, 41, 39, 22, 3, -7, -2, -6, -9, -3, -7, 2, -6, -7, -7, -13, -11, -12, -12, -9, -16, -10, -11, -12, -11, -8, 4, -6, -15, -9, -20, -7, -33, 62, 71, -22, -4, -9, -2
mse: 0.0371743398921336
----------------------
pred_str: 1, 11, -1, 1, 2, 15, 14, 27, 41, 54, 43, 16, 6, -1, -3, -3, -4, -2, 0, -5, -3, -5, -5, -3, -1, -4, -3, -3, -3, -4, -2, 0, 0, 1, 0, 2, 0, 2, 0, -1, 2, 0, -1, 0, 0, 0, -3, -1, -3, -4, -4, -4, -4, -2, -4, -4, -3, -4, -2, -3, -3, -2, -1, -2, -2, -1, -1, -1, -1, -2, -2, -2, -2, -2, -2, -2, -3, -2, -2, -2, -2, -2, -2, -2, -2, -1, -1, -1, -2, -2, -2, -1, -2, -1, -2, -1, -1, -2, -1, -2, -1, -2, -1, -1, -2, -2, -1, -1, -1, -2, -1, -2, -1, -2, -2, -2, -2, -2, -2, -2, -2, -2, -2, -2, -2, -2, -2, -2, -2
target_str: -19, -10, -5, -8, 7, -85, -67, 1, -12, 7, 4, 11, 12, 31, 34, 51, 39, 19, 1, 2, -8, -15, -1, 0, -4, -14, 5, -1, -3, -2, 5, 3, -7, -11, -7, 17, -60, -85, -8, -3, 7, 8, 13, 22, 30, 48, 50, 39, 29, 13
mse: 0.053216793959132404
----------------------
pred_str: -14, -1, -2, -10, -10, -12, 20, 43, -14, -10, -9, -1, -7, 1, 3, 20, 33, 28, 1, -7, -11, -12, -11, -1, 31, 87, 10, -12, -11, -9, -13, -7, -10, 1, 0, 12, 29, 29, 10, -10, -12, -11, -11, -3, 30, 90, 14, -12, -11, -9, -12, -10, -13, -13, -9, -10, -13, -11, -9, -1, 2, 2, 20, 24, 31, 4, -10, -12, -12, -12, -6, 10, 33, 76, 11, -14, -12, -13, -14, -11, -13, -10, -11, -11, -10, -11, -12, -8, -3, 1, 11, 32, 31, 10, -11, -12, -11, -14, 0, 29
target_str: -7, -8, -9, -8, 7, 9, -6, -20, -11, -13, -8, -17, 73, 45, -25, -5, -16, -11, -10, -4, 2, -2, 5, 22, 41, 31, 1, 3, 1, -8, -20, -7, -2, -8, -6, -9, -6, -3, -11, -2, -15, 6, 11, 5, -15, -25, 2, -12, -14, -4
mse: 0.043209638666819206
----------------------
pred_str: -5, -10, -11, -11, -10, -11, -12, -12, -13, -12, -13, -13, -12, -12, -12, -13, -12, -12, -12, -13, -11, -12, -12, -11, -12, -11, -12, -13, -12, -13, -12, -13, -12, -12, -13, -12, -13, -12, -12, -12, -12, -12, -12, -12, -12, -13, -12, -12, -12, -12, -12, -12, -12, -12, -13, -12, -12, -12, -12, -12, -12, -12, -12, -12, -12, -12, -12, -12, -12, -12, -12, -12, -12, -12, -12, -12, -12, -12, -12, -12, -12, -12, -12, -12, -12
target_str: -28, -10, -8, -3, 0, 3, 22, 31, 42, 73, 100, 98, 61, 30, -2, -12, -15, -12, -15, -16, -13, -6, -15, -15, -9, -20, -21, -14, -22, -16, -20, -19, -20, -11, -20, -10, 0, -3, -11, -33, -9, -31, 29, 3, -69, -5, -18, -4, -2, 5
mse: 0.052786051614458866
----------------------
pred_str: -7, -8, -8, -7, -7, -5, -7, -3, 3, 14, 27, 24, 12, 2, -7, -9, -10, -10, -10, -9, -8, -8, -8, -7, -7, -6, -6, -6, -6, -7, -7, -9, -10, -29, 82, 67, -34, -3, -11, -8, -8, -7, -6, 1, 11, 23, 25, 17, 4, -6, -11, -9, -10, -8, -8, -8, -8, -7, -7, -7, -6, -6, -7, -8, -10, -1, -21, -34, 71, 93, -36, -2, -13, -7, -9, -6, -5, 2, 16, 25, 26, 14, 4, -4, -9, -10, -11, -9, -9, -9, -8, -8, -8, -8, -8, -8, -8, -9, -9, -8, -10, -10, -30, 67, 96, -34, -4, -13, -8, -8, -7, -5, 3, 15, 27, 25, 14, 3, -4, -12, -11
target_str: -7, -8, -9, -4, -3, -8, -5, -2, 0, -8, -10, -14, 99, 20, -23, -5, -14, -8, -1, -4, -2, 7, 14, 27, 24, 9, 0, -5, -4, -7, -8, -7, -6, -5, -3, -10, -9, -6, -5, -8, -5, 1, -8, -3, -26, 32, 94, -17, -7, -14
mse: 0.03613820340927421
----------------------
pred_str: -7, -8, -5, -3, -4, -3, -1, -2, -1, -1, -2, -1, 0, 2, 2, 4, 8, 10, 15, 18, 19, 13, 7, 0, -1, -4, -8, -10, -14, -15, -16, -12, -10, -7, -7, -12, -17, -21, -23, -30, -34, 101, -58, -80, -1, -10, -3, -1, 1, 13, 27, 43, 61, 69, 51, 12, -5, -8, -12, -14, -11, -10, -11, -10, -10, -12, -12, -12, -12, -11, -13, -12, -13, -10
target_str: 2, -5, -4, -8, -8, -8, -9, -2, 3, 3, -1, -12, 1, -21, 30, 111, -74, -28, -10, 0, 0, 3, 9, 17, 39, 55, 64, 63, 21, -1, -17, -20, -25, -21, -17, -14, -16, -19, -20, -21, -17, -20, -20, -19, -2, -5, -17, -19, -25, -18
mse: 0.06180220515706756
----------------------
