pred_str: -11, -14, -9, -15, -12, -9, 1, 21, 44, 60
target_str: -6, -9, -10, -8, 3, -1, 0, -16, -10, -22
mse: 0.020937095163755647
----------------------
pred_str: 1, 1, 1, 1, 1, 1, 1, 1, 1, 1, 1
Џефи Џефи Џефи Џефи Џефи Џефи Џефи Џефи Џефи Џефи Џефи Џефи Џефи
-1, -1, -1, -1, -1, -1, -1, -1, -1, -1, -1, -1, -1, -1, -1, -1, -1, -1, -1, -1, -1, -1, -1, -1
-1, -1, -1, -1, -1, -1, -1, -1, -1, -1, -1, -1, -1, -1, -1, -1, -1, -1, -1, -1, -1, -1, -1
-1, -1, -1, -1, -1, -1, -1, -1, -1, -1, -1, -1, -1, -1, -1, -1, -1, -1, -1, -1, -1, -1
1, 0, -1, -1, -1, -1, -1, -1, -1, -1, -1, -1, -1, -1, -1, -1, -1, -1, -1, -1, -1, -1
1, -1, -1, -1, -1, -1, -1, -1, -1, -1, -1, -1, -1, -1, -1, -1, -1, -1, -1, -1, -1, -1
1, -1, -1, -1, -1, -1, -1, -1, -1, -1, -1, -1, -1, -1, -1, -1, -1, -1, -1, -1, -1, -1
1, -1, -1, -1, -1, -1, -1, -1, -1,
target_str: -12, -19, -17, -18, -17, -17, -15, -10, -11, -9
mse: 0.0046341162468774
----------------------
pred_str: 72, 20, -44, -7, -11, 0, 1, 20, 20, 44
target_str: 8, 49, -51, -31, -7, -2, -5, 2, 13, 23
mse: 0.011813965794655348
----------------------
pred_str: 45, 22, -1, -11, -12, -14, -16, -12, -13, -14
target_str: 29, -7, -21, -20, -26, -25, -24, -25, -27, -28
mse: 0.004628606001637356
----------------------
pred_str: -1, 2, -1, -1, -1, -1, 0, 1, 1, 2, 3 July 25, 1977 July 25, 1977 July 25, 1977
in 100, 100, 100, 100, 100, 100, 100, 100, 100, 100
target_str: 0, 5, 5, -11, 1, -23, 26, 87, -36, -6
mse: 0.01862279216293697
----------------------
pred_str: 13, 21, 19, 11, 1, 0, -3, -8, -12, -15
target_str: 14, 11, 8, 4, 5, -3, 23, 103, -5, -26
mse: 0.02472814388890624
----------------------
pred_str: -2, -2, -3, -2, -2, -2, -2, -2, -2, -2, -2
target_str: -2, -2, 0, 0, -2, -1, -2, -1, -2, -2
mse: 2.755122620022236e-05
----------------------
pred_str: -11, -10, -10, -11, -12, -13, -13, -13, -13, -14
target_str: 1, 4, 7, 13, 25, 35, 45, 38, 18, -3
mse: 0.021903224829176775
----------------------
pred_str: -18, -12, -12, -13, -15, -18, -21, -24, -25, -25
target_str: -12, -15, -7, -5, -22, -34, -18, -12, -27, -32
mse: 0.0011847027266095613
----------------------
pred_str: -4, 0, 1, 12, 18, 18, 12, 2, -12, -11
target_str: -1, 1, 9, -2, -9, -9, -11, -12, 10, 92
mse: 0.02488059400721414
----------------------
pred_str: 1, 11, 21, 32, 38, 39, 17, 0, -8, -9, -8
target_str: -1, 4, 9, 18, 26, 36, 40, 26, 3, -7
mse: 0.003445740023441143
----------------------
pred_str: -1, 2, 2, 3, 3, 3, 3, 3, 3, 3, 3 July 19, 19, 19, 19, 19, 19, 19, 19, 19, 19, 19
target_str: -10, -14, -25, -18, -35, 19, 42, -99, -43, -29
mse: 0.03356106700869753
----------------------
pred_str: 1, 1, 10, 21, 41, 67, 87, 77, 51, 19
Ћ, -24, -28, -25, -20, -19, -16, -18, -18, -17, -14
-14, -15, -15, -14, -13, -12, -13, -12, -13, -12
-12, -12, -12, -12, -12, -11, -12, -12, -13, -12
-12, -12, -12, -12, -12, -12, -12, -12, -12, -12
-12, -12, -12, -12, -12, -12, -12, -12, -12, -12
-12, -12, -12, -12, -12, -12, -12, -12, -12, -12
-12, -12, -12, -12, -12, -12, -12, -12, -12, -12
-12, -12, -12, -12, -12, -12, -12, -12, -12, -12
-12, -12, -12, -12, -12, -12, -12, -12, -12, -12
-12, -12, -12, -12, -12, -12, -12, -12, -12, -12
-12, -12, -12, -12, -12, -12, -12, -12, -12, -12
-12, -12, -12, -12, -12, -12, -12, -12,
target_str: 0, 4, 13, 27, 49, 70, 75, 59, 23, -1
mse: 0.0035063527210816314
----------------------
pred_str: 72, -1, -11, -10, -8, -8, -7, -9, -8, -8, -7
target_str: 34, 14, 0, -10, -11, -9, -11, -10, -5, -6
mse: 0.003361249596427129
----------------------
pred_str: -2, 0, 4, 9, 14, 18, 13, 5, 0, -2
target_str: -1, -2, 1, 6, 14, 16, 12, 4, -1, -3
mse: 5.69392008137929e-05
----------------------
pred_str: -8, -8, -9, -10, -11, -12, -13, -12, -13, -12
target_str: -9, -11, -10, -5, -5, 0, -3, -12, -10, -17
mse: 0.0006428619446718551
----------------------
pred_str: -11, -24, -20, -12, -16, -10, -14, -12, -22, -27
target_str: -16, 72, -56, -26, -25, -19, -12, -13, -4, 9
mse: 0.022996090135118934
----------------------
pred_str: 1, -12, -20, -14, -7, -11, -16, -112, -13, -14
target_str: -5, -14, -16, -5, 83, -41, -55, -10, -15, -6
mse: 0.03881049397404655
----------------------
pred_str: 1, 3, 9, 14, 23, 33, 38, 33, 19, 5
target_str: -2, 2, 9, 19, 31, 36, 35, 19, 4, -4
mse: 0.0011369472678625096
----------------------
pred_str: -11, -10, -11, -13, -14, -13, -11, -14, -13, -12
target_str: -11, -12, -7, -11, -10, -5, -11, -6, -5, 0
mse: 0.0006906174034189069
----------------------
pred_str: -13, -11, -16, -14, -17, -13, -18, -15, -11, -16
target_str: -28, -10, -8, -3, 0, 3, 22, 31, 42, 73
mse: 0.028289599062388315
----------------------
pred_str: -11, -13, -13, -12, -12, -13, -14, -13, -13, -13
target_str: 2, -5, -4, -8, -8, -8, -9, -2, 3, 3
mse: 0.0018900141173352532
----------------------
pred_str: 4, 1, 14, 12, 17, 22, 30, 44, 56, 53, 17 the ECG data : 20, 43, 63, 50, 41, 17, 25, 12, 2, 56, 112 the ECG data : -1, -3, 1, 11, 11, 17, 23, 37, 50, 52, 15 the ECG data : 24, 47, 67, 54, 44, 17, 29, 13, 4, 114, 143 the ECG data : -2, -3, 1, 10, 10, 17, 24, 37, 49, 49
target_str: -19, -10, -5, -8, 7, -85, -67, 1, -12, 7
mse: 0.05686205738043226
----------------------
pred_str: -7, -8, -9, -11, -10, -10, -11, -10, -10, -10
target_str: -7, -6, -3, -4, -7, -6, -7, -7, -6, -7
mse: 0.0003012267397890979
----------------------
pred_str: 0, 1, -1, -2, -3, -3, -3, -2, -2, -2
target_str: -1, -3, -7, -23, -9, -13, 83, 24, -43, 0
mse: 0.019078305769447308
----------------------
