pred_str: -12, -11, -10, -11, -8, -16, -11, -13, -14, -15, -14, -14, -13, -14, -14, -14, -14, -14, -14, -14, -14, -14, -14, -14, -14, -14, -14, -14, -14, -14, -14, -14, -14, -14, -14, -14, -14, -14, -14, -14, -14, -14, -14, -14, -14, -14, -14, -14, -14, -14, -14, -14, -14, -14, -14, -14, -14, -14, -14, -14, -14, -14, -14, -14, -14, -14, -14, -14, -14, -14, -14, -14, -14, -14, -14, -14, -14, -14, -14, -14, -14, -14, -14, -14, -14, -14, -14, -14, -14, -14, -14, -14, -14, -14, -14, -14, -14, -14, -14, -14, -14, -14, -14, -14, -14, -14, -14, -14, -14, -14, -14, -14, -14, -14, -14, -14, -14, -14, -14, -14, -14, -14, -14, -14, -14, -14, -14, -14, -
target_str: 1, 4, 7, 13, 25
mse: 0.004891003498228763
----------------------
pred_str: -2, -1, -1, -1, -1, -1, -1, -1, -1, -1, -1, -1, -1, -1, -1, -1, -1, -1, -1, -1, -1, -1, -1, -1, -1, -1, -1, -1, -1, -1, -1, -1, -1, -1, -1, -1, -1, -1, -1, -1, -1, -1, -1, -1, -1, -1, -1, -1, -1, -1, -1, -1, -1, -1, -1, -1, -1, -1, -1, -1, -1, -1, -1, -1, -1, -1, -1, -1, -1, -1, -1, -1, -1, -1, -1, -1, -1, -1, -1, -1, -1, -1, -1, -1, -1, -1, -1, -1, -1, -1, -1, -1, -1, -1, -1, -1, -1, -1, -1, -1, -1, -1, -1, -1, -1, -1, -1, -1, -1, -1, -1, -1, -1, -1, -1, -1, -1, -1, -1, -1, -1, -1, -1, -1, -1, -1, -1, -1, -1, -1, -1, -1, -1, -1, -1, -1, -1, -1, -1, -1, -1, -1, -1, -1, -1, -1, -1, -1, -1, -1, -1, -1, -1, -1, -1, -1, -1, -1, -1, -1, -1, -1, -1, -1, -1, -1, -1, -1, -1, -1, -1
target_str: -19, -10, -5, -8, 7
mse: 0.0010394423959182934
----------------------
pred_str: -5, -4, -3, -1, 0, 3, 11, 21, 30, 26, 13, 1, -3, -6, -6, -7, -7, -8, -6, -9, -6, -5, -7, -7, -8, -8, -9, -7, -8, -7, -6, -6, -5, -1, 8, 5, -3, -9, -2, -15, 21
target_str: 92, -15, -4, -9, -6
mse: 0.020061863156491142
----------------------
pred_str: -3, -3, -2, -3, -5, -3, -5, -4, -3, -3, -2, -2, -3, -5, -5, -5, -4, -4, -3, -2, -3, -3, -5, -3, -3, -2, -2, -2, -3, -5, -5, -5, -4, -4, -3, -3, -3, -3, -3, -3, -3, -3, -3, -3, -3, -3, -3, -3, -3, -3, -3, -3, -3, -3, -3, -3, -3, -3, -3, -3, -3, -3, -3, -3, -3, -3, -3, -3, -3, -3, -3, -3, -3, -3, -3, -3, -3, -3, -3, -3, -3, -3, -3, -3, -3, -3, -3, -3, -3, -3, -3, -3, -3, -3, -3, -3, -3, -3, -3, -3, -3, -3, -3, -3, -3, -3, -3, -3, -3, -3, -3, -3, -3, -3, -3, -3, -3, -3, -3, -3, -3, -3, -3, -3, -3, -3, -3, -3, -3, -3, -3, -3, -3, -3, -3, -3, -3, -3, -3, -3, -3, -3, -3, -3, -3, -3, -3, -3, -3, -3, -3, -3, -3, -3, -3, -3, -3, -3, -3, -3, -3, -3, -3, -3, -3, -3, -3, -3, -3, -3, -3
target_str: -7, -6, -3, -3, -4
mse: 5.624237412784353e-05
----------------------
pred_str: -11, -13, -17, -18, -10, -10
target_str: -11, -5, -18, -18, -21
mse: 0.0003874474662140329
----------------------
pred_str: -15, -16, -13, 70, 78, -23, -6, -9, -8, -12, -6, 4, -2, 0, 15, 41, 35, 7, -4, 3, 0, -14, -8, -13, 0, -2, -4, -5, -14, -2
target_str: -7, -8, -9, -8, 7
mse: 0.023473900520246987
----------------------
pred_str: -12, -19, -15, -10, -8, -5, -10, -8, -6, -9, -15, -16, -19, -15, -18, -15, -10, -2, 7, -4, -8, -9, -5, -12, -5, 13, 100
target_str: -21, -45, -11, -17, -5
mse: 0.0017310152926014056
----------------------
pred_str: -1, 2, 11, 10, 2, 3, 2, 4, 0, 1, 2, 3, 4, 11, 2, 2, 3, 4, 2, 3, 4, 5, 6, 7, 8, 9, 10, 11, 12, 13, 14, 15, 16, 17, 18, 19, 20, 21, 22, 23, 24, 25, 26, 27, 28, 29, 30, 31, 32, 33, 34, 35, 36, 37, 38, 39, 40, 41, 42, 43, 44, 45, 46, 47, 48, 49, 50, 51, 52, 53, 54, 55, 56, 57, 58, 59, 60, 61, 62, 63, 64, 65, 66, 67, 68, 69, 70, 71, 72, 73, 74, 75, 76, 77, 78, 79, 80, 81, 82, 83, 84, 85, 86, 87, 88, 89, 90, 91, 92, 93, 94, 95, 96, 97, 98, 99, 100, 101, 102, 103, 104, 105, 106, 107, 108, 109, 110, 111, 12, 13, 14
target_str: 34, 14, 0, -10, -11
mse: 0.004289001789971474
----------------------
pred_str: -3, -3, -4, -1, 0, 4, 10, -2, -8, -8, -7, -14, 9, 100, -15, -11, -5, -5, -3, -2, 0, 2, 9, 17, 24, 22, 11, 0, -6, -5, -9, -9, -8, -9, -8, -8, -7, -7, 2, 5, -4, -7, -11, -5, -16, 10, 88, -19, -14, -10, -9, -10, -5, -6, -3, 1, 11, 17, 15, 2, -2, -4, -7, -6, -5, -6, -5, -2, -5, -1, -5, -1, -2, -4, 3, 9, 4, 14, 18, 13, 5, -2, -1, -4, -4, -2, -7, -4, -4, -6, -4, -4, -6, -6, -4, 2, 3, -7, -5, -12, -2, -19, 45, 37, -27, -3, -9, -1, -6
target_str: -1, -2, 1, 6, 14
mse: 0.0005728389957465543
----------------------
pred_str: -12, -28, 0, -49, -67, -23, -28, -12, -14, 7, 0
target_str: -12, -15, -7, -5, -22
mse: 0.008705069684454001
----------------------
pred_str: -14, -12, -15, -12, -15, -10, -11, -12, -14
target_str: -11, -12, -7, -11, -10
mse: 0.00020622203846875947
----------------------
pred_str: -8, -4, -4, -2, 0, -14, -15, -16, -18, -221, -23, -25, -27, -29, -30, -30, -30, -30, -30, -30, -30, -30, -30, -30, -30, -30, -30, -30, -30, -30, -30, -30, -30, -30, -30, -30, -30, -30, -30, -30, -30, -30, -30, -30, -30, -30, -30, -30, -30, -30, -30, -30, -30, -30, -30, -30, -30, -30, -30, -30, -30, -30, -30, -30, -30, -30, -30, -30, -30, -30, -30, -30, -30, -30, -30, -30, -30, -30, -30, -30, -30, -30, -30, -30, -30, -30, -30, -30, -30, -30, -30, -30, -30, -30, -30, -30, -30, -30, -30, -30, -30, -30, -30, -30, -30, -30, -30, -30, -30, -30, -30, -30, -30, -30, -30, -30, -30, -30, -30, -30, -30, -30, -30, -30, -30, -30, -30, -30, -30,
target_str: 2, -5, -4, -8, -8
mse: 0.00041869322961839064
----------------------
pred_str: -10, -11, -11, -12, -11, -13, -11, -11, -11, -11, -11, -11, -11, -11, -11, -11, -11, -11, -11, -11, -11, -11, -11, -11, -11, -11, -11, -11, -11, -11, -11, -11, -11, -11, -11, -11, -11, -11, -11, -11, -11, -11, -11, -11, -11, -11, -11, -11, -11, -11, -11, -11, -11, -11, -11, -11, -11, -11, -11, -11, -11, -11, -11, -11, -11, -11, -11, -11, -11, -11, -11, -11, -11, -11, -11, -11, -11, -11, -11, -11, -11, -11, -11, -11, -11, -11, -11, -11, -11, -11, -11, -11, -11, -11, -11, -11, -11, -11, -11, -11, -11, -11, -11, -11, -11, -11, -11, -11, -11, -11, -11, -11, -11, -11, -11, -11, -11, -11, -11, -11, -11, -11, -11, -11, -11, -11, -11, -11,
target_str: -9, -11, -10, -5, -5
mse: 0.00018122542774527353
----------------------
pred_str: -15, -10, -7, -5, -4, -6, -4, -4, -5, -7, -10, -7, -4, -15, 32, 100, -21, -15, -8, -5, -4
target_str: -2, 2, 9, 19, 31
mse: 0.004936830617888487
----------------------
pred_str: -1, -1, -5, -5, -4, -8, -16, -13, -12, -12, -13, -9, -4, -7, -5, -4, -4, -7
target_str: -4, -2, -3, -1, 7
mse: 0.00031454068493719895
----------------------
pred_str: -12, -13, -17, -16, -13, -10, 1, 14, 30, 35, 25, 7
target_str: 14, 11, 8, 4, 5
mse: 0.005418015374315592
----------------------
pred_str: -4, -5, -2, -2, -2, -4, -3, -5, -4, -2, -3, -5, -3, -5, -2, -4, -5, -4, -2, -3, -4, -3, -5, -3, -2, -2, -2, -2, -2, -2, -2, -2, -2, -2, -2, -2, -2, -2, -2, -2, -2, -2, -2, -2, -2, -2, -2, -2, -2, -2, -2, -2, -2, -2, -2, -2, -2, -2, -2, -2, -2, -2, -2, -2, -2, -2, -2, -2, -2, -2, -2, -2, -2, -2, -2, -2, -2, -2, -2, -2, -2, -2, -2, -2, -2, -2, -2, -2, -2, -2, -2, -2, -2, -2, -2, -2, -2, -2, -2, -2, -2, -2, -2, -2, -2, -2, -2, -2, -2, -2, -2, -2, -2, -2, -2, -2, -2, -2, -2, -2, -2, -2, -2, -2, -2, -2, -2, -2, -2, -2, -2, -2, -2, -2, -2, -2, -2, -2, -2, -2, -2, -2, -2, -2, -2, -2, -2, -2, -2, -2, -2, -2, -2, -2, -2, -2, -2, -2, -2, -2, -2, -2, -2, -2, -2, -2, -2, -2, -2, -2, -2
target_str: -2, -2, 0, 0, -2
mse: 4.374406876610052e-05
----------------------
pred_str: -4, -11, -14, -9, -7, -16, -20, -17, -14, -19, -19, -14, -17, -1, 12, 14, -24, -2, -49, 65, 57, -71, -6, -24, -4, -11, 2, 16, 34, 54, 61, 71
target_str: 29, -7, -21, -20, -26
mse: 0.0034078712619685916
----------------------
pred_str: -16, -18, -21, -25, -29, -21
target_str: -6, -9, -10, -8, 3
mse: 0.0033641271932024915
----------------------
pred_str: -92, -92, -92, -92, -92
target_str: -92, -92, -92, -92, -92
mse: 0.0
----------------------
pred_str: -21, -20, -21, -20, -19, -17, -16, -16, -17, -16, -16, -17, -17, -17, -17, -17, -17, -17, -17, -17, -17, -17, -17, -17, -17, -17, -17, -17, -17, -17, -17, -17, -17, -17, -17, -17, -17, -17, -17, -17, -17, -17, -17, -17, -17, -17, -17, -17, -17, -17, -17, -17, -17, -17, -17, -17, -17, -17, -17, -17, -17, -17, -17, -17, -17, -17, -17, -17, -17, -17, -17, -17, -17, -17, -17, -17, -17, -17, -17, -17, -17, -17, -17, -17, -17, -17, -17, -17, -17, -17, -17, -17, -17, -17, -17, -17, -17, -17, -17, -17, -17, -17, -17, -17, -17, -17, -17, -17, -17, -17, -17, -17, -17, -17, -17, -17, -17, -17, -17, -17, -17, -17, -17, -17, -17, -17, -17, -17,
target_str: 8, 49, -51, -31, -7
mse: 0.014096005397152483
----------------------
pred_str: -10, -11, -11, -11, -12, -13, -11, -12, -11, -12, -13, -11, -11, -11, -12, -11, -11, -12, -11, -11, -12, -11, -11, -11, -11, -11, -11, -11, -11, -11, -11, -11, -11, -11, -11, -11, -11, -11, -11, -11, -11, -11, -11, -11, -11, -11, -11, -11, -11, -11, -11, -11, -11, -11, -11, -11, -11, -11, -11, -11, -11, -11, -11, -11, -11, -11, -11, -11, -11, -11, -11, -11, -11, -11, -11, -11, -11, -11, -11, -11, -11, -11, -11, -11, -11, -11, -11, -11, -11, -11, -11, -11, -11, -11, -11, -11, -11, -11, -11, -11, -11, -11, -11, -11, -11, -11, -11, -11, -11, -11, -11, -11, -11, -11, -11, -11, -11, -11, -11, -11, -11, -11, -11, -11, -11, -11, -11, -11,
target_str: -1, 4, 9, 18, 26
mse: 0.006230405222828888
----------------------
pred_str: -9, -4, -6, -5, -4, -5, -7, -4, -6, -8, -5, -8, -7, -9, -1, 0, 9, 16, 22, 23, 13, 2, -9, -7, -9, -7, -7, -4, -7, -8, -7, -5, -5, -4, -5, 0, -9, -12, -23, 52, 62, -34, -4, -12, -7, -6, -6, -6, 4, 15, 23, 20, 20, 8
target_str: -7, -8, -9, -4, -3
mse: 6.457457770233887e-05
----------------------
pred_str: -14, -15, -14, -14, -17
target_str: -14, -16, -14, -12, -14
mse: 2.9162712510733675e-05
----------------------
pred_str: -5, -4, -4, -3, -5, -4, -3, -5, -5, -3, -4, -5, -4, -3, -3, -5, -5, -4, -5, -3, -3, -4, -4, -3, -4, -5, -4, -3, -5, -3, -4, -4, -4, -4, -4, -4, -4, -3, -3, -5, -5, -3, -5, -4, -4, -3, -3, -4, -5, -3, -4, -5, -3, -4, -3, -4, -3, -4, -3, -5, -5, -3, -4, -5, -4, -4, -4, -4, -4, -4, -3, -4, -3, -4, -5, -3, -4, -4, -4, -4, -4, -4, -4, -4, -4, -4, -4, -4, -4, -4, -3, -4, -4, -3, -3, -3, -3, -3, -3, -4, -3, -4, -4, -4, -4, -4, -4, -4, -4, -4, -4, -4, -3, -4, -3, -3, -3, -3, -3, -3, -4, -4, -3, -4, -4, -3, -4, -3, -4, -3, -3, -4, -4, -3, -4, -4, -4, -4, -4, -4, -4, -4, -4, -4, -4, -4, -4, -4, -4, -4, -4, -4, -4, -4, -4, -4, -4, -4, -4, -4, -4, -4, -4, -4, -4, -4, -4, -4, -4, -4, -4
target_str: -15, -4, -8, -3, -3
mse: 0.00024996610723486006
----------------------
