pred_str: 88, 87, 47, 14, -4, -14, -28, -27, -14, -22, -17, -22, -12, -11, -15, -2, 12, -13, 16, 19, 2, -1, -24, -32, -25, -22, 16, -43, -27, -26, -17, -19, -19, 0, -13, 0, -13, -2, -16, -18, -13, -19, -15, -13, -16, -16, 0
target_str: -12, -15, -7, -5, -22, -34, -18, -12, -27, -32, -48, -22, -21, -40, -32, -29, -6, -29, -28, -7, -2, -3, -38, -28, -27
mse: 0.01707998434670414
----------------------
pred_str: -1, -5, -5, -3, -1, 0, -1, 0, 5, 17, 27, 26, 19, 2, -2, -4, -4, -4, -3, -4, -4, -4, -4, -3, -3, -3, -3, -4, -3, -4, -3, -3, -4, -4, -3, -3
target_str: 92, -15, -4, -9, -6, -7, -4, -2, 0, 3, 13, 22, 30, 29, 16, 5, -1, -5, -6, -6, -7, -5, -6, -6, -6
mse: 0.005787829220652809
----------------------
pred_str: -1, 0, 3, 21, 40, 30, 11, 0, -11, -14, -10, -13, -14, -11, -12, 2, -1, 2, 14, 50, 44, 15
target_str: -7, -8, -9, -8, 7, 9, -6, -20, -11, -13, -8, -17, 73, 45, -25, -5, -16, -11, -10, -4, 2, -2, 5, 22, 41
mse: 0.012199910933548217
----------------------
pred_str: -17, -17, -19, -18, -18, -18, -19, -20, -19, -18, -14, -10, -23, 18, 62, -37, -6, 0, -3, -2, 0, 5, 11, 20, 39, 47, 40, 12, -5, -15, -20, -15, -14, -16, -17, -19, -19, -18, -16, -13, -11, -3, -26, -27, -34, -25
target_str: -16, 72, -56, -26, -25, -19, -12, -13, -4, 9, 28, 39, 33, 7, -17, -26, -29, -26, -25, -21, -19, -16, -7, -1, -3
mse: 0.016149875393196823
----------------------
pred_str: -1, -11, -14, -13, -14, -14, -14, -13, -13, -13, -13, -13, -13, -13, -13, -12, -12, -12, -12, -12, -12, -12, -12, -12, -12, -12, -12, -12, -12, -12
target_str: -2, -6, -2, -3, -3, -4, -3, -4, -4, -5, -2, -6, -6, -7, -4, -10, -7, -11, -6, -6, -6, -10, -4, -8, -8
mse: 0.0007698205406520124
----------------------
pred_str: -15, -15, -13, -15, -15, -16, -15, -14, -15, -16, -16, -16, -16, -16, -17, -16, -16, -16, -16, -16, -17, -16, -16, -17, -17, -16, -17, -17, -17, -17, -17
target_str: -1, 4, 9, 18, 26, 36, 40, 26, 3, -7, -11, -11, -10, -11, -9, -9, -8, -7, -10, -11, -12, -10, -9, -11, -13
mse: 0.006617076417771583
----------------------
pred_str: -1, -1, -1, -1, -1, -1, -1, -1, -1, -1, -1, -1, -1, -1, -1, -1, -1
target_str: -9, -8, -10, -10, -13, -11, -8, -7, -11, -12, -14, -11, -9, -11, -3, -11, -13, -14, -8, -22, 54, 90, -13, -3, -10
mse: 0.007384170965007691
----------------------
pred_str: -10, -11, -9, -11, -10, -10, -10, -9, -9, -9, -11, -9, -9, -9, -9, -9, -10, -9, -9, -9, -9, -9, -9
target_str: -7, -6, -3, -4, -7, -6, -7, -7, -6, -7, -7, -7, -7, -3, 3, 7, -4, -6, -7, -11, -2, 96, -2, -15, -2
mse: 0.006561466152087091
----------------------
pred_str: -1, -10, -13, -14, -14, -14, -14, -14, -14, -15, -15, -16, -17, -16, -18, -16, -16, -17, -17, -18, -18, -18
target_str: -9, -11, -10, -5, -5, 0, -3, -12, -10, -17, -9, -26, 41, 65, -31, -5, -12, 0, -3, -1, 3, 12, 17, 30, 36
mse: 0.008474568331370313
----------------------
pred_str: -1, -1, -1, -1, -1, -2, -2, -3, -2, -2, -2, -2, -2, -2, -2, -2, -2, -2, -2, -2, -2, -2, -2, -2, -2, -2
target_str: -10, -14, -25, -18, -35, 19, 42, -99, -43, -29, -23, -22, -17, -9, 8, 31, 43, 29, 3, -17, -18, -24, -31, -24, -25
mse: 0.013307209459089461
----------------------
pred_str: -1, -10, -14, -16, -18, -20, -21, -21, -19, -18, -16, -15, -12, -10, -10, -10, -12, -11, -13, -12, -12, -12, -10, -10, -11, -12, -13
target_str: -15, -4, -8, -3, -3, 6, 16, 33, 37, 27, 5, -5, -6, -9, -8, -6, -3, -1, -4, -5, -6, -4, -5, -3, 9
mse: 0.006687952246585154
----------------------
pred_str: -16, -16, -14, -14, -14, -13, -13, -13, -12, -13, -13, -12, -12, -13, -12, -11, -11, -11, -12, -12
target_str: -11, -12, -7, -11, -10, -5, -11, -6, -5, 0, 6, 17, -7, -3, -10, 0, -9, 78, 80, -36, 5, -4, 5, 6, 2
mse: 0.01034405461599903
----------------------
pred_str: -1, -7, -14, -14, -14, -14, -13, -13, -13, -13, -13, -13, -13, -13, -13, -13, -13, -13, -13, -13, -13, -13, -13, -13, -13, -13, -13, -13
target_str: -12, -19, -17, -18, -17, -17, -15, -10, -11, -9, -13, -13, -11, -10, -12, -10, -9, -7, -3, -3, -6, -10, -1, -21, 59
mse: 0.0033071752121778385
----------------------
pred_str: -1, -10, -15, -14, -12, -10, -8, -7, -5, -5, -4, -6, -4, -4, -4, -2, -1, 10, 5, -13, -8, -16, -3, -19, 69, 51, -22, -1, -11, -3, -4, -3, -3, 3, 5, 14, 23, 21, 10, 0, -4, -9, -12, -15, -11, -10, -9, -7, -7, -5, -7, -8, -5, -6, -7, -7, -5
target_str: -1, 1, 9, -2, -9, -9, -11, -12, 10, 92, 4, -10, -8, -9, -4, -4, 0, -1, 4, 9, 16, 21, 19, 9, -3
mse: 0.010712063727146417
----------------------
pred_str: -3, -3, -4, -4, -4, -4, -4, -5, -6, -6, -5, -6, -6, -6, -5, -5, -6, -7, -7, -6, -6, -5, -5, -4, -4, -4, -3, -3, -2, -3
target_str: -2, 2, 9, 19, 31, 36, 35, 19, 4, -4, -6, -9, -8, -10, -9, -10, -9, -10, -9, -10, -10, -9, -10, -9, -10
mse: 0.003258652529374702
----------------------
pred_str: -13, -12, -14, -11, -12, -10, -7, 1, 2, 2, 6, 11, 42, -38, -11, -10, -9, -7, -3, 0, 0, 5, 11, 24, 37, 51, 55, 45, 17, -1, -6, -6, -5, -5, -3, -2, -2, -3, -5, -6, -5, -4, -6, -6, -6, -5
target_str: -1, -3, -7, -23, -9, -13, 83, 24, -43, 0, -17, -2, -7, 1, 6, 19, 33, 42, 46, 33, 12, -5, -12, -8, -6
mse: 0.015344616938138024
----------------------
pred_str: -1, -12, -12, -11, -12, -12, -11, -11, -10, -11, -12, -13, -12, -12, -12, -12, -12, -11, -12, -12, -12, -13, -12, -12
target_str: 21, 105, -6, -3, -3, -3, -1, 2, 9, 14, 18, 31, 41, 39, 22, 3, -7, -2, -6, -9, -3, -7, 2, -6, -7
mse: 0.014102109139167816
----------------------
pred_str: -13, -13, -12, -11, -11, -11, -11, -10, -10, -11, -11, -11, -12, -12, -11, -10, -11, -10, -12, -11, -13, -12, -11
target_str: 1, 4, 7, 13, 25, 35, 45, 38, 18, -3, -11, -11, -15, -10, -15, -11, -12, -11, -10, -11, -14, -10, -12, -17, -12
mse: 0.006322669128853674
----------------------
pred_str: -24, 17, 22, 19, 21, 23, 24, 25, 24, 22, 22, 21, 20, 19, 18, 17, 16, 15, 14, 13, 12, 11, 10, 10, 9, 9, 8, 8, 7, 7, 7, 7, 7, 7, 7, 6, 6, 6, 6
target_str: 20, 24, 33, 43, 52, 48, 34, 23, 23, 21, 9, -2, -7, -14, -17, -20, -24, -26, -26, -28, -30, -31, -30, -26, -31
mse: 0.013122932304174178
----------------------
pred_str: -1, -12, -23, -28, 37, 46, -51, -7, -12, -1, 16, 12, 26, 42, 56, 79, 91, 84, 73, 25, -11, -18, -26, -14, -17, -19, -21, -19, -12, -16, -18, -27, -27, -14, -14, -15, -16, -23, -22, -15, -16, -20
target_str: 8, 49, -51, -31, -7, -2, -5, 2, 13, 23, 38, 51, 85, 85, 69, 28, -8, -19, -30, -28, -25, -14, -21, -17, -21
mse: 0.030764471294555073
----------------------
pred_str: -2, -6, -7, -7, -7, -7, -6, -7, -7, -6, -6, -6, -6, -6, -6, -6, -6, -6, -6, -5, -6, -6, -6, -6, -6
target_str: -7, -6, -3, -3, -4, -5, -11, -5, -20, 75, 72, -17, 1, -9, -3, -3, 0, 5, 11, 17, 22, 17, 3, -4, -5
mse: 0.008417322469636276
----------------------
pred_str: -4, -4, -4, -4, -4, -4, -4, -4, -4, -4, -4, -4, -4, -4, -4, -4, -4, -4, -4, -4, -4, -4, -4, -4, -4, -4, -4, -4, -4, -4, -4, -4
target_str: -2, -2, 0, 0, -2, -1, -2, -1, -2, -2, -3, -3, -4, -4, -2, 0, 4, -2, -2, -10, 0, -22, 17, 112, 21
mse: 0.008213963360809646
----------------------
pred_str: -15, -15, -18, -13, -14, -10, -9, -10, -3, -2, 1, 3, 8, 16, 18, 49, 62, 57, 34, -2, -11, -16, -15, -13, -12, -11, -11, -11, -11
target_str: -11, -5, -18, -18, -21, -9, -16, -33, -26, -26, -24, -15, -28, 48, 96, -16, -13, -12, -10, -12, -7, -6, 0, 12, 32
mse: 0.01677903467358806
----------------------
pred_str: -1, -3, -3, -6, -6, -7, -6, -6, -7, -7, -7, -6, -5, -5, -5, -6, -5, -6, -7, -6, -6, -7, -6, -5, -5, -6, -5
target_str: -5, -6, -9, -8, -6, -2, 1, -9, -13, -14, -19, -13, -24, 94, 27, -29, -4, -16, -6, -6, -1, 1, 14, 26, 32
mse: 0.00821178256607692
----------------------
pred_str: 69, 69, 53, 26, -5, -6, -11, -17, -13, -17, -14, -13, -15, -16, -15, -13, -16, -14, -16, -13, -11, 5, 15, -20, -11, -43, 10, 96, -61, -18, -18, -10, -14, -15, -14, -11, -13, -13, -13, -11, -11
target_str: 29, -7, -21, -20, -26, -25, -24, -25, -27, -28, -34, -32, -33, -31, -27, -25, -28, -36, -21, -4, 8, -4, -26, -12, -20
mse: 0.011405556452153047
----------------------
