pred_str: -15, -16, -13, -12, -10, -10, -10, -10, -10, -10
target_str: -6, -9, -10, -8, 3, -1, 0, -16, -10, -22
mse: 0.0012581726631434877
----------------------
pred_str: 0, -9, -10, -10, -10, -10, -10, -10, -10, -10
target_str: -12, -19, -17, -18, -17, -17, -15, -10, -11, -9
mse: 0.0008853127352338116
----------------------
pred_str: -26, -22, -26, -22, -23, -26, -22, -21, -20, -19
target_str: 8, 49, -51, -31, -7, -2, -5, 2, 13, 23
mse: 0.02094995240264908
----------------------
pred_str: 37, -10, -14, -18, -14, -19, -16, -16, -18, -17
target_str: 29, -7, -21, -20, -26, -25, -24, -25, -27, -28
mse: 0.0011993967139163463
----------------------
pred_str: -5, -5, -5, -5, -5, -5, -5, -5, -5, -5
target_str: 0, 5, 5, -11, 1, -23, 26, 87, -36, -6
mse: 0.020218926534136518
----------------------
pred_str: 12, 12, 12, 12, 12, 12, 12, 12, 12, 12
target_str: 14, 11, 8, 4, 5, -3, 23, 103, -5, -26
mse: 0.019274837849675562
----------------------
pred_str: -3, -3, -3, -2, -3, -3, -2, -2, -2, -2
target_str: -2, -2, 0, 0, -2, -1, -2, -1, -2, -2
mse: 3.8571716680311296e-05
----------------------
pred_str: -1, 0, -5, -5, -6, -7, -7, -8, -8, -8
target_str: 1, 4, 7, 13, 25, 35, 45, 38, 18, -3
mse: 0.016042160642182803
----------------------
pred_str: -18, -15, 0, -2, -16, -17, -15, -14, -13, -16
target_str: -12, -15, -7, -5, -22, -34, -18, -12, -27, -32
mse: 0.001623685597399771
----------------------
pred_str: -11, -12, -11, -10, -11, -10, -10, -10, -10, -10
target_str: -1, 1, 9, -2, -9, -9, -11, -12, 10, 92
mse: 0.021208933928931174
----------------------
pred_str: -7, -1, -6, -8, -10, -9, -11, -12, -12, -12
target_str: -1, 4, 9, 18, 26, 36, 40, 26, 3, -7
mse: 0.015755627889700495
----------------------
pred_str: 1, -16, -12, -12, -10, -10, -11, -10, -10, -11, -11
target_str: -10, -14, -25, -18, -35, 19, 42, -99, -43, -29
mse: 0.025602436133659968
----------------------
pred_str: -1, 2, 7, 15, 33, 55, 77, 80, 66, 27, -10
target_str: 0, 4, 13, 27, 49, 70, 75, 59, 23, -1
mse: 0.006876786059575502
----------------------
pred_str: 43, 26, 5, -2, -10, -10, -10, -10, -9, -9, -8
target_str: 34, 14, 0, -10, -11, -9, -11, -10, -5, -6
mse: 0.0006281679573650697
----------------------
pred_str: -1, -4, 0, 3, 7, 12, 16, 12, 4, -2, -7
target_str: -1, -2, 1, 6, 14, 16, 12, 4, -1, -3
mse: 0.00033979845646940913
----------------------
pred_str: -9, -10, -11, -12, -11, -11, -12, -11, -13, -12
target_str: -9, -11, -10, -5, -5, 0, -3, -12, -10, -17
mse: 0.000595106485924803
----------------------
pred_str: 1, -19, -27, -25, -16, -20, -27, -23, -23, -21
target_str: -16, 72, -56, -26, -25, -19, -12, -13, -4, 9
mse: 0.020351172419897583
----------------------
pred_str: -11, -12, -13, -14, -13, -11, -11, -10, -11, -12
target_str: -5, -14, -16, -5, 83, -41, -55, -10, -15, -6
mse: 0.02247078008890135
----------------------
pred_str: -2, 1, 7, 13, 25, 35, 41, 35, 16, -6
target_str: -2, 2, 9, 19, 31, 36, 35, 19, 4, -4
mse: 0.0009514356781143457
----------------------
pred_str: -11, -10, -12, -12, -11, -11, -11, -10, -11, -11
target_str: -11, -12, -7, -11, -10, -5, -11, -6, -5, 0
mse: 0.0004408196192035578
----------------------
pred_str: 23, 24, -5, -17, -21, -24, -21, -22, -18, -18
target_str: -28, -10, -8, -3, 0, 3, 22, 31, 42, 73
mse: 0.03980417486566791
----------------------
pred_str: -14, -12, -13, -14, -12, -12, -13, -13, -13, -13
target_str: 2, -5, -4, -8, -8, -8, -9, -2, 3, 3
mse: 0.0020259334999230168
----------------------
pred_str: 1, 14, 17, 23, 12, 9, 2, -2, -4, -3, -1
target_str: -19, -10, -5, -8, 7, -85, -67, 1, -12, 7
mse: 0.029784712270853712
----------------------
pred_str: -7, -7, -7, -8, -8, -7, -8, -8, -8, -7
target_str: -7, -6, -3, -4, -7, -6, -7, -7, -6, -7
mse: 7.530668494727446e-05
----------------------
pred_str: 1, -4, -12, -11, -14, -12, -12, -12, -13, -13
target_str: -1, -3, -7, -23, -9, -13, 83, 24, -43, 0
mse: 0.021287914110705138
----------------------
