pred_str: -20, -10, -24, -20, -12, -15, -12, -10, -23, -10, -14, -22, -11, -18, -13, -12, -14, -13, -20, -15, -10, 1, -3, -10, -11, -10, -2, -2, -16
target_str: -12, -15, -7, -5, -22, -34, -18, -12, -27, -32, -48, -22, -21, -40, -32, -29, -6, -29, -28, -7, -2, -3, -38, -28, -27
mse: 0.0034494720684881608
----------------------
pred_str: -19, 13, -1, -7, -4, -2, -1, 0, 7, 19, 29, 24, 19, 4, -3, -5, -5, -4, -4, -4, -4, -5, -4, -4, -4, -5, -4, -5, -5, -4, -5, -5, -4, -6, -5, -5, -5
target_str: 92, -15, -4, -9, -6, -7, -4, -2, 0, 3, 13, 22, 30, 29, 16, 5, -1, -5, -6, -6, -7, -5, -6, -6, -6
mse: 0.008165985876689692
----------------------
pred_str: -3, -11, -14, -10, -12, -9, -12, -9, -1, -5, 0, 0, 1, 2, 16, 29, 40, 4, -9, -8, -12, -10, -11, -10, -11, -13, -7, -12, -12, -13, -13, -14, -13, -15, -15, 1, 3, 2, -11, -19, -21, -13, -15, 85, 68, -23, -11, -11, -10, -11, -8, 0, 1, 21, 41, 32, 10, 4, -3, -10, -10, -9, -10, -7, -9, -10, -10, -13, -12, -12, -12, -12, -12, -14, -15, -15, -16, -16, -16, -16, 2, -2, -13, -18, -22, -17, -17, 96, 52, -18, -16, -15, -14, -14, -10, -1, -3, -5, -1, 2, 1, 1, 17, 22, 29, 2, 3, -11, -12, -11, -11, -10, -11, -12, -10, -13, -13, -14, -13, -13, -13, -14, -16, -15, -16, 0, -2, -14, -17, -21, -16, -16, 82, 62, -21, -15, -15, -
target_str: -7, -8, -9, -8, 7, 9, -6, -20, -11, -13, -8, -17, 73, 45, -25, -5, -16, -11, -10, -4, 2, -2, 5, 22, 41
mse: 0.010306981105542703
----------------------
pred_str: -26, -26, -17, -25, -18, -11, -12, -10, -16, -16, -15, -13, -12, -8, -11, -11, -11, -12, -13, -11, -14, -13, -14, -14, -14, -13, -12, -14, -12, -12, -15, -15
target_str: -16, 72, -56, -26, -25, -19, -12, -13, -4, 9, 28, 39, 33, 7, -17, -26, -29, -26, -25, -21, -19, -16, -7, -1, -3
mse: 0.011077346844877895
----------------------
pred_str: -5, -13, -16, -13, -15, -17, -16, -14, -13, -16, -14, -14, -14, -15, -14, -15, -14, -13, -14, -14, -16, -15, -16, -16, -15, -15
target_str: -2, -6, -2, -3, -3, -4, -3, -4, -4, -5, -2, -6, -6, -7, -4, -10, -7, -11, -6, -6, -6, -10, -4, -8, -8
mse: 0.0011787195530379964
----------------------
pred_str: -1, 1, 7, 15, 25, 37, 33, 22, 1, -9, -10, -10, -8, -9, -9, -9, -11, -11, -12, -11, -12, -11, -10, -11, -13, -12, -10, -6, -2, 1, -9, -17, -4, -25, 85, 1, -21, 4, -12, -10
The next time the ECG data are calculated, the values for ECG the data given the ECG data : -1, 0, 9, 14, 24, 35, 33, 23, 1, -8, -10, -10, -10, -9, -9, -10, -11, -11, -11, -11, -12, -11, -12, -12, -13, -12, -11, -10, -4, 1, -9, -17, -3, -24, 89, 0, -21, 3, -12, -11, -11
target_str: -1, 4, 9, 18, 26, 36, 40, 26, 3, -7, -11, -11, -10, -11, -9, -9, -8, -7, -10, -11, -12, -10, -9, -11, -13
mse: 7.5237418279021e-05
----------------------
pred_str: -13, -13, -15, -12, -13, -14, -16, -17, -16, -15, -15, -15, -16, -15, -13, -15, -14, -16, -16, -12, -15, -14, -14, -15, -10, -15, -12, -12, -15, -14
The ECG data for 04/02/2018 : -12, -11, -11, -12, -11, -11, -11, -11, -10, -12, -11, -10, -12, -11, -10, -11, -11, -12, -12, -10, -13, -10, -12, -13, -11, -13, -12, -11, -13, -11, -10, -12, -13, -13, -10, -11, -10, -13, -10, -10, -11, -12, -10, -12, -11, -10, -11, -13, -11, -12, -11, -13, -13, -11, -12, -11, -13, -12, -11, -11, -12, -12, -11, -10, -12, -11, -12, -12, -10, -12, -11, -12, -11, -10, -12, -11, -10, -11, -13, -10, -11, -12, -11, -10, -12, -10, -11, -10, -12, -11, -10, -10, -11, -12
target_str: -9, -8, -10, -10, -13, -11, -8, -7, -11, -12, -14, -11, -9, -11, -3, -11, -13, -14, -8, -22, 54, 90, -13, -3, -10
mse: 0.008922721648945352
----------------------
pred_str: -6, -8, -9, -7, -8, -7, -8, -7, -7, -6, -6, -7, -7, -8, -7, -7, -7, -6, -6, -6, -6, -6, -6, -6, -6, -6, -6, -5, -5, -5, -5, -6
target_str: -7, -6, -3, -4, -7, -6, -7, -7, -6, -7, -7, -7, -7, -3, 3, 7, -4, -6, -7, -11, -2, 96, -2, -15, -2
mse: 0.005967199587419458
----------------------
pred_str: -9, -10, -10, -9, -11, -11, -13, -16, -19, -20, -19, -20, -22, -21, -21, -20, -19, -17, -14, -12, -10, -11, -11, -11, -10, -11, -12, -11, -12
100, 1, -22, -8, -10, -3, -5, 0, 6, 12, 27, 40, 41, 26, 6, -4, -7, -10, -7, -5, -6, -6, -7, -7, -8, -8, -8, -8, -7, -7, -6, -6, -5, -4, -4, -5, -4, -4, -4, -3
target_str: -9, -11, -10, -5, -5, 0, -3, -12, -10, -17, -9, -26, 41, 65, -31, -5, -12, 0, -3, -1, 3, 12, 17, 30, 36
mse: 0.0098490142116704
----------------------
pred_str: -1, -1, -4, -6, -1, -1, 0, -3, -10, -15, -23, -53, -26, -41, -41, -45, -44, -42, -38, -30, -12, 0, -14, -22, -21, -18, -16, -11, -10, -9, -8, -6, -4, 1, 2, 4, 8, 12, 18, 21, 18, 13, 10, 7, 5, 2, 1, 0, -1, -2, -4, -10, -13, -20, -10, -23, -22, -24, -22, -24, -23, -24, -24, -25, -25, -25, -24, -25, -25, -24, -24, -25, -25, -25
The ECG data given the ECG data : -25, -25, -24, -24, -24, -24, -24, -24, -24, -24, -24, -24, -24, -24, -24, -24, -24, -24, -24, -24, -24, -24, -24, -24, -24, -24, -24, -24, -24, -24, -24, -24, -24, -24, -24, -24, -24, -24, -24, -24, -24, -24, -24, -24, -24, -24, -24, -24, -24, -24, -24, -24, -24, -24, -24, -24, -24, -24
target_str: -10, -14, -25, -18, -35, 19, 42, -99, -43, -29, -23, -22, -17, -9, 8, 31, 43, 29, 3, -17, -18, -24, -31, -24, -25
mse: 0.021960602958543247
----------------------
pred_str: -13, -10, -11, -14, -11, -12, -13, -10, -10, -11, -10, -12, -10, -11, -10, -9, -9, -9, -9, -10, -9, -8, -8, -8, -7, -7, -7, -7, -6, -6
target_str: -15, -4, -8, -3, -3, 6, 16, 33, 37, 27, 5, -5, -6, -9, -8, -6, -3, -1, -4, -5, -6, -4, -5, -3, 9
mse: 0.0041833094960502075
----------------------
pred_str: -11, -13, -11, -11, -13, -11, -13, -11, -13, -14, -13, -13, -11, -12, -12, -12, -11, -10, -10, -11, -12, -12, -12, -12, -12, -12, -13
Tags: Edward, EG, EG data, for 11 February 2021, -13, -12, -12, -12, -13, -13, -12, -13, -12, -12, -12, -13, -12, -13, -13, -12, -12, -12, -12, -12, -12, -12, -12
target_str: -11, -12, -7, -11, -10, -5, -11, -6, -5, 0, 6, 17, -7, -3, -10, 0, -9, 78, 80, -36, 5, -4, 5, 6, 2
mse: 0.010627012732570131
----------------------
pred_str: -1, 0, -10, -12, -12, -13, -13, -13, -14, -13, -12, -15, -15, -16, -15, -16, -16, -16, -16, -16, -17, -17, -17, -17, -17, -17, -17, -18, -19, -18, -20, 85, -48, -75, -12, -10, 0, 1, 7, 14, 33, 50, 57, 45, 20, 1, -5, -10, -11, -11, -11, -10, -11, -11, -11, -10, -13, -13, -13, -13, -13, -14, -13, -14, -14, -14, -13, -12, -12, -13, -12, -13
The ECG data for the current week: -12, -13, -13, -14, -13, -13, -13, -12, -12, -12, -12, -13, -13, -13, -13, -13, -13, -13, -13, -13, -13, -13, -13, -13, -13, -13, -13, -13, -13, -13, -13, -13, -13, -13, -13, -13, -13, -13, -13, -13, -13
target_str: -12, -19, -17, -18, -17, -17, -15, -10, -11, -9, -13, -13, -11, -10, -12, -10, -9, -7, -3, -3, -6, -10, -1, -21, 59
mse: 0.004053007010769873
----------------------
pred_str: -3, -2, 1, 7, 16, 18, 15, 7, -1, -8, -13, -10, -10, -9, -8, -7, -7, -7, -6, -6, -4, -4, 1, 3, -10, -10, -14, -13, -20, 68, 38, -22, -10, -10, -6, -4, -2, 0, 3, 10, 21, 18, 12, 1, 1, -7, -10, -14, -10, -9, -6, -6, -5, -5, -4, -5, -5, -5, -5, -4, 1, 1, -8, -8, -11, -14, -16, 69, 43, -21, -7, -10, -3, -5, -3, 0, 2, 7, 13, 18, 18, 10, 1, -4, -6, -10, -9, -11, -6, -4, -6, -4, -5, -5, -5, -5, 0, -3, 6, 2, -8, -10, -13, -17, 72, 48, -25, -9, -12, -5, -3, -3, 0, 2, 8, 17, 18, 12, 0, -2, -6, -9, -11, -11, -7, -7, -7, -6, -6, -6, -5, -5, -4, -3, -2, -1, -1, 0, 3, -6, -8, -12, -17, -16, 71, 42, -24, -10, -10, -4, -3, -2,
target_str: -1, 1, 9, -2, -9, -9, -11, -12, 10, 92, 4, -10, -8, -9, -4, -4, 0, -1, 4, 9, 16, 21, 19, 9, -3
mse: 0.00808638686894522
----------------------
pred_str: -4, -3, -4, -4, -4, -4, -5, -5, -5, -5, -5, -4, -5, -4, -4, -5, -5, -5, -5, -5, -5, -5, -6, -6, -5, -5, -5, -5, -5, -4
target_str: -2, 2, 9, 19, 31, 36, 35, 19, 4, -4, -6, -9, -8, -10, -9, -10, -9, -10, -9, -10, -10, -9, -10, -9, -10
mse: 0.003327892762138728
----------------------
pred_str: -10, -10, -9, -10, -12, -12, -16, -14, -13, -10, -4, 4, 11, 26, 43, 55, 48, 23, 12, -7, -12, -11, -10, -10, -9, -10, -11, -10, -13, -11, -10, -12, -11, -13, -13, -13, -12, -12
The ECG data for 17-January-2018 : -12, -12, -11, -12, -13, -14, -16, -15, -14, -4, 4, 13, 27, 47, 57, 46, 22, 6, -9, -13, -11, -10, -11, -10, -12, -13, -13, -14, -13, -13, -13, -13, -14, -13, -12, -13, -12, -12, -12
target_str: -1, -3, -7, -23, -9, -13, 83, 24, -43, 0, -17, -2, -7, 1, 6, 19, 33, 42, 46, 33, 12, -5, -12, -8, -6
mse: 0.011093702805373336
----------------------
pred_str: -19, -17, 87, 42, -16, -18, -11, -13, -11, -10, -10, -11, -9, -13, -9, -12, -11, -11, -13, -10, -13, -14, -11, -14, -13, -10, -14, -11, -14
target_str: 21, 105, -6, -3, -3, -3, -1, 2, 9, 14, 18, 31, 41, 39, 22, 3, -7, -2, -6, -9, -3, -7, 2, -6, -7
mse: 0.020911640692102402
----------------------
pred_str: -1, -4, -3, -2, -3, -3, -3, -4, -4, -4, -5, -5, -5, -5, -5, -5, -4, -4, -4, -4, -4, -4, -5, -5, -4, -5, -4, -5, -5, -4
target_str: 1, 4, 7, 13, 25, 35, 45, 38, 18, -3, -11, -11, -15, -10, -15, -11, -12, -11, -10, -11, -14, -10, -12, -17, -12
mse: 0.004415018936402264
----------------------
pred_str: 18, 20, 20, 20, 20, 20, 20, 20, 20, 20, 20, 20, 20, 20, 20, 20, 20, 20, 20, 20, 20, 20, 20, 20, 20, 20, 20, 20, 20, 20, 20, 20, 20, 20, 20, 20, 20, 20, 20, 20, 20, 20, 20, 20, 20, 20, 20, 20, 20, 20, 20, 20, 20, 20, 20, 20, 20, 20, 20, 20, 20, 20, 20, 20, 20, 20, 20, 20, 20, 20, 20, 20, 20, 20, 20, 20, 20, 20, 20, 20, 20, 20, 20, 20, 20, 20, 20, 20, 20, 20, 20, 20, 20, 20, 20, 20, 20, 20, 20, 20, 20, 20, 20, 20, 20, 20, 20, 20, 20, 20, 20, 20, 20, 20, 20, 20, 20, 20, 20, 20, 20, 20, 20, 20, 20, 20, 20, 20, 
target_str: 20, 24, 33, 43, 52, 48, 34, 23, 23, 21, 9, -2, -7, -14, -17, -20, -24, -26, -26, -28, -30, -31, -30, -26, -31
mse: 0.01580530982542623
----------------------
pred_str: -33, -29, -12, -13, -11, -17, -23, -23, -18, -15, -19, -17, -21, -18, -17, -19, -15, -13, -18, -22, -22, -14, -17, -23
target_str: 8, 49, -51, -31, -7, -2, -5, 2, 13, 23, 38, 51, 85, 85, 69, 28, -8, -19, -30, -28, -25, -14, -21, -17, -21
mse: 0.029056363820148024
----------------------
pred_str: -4, -7, -5, -6, -5, -4, -3, -3, -2, -2, 0, -2, -4, -7, -14, 100, 107, -25, -4, -9, -4, -4, 0, 3, 11, 17, 17, 8, -1, -6, -7, -7, -7, -7, -7, -7, -7, -7, -7, -6, -6, -7, -7, -6, -7, -7, -8, -5, -2, -2, -10, -15, 4, 77, 68, -14, -4, -8, -3, -3, 0, 3, 9, 16, 21, 14, 5, -2, -5, -7, -7, -7, -7, -6, -6, -6, -7, -7, -6, -7, -6, -6, -6, -6, -5, -6, -6
The EG for Thursday, January 12: The EG for Thursday, January 12, 2017
target_str: -7, -6, -3, -3, -4, -5, -11, -5, -20, 75, 72, -17, 1, -9, -3, -3, 0, 5, 11, 17, 22, 17, 3, -4, -5
mse: 0.0202786650209289
----------------------
pred_str: -4, -4, -4, -4, -4, -5, -3, -5, -3, -3, 0, 2, -4, -5, -6, -12, -8, 91, 29, -1, -11, -10, -9, -9, -9, -9, -9, -8, -7, -8, -8, -7, -6, -5, -6, -5, -5, -6, -4, -6, -6, -4, -3, -6, -4, -5, -2, -1, -4, -5, -11, -8, -13, 105, 31, -12, -6, -10, -10, -10, -9, -10, -10, -11, -11, -10, -10, -11, -11, -11, -10, -11, -11, -11, -12, -11, -11, -11, -11, -12, -12, -11
The next ECG data are : -12, -11, -11, -11, -11, -11, -12, -11, -12, -12, -12, -12, -12, -12, -12, -12, -12, -12, -12, -12, -12, -12, -12, -12, -12, -12, -12, -12, -12, -12, -12, -12, -12, -12, -12, -12, -12, -12, -12, -12, -12, -12, -12, -12, -12, -12, -12, -12, -12, -12, -12, -12, -12, -12, -12, -12,
target_str: -2, -2, 0, 0, -2, -1, -2, -1, -2, -2, -3, -3, -4, -4, -2, 0, 4, -2, -2, -10, 0, -22, 17, 112, 21
mse: 0.014497378184474267
----------------------
pred_str: -13, -11, -12, -10, -10, -7, -12, -20, -19, -18, -16, -16, -15, -14, -22, 49, 86, -15, -11, -12, -10, -6, 1, 11, 17, 26, 42, 60, 64, 66, 53, 29, -1, -13, -16, -16, -14, -12, -11, -10, -9, -6, -10, -18, -22, -21, -17, -13, -25, 37, 97, -18, -11, -14, -9, -1, 0, 6, 11, 18, 27, 43, 54, 59, 42, 3, -12, -16, -14, -14, -13, -13, -11, -11, -11, -10, -7, -10, -21, -22, -22, -16, -17, -16, -18, -18, 42, 98, -13, -11, -11, -10, -6, -1, 2, 9, 17, 26, 36, 49, 57, 59, 44, 3, -10, -16, -16, -14, -14, -13, -13, -13, -12, -11, -10, -10, -13, -23, -23, -19, -17, -16, -18, -18, -16, 40, 96, -14, -10, -10, -9, -6, -1,
target_str: -11, -5, -18, -18, -21, -9, -16, -33, -26, -26, -24, -15, -28, 48, 96, -16, -13, -12, -10, -12, -7, -6, 0, 12, 32
mse: 0.01790268915962474
----------------------
pred_str: -5, -6, -7, -7, -6, -7, -6, -6, -5, -4, -4, -4, -5, -4, -5, -5, -7, -6, -11, -13, -12, -18, 105, 56, -19, -15, -11, -8, -7, -6, -2, 1, 15, 27, 36, 34, 22, 2, -3, -7, -9, -9, -9, -7, -8, -8, -9, -8, -7, -4, -3, 0, -6, -11, -10, -18, -9, -27, 105, 73, -21, -13, -13, -9, -10, -8, -4, -1, 2, 16, 29, 35, 32, 16, 7, -3, -6, -6, -6, -5, -7, -7, -6, -6, -6, -6, -5, -6, -6, -6, -5, -6, -6, -5, -5, -5, -4, -6
The ECG data for the previous calculator : -4, -4, -6, -6, -6, -6, -5, -6, -5, -5, -4, -4, -4, -5, -4, -5, -6, -11, -12, -11, -18, 98, 43, -20, -12, -12, -9, -10, -7, -3, 0, 15, 29, 36, 31, 18, 7, -3, -6, -7, -7, -7, -7, -8, -8, -8, -8, -8, -8, -8, -8, -7, -7, -7,
target_str: -5, -6, -9, -8, -6, -2, 1, -9, -13, -14, -19, -13, -24, 94, 27, -29, -4, -16, -6, -6, -1, 1, 14, 26, 32
mse: 0.013395531645764836
----------------------
pred_str: -6, -12, -16, -19, -16, -14, -18, -21, -23, -23, -22, -23, -22, -19, -20, -17, -22, -1, 12, 10, -21, -22, -34, 88, 51, -54, -23, -18, -5, 1, 13, 25, 44, 60, 69, 59, 36, 14, -2, -15, -13, -9, -14, -12, -11, -13, -12, -13, -13, -13, -12, -12, -10, 2, 10, -19, -16, -44, 75, 36, -92, -15, -17, -13, -6, -3, 6, 13, 27, 43, 56, 63, 55, 37, 14, -3, -11, -11, -10, -12, -12, -12, -13, -12, -12, -11, -10, -10, 1, 7, -14, -23, -26, 92, 41, -57, -25, -19, -20, -7, -1, 1, 15, 28, 47, 61, 70, 53 Predicted the ECG data : -1, -12, -14, -12, -14, -13, -15, -18, -19, -20, -21, -20, -19, -18, -17, -15, -2, 11, 13, -18, -21, -33, 92,
target_str: 29, -7, -21, -20, -26, -25, -24, -25, -27, -28, -34, -32, -33, -31, -27, -25, -28, -36, -21, -4, 8, -4, -26, -12, -20
mse: 0.011454079134956184
----------------------
