pred_str: 15, -11, -13, -15, -14, -6, -11, -14, -15, -7, -11, -15, -12, -15, -13, -15, -15, -11, -14, -11, 1, 14, -10, -22, -11, -27, 23, 60, -42, -36, 22, -15, -11, -4, -15
target_str: -12, -15, -7, -5, -22, -34, -18, -12, -27, -32, -48, -22, -21, -40, -32, -29, -6, -29, -28, -7, -2, -3, -38, -28, -27
mse: 0.003937970088618617
----------------------
pred_str: 12, -12, -4, -5, -2, 0, 5, 13, 24, 27, 20, 3, -3, -5, -7, -7, -8, -7, -7, -7, -7, -7, -7, -8, -8, -7, -7, -7, -7
target_str: 92, -15, -4, -9, -6, -7, -4, -2, 0, 3, 13, 22, 30, 29, 16, 5, -1, -5, -6, -6, -7, -5, -6, -6, -6
mse: 0.006184733862008806
----------------------
pred_str: 10, -10, 13, 43, 76, -23, -10, -1, -12, -6, -5, 0, 1, 13, 39, 23, -7, -13, -6, -7, -6, -1, -10, -10, -11
target_str: -7, -8, -9, -8, 7, 9, -6, -20, -11, -13, -8, -17, 73, 45, -25, -5, -16, -11, -10, -4, 2, -2, 5, 22, 41
mse: 0.013686667742583656
----------------------
pred_str: 16, -29, -14, -22, -21, -19, -13, -12, -2, -14, 1, 21, -16, -18, -24, -27, -24, -20, -24, -17, -25, -19, -21, -17, -13, -10, -18, -23, -27, -29, 11, -30, -10, -21, -14, -13, -7, 0, 9, 15, 26, 41, 53, 41
target_str: -16, 72, -56, -26, -25, -19, -12, -13, -4, 9, 28, 39, 33, 7, -17, -26, -29, -26, -25, -21, -19, -16, -7, -1, -3
mse: 0.010009847823208889
----------------------
pred_str: -1, -13, -13, -12, -13, -13, -12, -11, -13, -13, -12, -13, -11, -11, -10, -13, -13, -11, -10, -11, -11, -10, -9, -10, -10, -9, -10, -9, -9
target_str: -2, -6, -2, -3, -3, -4, -3, -4, -4, -5, -2, -6, -6, -7, -4, -10, -7, -11, -6, -6, -6, -10, -4, -8, -8
mse: 0.0005877241804694542
----------------------
pred_str: 15, 12, 21, 26, 32, 30, 14, 0, -11, -11, -11, -10, -10, -9, -10, -10, -11, -11, -10, -10, -10, -12, -10, -11, -10, -7, 2, 0, -8, -13, -12, -23, 65, 3, -27, -2, -11, -4, -1, 0, 6, 10
target_str: -1, 4, 9, 18, 26, 36, 40, 26, 3, -7, -11, -11, -10, -11, -9, -9, -8, -7, -10, -11, -12, -10, -9, -11, -13
mse: 0.0012076150832466058
----------------------
pred_str: 12, -4, -11, -13, -13, -16, -14, -13, -15, -16, -17, -17, -17, -16, -16, -17, -15, -15, -14, -11, -10, -13, -12, -15, -13, -11, -10, -15, -16, -14, -16, -10, -15, -14, -11, -14, -11
target_str: -9, -8, -10, -10, -13, -11, -8, -7, -11, -12, -14, -11, -9, -11, -3, -11, -13, -14, -8, -22, 54, 90, -13, -3, -10
mse: 0.008699190188841015
----------------------
pred_str: -10, -8, -11, -9, -10, -10, -12, -10, -12, -12, -13, -12, -11, -9, 0, 5, -6, -11, -2, -21, 78, 37, -23, -3, -17, -4, -9, -5, -2, 4, 10, 21, 31, 30, 15, 0, -7, -9, -8, -12, -12, -11, -9, -9, -7, -8, -10, -10, -10, -10, -10, -10, -10, -9, -5, -2, 1, -1, -10, -4, -24, 103, 50
target_str: -7, -6, -3, -4, -7, -6, -7, -7, -6, -7, -7, -7, -7, -3, 3, 7, -4, -6, -7, -11, -2, 96, -2, -15, -2
mse: 0.006102408860848425
----------------------
pred_str: -11, -12, -12, -13, -11, -10, -6, -4, -1, -12, -13, -19, -18, -24, 86, 65, -32, -1, -15, -2, -5, 0, 5, 12, 24, 37, 45, 37
target_str: -9, -11, -10, -5, -5, 0, -3, -12, -10, -17, -9, -26, 41, 65, -31, -5, -12, 0, -3, -1, 3, 12, 17, 30, 36
mse: 0.017342770111997533
----------------------
pred_str: 1, -5, -17, 12, -71, -20, -35, -37, -41, -38, -32, -20, -10, 3, 10, 1, -10, -15, -11, -11, -11, -10, -13, -14, -12, -10, -11, -10, -10, -11, -12, -12, -11, -10, -11, -10
target_str: -10, -14, -25, -18, -35, 19, 42, -99, -43, -29, -23, -22, -17, -9, 8, 31, 43, 29, 3, -17, -18, -24, -31, -24, -25
mse: 0.011360850160132177
----------------------
pred_str: 13, -14, -13, -16, -14, -11, -5, 0, 16, 26, 35, 13, -4, -11, -13, -15, -13, -12, -12, -11, -13, -11, -12, -11, -10, -12, 0, 0, 1, -17, -1, -28, 56, 91, -42
target_str: -15, -4, -8, -3, -3, 6, 16, 33, 37, 27, 5, -5, -6, -9, -8, -6, -3, -1, -4, -5, -6, -4, -5, -3, 9
mse: 0.0031027257059848467
----------------------
pred_str: -13, -13, -10, -11, -9, -11, -7, 1, -10, -10, -14, -11, -12, -10, 61, 58, -30, -4, -13, -3, -7, -2, 4, 20, 40, 61, 53
target_str: -11, -12, -7, -11, -10, -5, -11, -6, -5, 0, 6, 17, -7, -3, -10, 0, -9, 78, 80, -36, 5, -4, 5, 6, 2
mse: 0.015590501544252794
----------------------
pred_str: -10, -13, -11, -13, -12, -11, -10, -12, -11, -14, -11, -10, -11, -12, -12, -9, -10, -11, -13, -13, -11, -12, -11, -10, -11, -13, -13, -10, -11, -11, -12, -10, -10, -13, -12, -10, -10, -12, -11, -10, -10, -13, -11, -10, -12, -10, -11, -12, -11, -13, -11, -11, -12, -12, -11, -10, -12, -10, -12, -12, -13, -12, -12, -11, -12, -11, -11, -11, -11, -11
target_str: -12, -19, -17, -18, -17, -17, -15, -10, -11, -9, -13, -13, -11, -10, -12, -10, -9, -7, -3, -3, -6, -10, -1, -21, 59
mse: 0.003053657824498528
----------------------
pred_str: 1, 11, 1, -11, -8, -16, -1, -19, 67, 60, -14, -4, -15, -5, -4, -4, 0, 5, 10, 18, 22, 16, 6, -6
target_str: -1, 1, 9, -2, -9, -9, -11, -12, 10, 92, 4, -10, -8, -9, -4, -4, 0, -1, 4, 9, 16, 21, 19, 9, -3
mse: 0.0031419800111739016
----------------------
pred_str: 0, 6, 13, 22, 31, 39, 35, 17, 1, -6, -8, -8, -9, -8, -7, -7, -7, -6, -6, -5, -5, -7, -7, -7, -7, -8, -8, -7, -10, -10, -9, -10, -13, 37, 84, -22, -13, -13, -7, -6, -1, 5, 12, 22, 33, 39, 39
target_str: -2, 2, 9, 19, 31, 36, 35, 19, 4, -4, -6, -9, -8, -10, -9, -10, -9, -10, -9, -10, -10, -9, -10, -9, -10
mse: 0.00010849453795308103
----------------------
pred_str: -1, 1, 0, 0, -12, -16, -23, 62, -33, -15, -13, -11, -5, 1, 10, 21, 36, 46, 44, 27, 5, -5, -10, -11, -10, -10, -10, -10, -11, -11, -12, -11, -10, -11, -6, -1, -13, -13, -15, 19, 78, -39, -13, -11, -12, -8, -1, 10, 21, 32
target_str: -1, -3, -7, -23, -9, -13, 83, 24, -43, 0, -17, -2, -7, 1, 6, 19, 33, 42, 46, 33, 12, -5, -12, -8, -6
mse: 0.00756790292123979
----------------------
pred_str: 15, 84, -13, -6, -8, -7, -3, 3, 11, 19, 29, 32, 18, 1, -5, -11, -9, -8, -6, -5, -3, -5, -5, -3, -4, -6, -3, -9, -9, -11, -11, -14, -12, -12, -5, -2, -6, -11, -16, -13, -18, -12, 67, -19, -10, -3, -14, -5, -4, 0, 7, 13, 21, 29, 31, 21, 1, -3, -11, -10, -10, -7, -10, -8, -5, -10, -7, -9, -11, -12
target_str: 21, 105, -6, -3, -3, -3, -1, 2, 9, 14, 18, 31, 41, 39, 22, 3, -7, -2, -6, -9, -3, -7, 2, -6, -7
mse: 0.002048311452712189
----------------------
pred_str: 1, -4, 10, 24, 36, 43, 41, 14, -1, -8, -13, -11, -7, -7, -8, -9, -8, -10, -11, -11, -12, -10, -12, -8, -12, -6, -1, 4, 0, -8, -12, -16, -18, -2, 102, -3, -14, -8, -1, -1, 1, 11, 27, 40, 45, 44, 19, -2, -7, -14, -12, -11, -9, -12, -12, -11, -10, -11, -10, -12, -12, -11, -11, -9, -9, -4, -4, -4
target_str: 1, 4, 7, 13, 25, 35, 45, 38, 18, -3, -11, -11, -15, -10, -15, -11, -12, -11, -10, -11, -14, -10, -12, -17, -12
mse: 0.0008668659062582861
----------------------
pred_str: 19, 20, 20, 22, 23, 20, 13, 5, 1, 0, -3, -11, -19, -10, -31, 75, 80, -21, -9, -21, -17, -19, -21, -22, -19, -19, -16, -14, -11, -8, -9
target_str: 20, 24, 33, 43, 52, 48, 34, 23, 23, 21, 9, -2, -7, -14, -17, -20, -24, -26, -26, -28, -30, -31, -30, -26, -31
mse: 0.013783167909506748
----------------------
pred_str: -24, -26, -11, -13, -20, -26, -24, -17, -14, -11, -17, -17, -14, -24, -13, -24, -15, -26, -16, -22, -14, -20, -27, -18, 3, 3, -21, -19, -29, 49
target_str: 8, 49, -51, -31, -7, -2, -5, 2, 13, 23, 38, 51, 85, 85, 69, 28, -8, -19, -30, -28, -25, -14, -21, -17, -21
mse: 0.028232568609861057
----------------------
pred_str: -10, -9, -10, -10, -10, -10, -10, -10, -10, -11, -10, -11, -10, -13, -12, -16, -1, 101, 31, -18, -2, -11, -3, 0, 1, 10, 19, 24, 15, -1, -7, -8, -7, -7, -7, -7, -7, -7
target_str: -7, -6, -3, -3, -4, -5, -11, -5, -20, 75, 72, -17, 1, -9, -3, -3, 0, 5, 11, 17, 22, 17, 3, -4, -5
mse: 0.01479451146680808
----------------------
pred_str: -3, -2, -3, -2, -2, -3, -2, -3, -3, -2, -3, -3, -2, -3, -2, 0, 1, -3, -2, -8, -2, -17, 90, 51, -6, -10, -8, -8, -8, -8, -7, -6, -2, 1, 8, 12, 8, 2, -3, -2, -2, -4, -3, -3, -3, -3, -3, -3, -3
target_str: -2, -2, 0, 0, -2, -1, -2, -1, -2, -2, -3, -3, -4, -4, -2, 0, 4, -2, -2, -10, 0, -22, 17, 112, 21
mse: 0.0053702070293359236
----------------------
pred_str: -11, -13, -11, -10, -10, -6, -6, -10, -20, -18, -17, -18, -18, 21, 96, -23, -10, -12, -15, -10, -7, 1, 16, 29, 58, 67, 54, 27, -5, -12, -18, -16, -13, -12, -10, -11, -7, -6, -1, 0, -12, -19, -17, -18, -17, -15, 21, 101, 20, -30, -14, -13, -11, -8, -4
target_str: -11, -5, -18, -18, -21, -9, -16, -33, -26, -26, -24, -15, -28, 48, 96, -16, -13, -12, -10, -12, -7, -6, 0, 12, 32
mse: 0.001788251680834703
----------------------
pred_str: -7, -8, -9, -10, -10, -10, -7, -5, -3, -1, -11, -11, -17, -11, -21, 10, 83, -24, -10, -12, -14, -10, -5, 0, 5, 19, 29, 36, 30, 15, -3, -7, -10, -11, -11, -10, -10, -9, -11, -11, -10, -10, -11, -8, -4, 0, -12, -12, -21, -17, -27
target_str: -5, -6, -9, -8, -6, -2, 1, -9, -13, -14, -19, -13, -24, 94, 27, -29, -4, -16, -6, -6, -1, 1, 14, 26, 32
mse: 0.013711201683326815
----------------------
pred_str: 11, -4, -9, -10, -10, -12, -12, -15, -13, -15, -16, -15, -14, -11, -12, 1, 15, -19, -20, -34, 45, 76, -53, -12, -19, -10, -6, 1, 16, 33, 54, 61, 74, 59
target_str: 29, -7, -21, -20, -26, -25, -24, -25, -27, -28, -34, -32, -33, -31, -27, -25, -28, -36, -21, -4, 8, -4, -26, -12, -20
mse: 0.008409144489388556
----------------------
