pred_str: 0, 8, 18, 31, 38, 42, 33, 12, 2, -7, -8, -7, -8, -8, -7, -9, -10, -12, -13, -12, -14, -11, -10, -11, -12, -12, -12, -10, -12, -11, -17, 48, 72, -30, -11, -12, -4, -3, 0, 7, 15, 27, 36, 43, 35, 14, 0, -3, -7, -6, -5, -6, -6, -6, -5, -6, -7, -8, -7, -6, -7, -6, -8, -7, -7
target_str: -2, 2, 9, 19, 31, 36, 35, 19, 4, -4, -6, -9, -8, -10, -9, -10, -9, -10, -9, -10, -10, -9, -10, -9, -10, -8, -9, -6, -8, -12, -11, -12, -10, -13, 8, 105, -1, -25, -5, -8, 0, -1, 1, 9, 17, 28, 35, 38, 25, 7
mse: 0.03335554899129203
----------------------
pred_str: -7, -8, -6, -7, -8, -9, -6, -4, -2, -2, -13, -6, -17, -1, -28, 45, 85, -21, -4, -12, -2, -5, -2, 1, 10, 25, 37, 33, 20, 2, -3, -9, -10, -12, -11, -10, -10, -10, -9, -11, -10, -9, -8, -3, -2, -12, -11, -18, -11, -23, 14, 86, -19, -10, -10, -8, -6, -3, 1, 12, 26, 34, 29, 10, 0, -5, -9, -11, -11, -10, -11
target_str: -5, -6, -9, -8, -6, -2, 1, -9, -13, -14, -19, -13, -24, 94, 27, -29, -4, -16, -6, -6, -1, 1, 14, 26, 32, 29, 14, -1, -8, -9, -7, -9, -9, -7, -9, -8, -10, -9, -12, -11, -8, -2, 0, -7, -14, -12, -19, -8, -24, 82
mse: 0.04097350699595129
----------------------
pred_str: -15, -11, -16, -13, -13, -15, -11, -10, -13, -16, -12, -15, -12, -8, -1, 0, -6, -8, -9, -8, -9, -10, -9, -11, -12, -11, -12, -13, -13, -12, -14, -15, -14, -14, -15, -12, -11, -13, -15, -12, -10, -5, 0, -1, -10, -8, -20, 65, 34, -10, -8, -10, -1, 0, 2, 10, 20, 29, 28, 16, 5, -2, -8, -9, -7, -8, -8, -6, -7, -7, -9, -7, -10, -10, -11, -11, -12, -10, -12, -9, -10, -11, -10, -10
target_str: -17, -9, -33, 32, 64, -16, -7, -13, -7, -7, -2, 2, 9, 21, 27, 21, 10, -1, -2, -4, -8, -5, 2, 0, 0, 3, 0, 0, -2, -2, 0, 4, 5, -4, -4, -4, -2, -14, 78, 35, -7, 0, -2, 1, 1, 1, 10, 17, 23, 25
mse: 0.029179604984616386
----------------------
pred_str: 1, 1, 1, 12, 17, 25, 37, 41, 26, 3, -7, -11, -11, -10, -10, -10, -12, -12, -12, -13, -14, -13, -12, -12, -10, -3, 2, 2, -7, -18, -6, -29, 94, 2, -30, -5, -8, -6, 0, 1, 10, 16, 28, 36, 38, 23, 0, -6, -11, -11, -10, -8, -8, -8, -9, -8, -10, -11, -10, -12, -12
target_str: -1, 4, 9, 18, 26, 36, 40, 26, 3, -7, -11, -11, -10, -11, -9, -9, -8, -7, -10, -11, -12, -10, -9, -11, -13, -10, -10, -8, 0, 5, 0, -16, -9, -17, 10, 99, -29, -12, -5, -2, 0, 4, 6, 12, 21, 31, 41, 37, 18, 0
mse: 0.03179153236849106
----------------------
pred_str: 41, 15, -3, -12, -16, -11, -17, -16, -16, -19, -21, -21, -21, -20, -20, -16, -12, 1, 21, 1, -21, -24, -29, 29, 89, -57, -13, -20, -11, -5, 1, 16, 27, 43, 66, 73, 63, 34, 5, -15, -18, -16, -19, -15, -17, -14, -19, -19, -19, -20, -18, -21
target_str: 29, -7, -21, -20, -26, -25, -24, -25, -27, -28, -34, -32, -33, -31, -27, -25, -28, -36, -21, -4, 8, -4, -26, -12, -20, 104, -30, -56, -2, -8, -2, 5, 17, 32, 42, 49, 59, 65, 55, 29, 12, -2, -5, -1, -4, -3, -7, -4, -6, -10
mse: 0.05640173621610355
----------------------
pred_str: 0, 0, 0, 0, 1, 1, 10, 24, 44, 45, 26, 8, -4, -7, -10, -12, -11, -10, -10, -9, -11, -7, -10, -11, -10, -9, -10, -9, -10, -11, -7, -4, -6, -13, -11, -10, -15, -18, 0, 76, -12, -17, -5, -12, -6, -8, -4, -3, 2, 11, 18, 36, 43, 35, 11, -5, -10, -11, -11, -10, -10, -10, -9, -9, -9, -10, -8, -10, -10, -10, -10, -9, -11, -10, -10, -10, -10, -10, -10, -11, -10, -11, -12, -11, -11, -10, -10, -12
target_str: -4, 0, 4, 16, 26, 37, 46, 26, 3, -5, -7, -6, -6, -12, -4, -6, -8, -7, -4, -3, -6, -11, -5, -9, -5, -7, -8, -2, 2, -3, -5, -9, -5, -16, -4, -20, 50, 72, -15, 1, -11, -5, -10, -2, -5, -3, 3, 12, 25, 36
mse: 0.02905597506336612
----------------------
pred_str: 38, 19, 1, -3, -8, -6, -7, -8, -6, -4, -6, -8, -7, -9, -10, -10, -11, -12, -10, -8, 0, 3, 0, -19, -9, -29, 44, 73, -30, -1, -12, -5, -8, -6, -4, 0, 5, 14, 29, 40, 39, 25, 7, -1, -7, -7, -9, -6, -7, -6, -8, -6, -7, -9, -10, -10, -10, -10, -11, 4, 4, -3, -23, -6, -29, 43, 70, -32, -1, -15, -5, -11, -5, -4, 0, 7, 17, 32, 41, 42, 27, 10, 0, -4, -6, -7, -6, -5, -7, -4, -5, -5, -5, -4, -3, -3, -1
target_str: 34, 14, 0, -10, -11, -9, -11, -10, -5, -6, -4, -7, -8, -8, -6, -10, -10, -10, -1, 6, -2, -15, -13, -17, 5, 87, -12, -11, -12, -11, -10, -5, -4, -6, 0, 7, 12, 24, 35, 34, 20, 4, -3, -9, -11, -11, -11, -10, -10, -8
mse: 0.026045684599907255
----------------------
pred_str: -1, -12, -18, -20, -20, -23, -23, -22, -22, -23, -24, -24, -24, -26, -24, -24, -24, -26, -26, -24, -27, -29, -27, -29, -27, -29, -25, -27, -25, -22, -13, -1, -10, -12, -14, -12, -12, 4, 77, 3, -10, -1, -8, -7, -6, 1, 2
target_str: -2, -6, -2, -3, -3, -4, -3, -4, -4, -5, -2, -6, -6, -7, -4, -10, -7, -11, -6, -6, -6, -10, -4, -8, -8, -4, -8, -10, -8, -5, -2, 2, 0, -5, -14, -10, -11, -10, -1, 81, 28, -11, -1, -6, 0, 0, 7, 7, 14, 21
mse: 0.024367849954367925
----------------------
pred_str: 0, 11, 1, -11, -11, -22, -17, 61, 59, -40, -1, -18, -5, -7, 1, 5, 22, 42, 58, 43, 17, -4, -16, -19, -16, -13, -11, -13, -12, -11, -12, -12, -11, -13, -13, -10, -11, -10, 0, 15, -10, -12, -22, -15, -15, 100, 39, -31, -1, -19, -2, -6, 1, 6, 34, 45, 59, 40, 14, -7, -17, -15, -13, -12, -10, -11, -11, -11, -12, -11, -13
target_str: -11, -12, -7, -11, -10, -5, -11, -6, -5, 0, 6, 17, -7, -3, -10, 0, -9, 78, 80, -36, 5, -4, 5, 6, 2, 11, 19, 35, 56, 76, 59, 26, 4, -11, -10, -4, -7, -10, -8, -12, -10, -10, -20, -16, -15, -23, -15, -24, -13, -8
mse: 0.06386564741412556
----------------------
pred_str: 0, -12, -16, -21, -19, -19, -19, -12, -11, -16, -21, -14, -11, -12, -10, -11, -11, -8, 1, 10, 10, 13, 17, 24, 28, 25, 25, 21, 15, 11, 11, 10, 9, 9, 10, 10, 10, 11, 10, 11, 12, 10, 10, 8, 8, 7, 5, 2, 2, 1, -1, -11, 11, 88, -12, -17, -22, -28, -30, -32, -33, -29, -19, -11, 0, -10, -17, -16, -16, -14, -13, -11, -12, -12, -11, -13, -13, -11, -12, -12, -13, -12, -13, -13, -12, -10, -13, -11, -12, -10, -13, -11, -10, -10, -8, -5, 2, 1, 1, 1, 1
target_str: -10, -14, -25, -18, -35, 19, 42, -99, -43, -29, -23, -22, -17, -9, 8, 31, 43, 29, 3, -17, -18, -24, -31, -24, -25, -30, -33, -35, -36, -35, -32, -23, -19, -12, -1, 5, 10, 8, 9, 19, 8, 114, 24, -40, 33, 25, 39, 40, 48, 53
mse: 0.0701472248414605
----------------------
pred_str: -17, -16, -10, -17, -13, -12, -15, -1, -12, -21, -16, -21, -25, -22, -18, -14, -10, -13, -19, -17, -11, -12, 3, -12, -20, -24, -23, -25, 42, 49, -35, -11, -18, -9, -3, 3, 11, 26, 47, 75, 89, 92, 57, 17, -1, -14, -14, -17, -16, -10, -17, -12, -13, -19, -22, -22, -20, -20
target_str: -37, -38, -42, -37, -19, 69, 0, -46, -21, -20, -13, -19, -4, 0, 15, 29, 59, 87, 83, 54, 15, -9, -10, -6, -17, -11, -4, -4, -6, -13, -6, -9, -18, -13, -10, -16, -7, 2, 1, -15, -16, -20, -26, 24, 88, -29, -19, -22, -14, -14
mse: 0.10248233638751227
----------------------
pred_str:  2, 1, 0, 2, 4, 10, 24, 39, 64, 79, 57, 26, 4, -1, -11, -14, -15, -14, -13, -10, -10, -7, -9, -7, -12, -10, -10, -13, -13, -15, -12, -11, -10, -11, -12, -13, -12, -11, -14, -15, -14, -13, -10, -10, -12, -13, -11, -13, -12, -13, -14, -14, -14
target_str: -21, -45, -11, -17, -5, -6, 3, 4, 17, 33, 63, 81, 84, 62, 22, 3, -7, -11, -8, -11, -5, -8, -7, -5, -5, -7, -9, -9, -17, -24, -19, -27, -21, -19, -24, -15, -15, -13, -6, -5, -18, -18, -17, -31, -22, -16, 70, 33, -70, -10
mse: 0.03735684120445541
----------------------
pred_str: -12, -11, -10, -9, -10, -15, -19, -12, -20, -16, -17, -16, 45, 77, -20, -15, -10, -10, -6, -13, -1, 10, 29, 49, 66, 60, 23, -3, -14, -16, -19, -16, -13, -12, -12, -9, -6, -5, -11, -16, -18, -18, -16, -15, 31, 97, -21, -11, -10, -9, -4, -16, 1, 13, 27, 54, 54, 37, 6, -9, -14, -15, -16, -17, -12, -9, -8, -11, -12, -11, -13, -16, -19
target_str: -11, -5, -18, -18, -21, -9, -16, -33, -26, -26, -24, -15, -28, 48, 96, -16, -13, -12, -10, -12, -7, -6, 0, 12, 32, 55, 61, 52, 25, 6, -3, -16, -13, -11, -10, -8, -11, -13, -11, -14, -15, -15, -10, -4, 3, -8, -16, -23, -16, -20
mse: 0.04263662379372273
----------------------
pred_str: -17, -16, -15, -14, -14, -11, -13, -14, -10, -9, -9, -12, -11, -10, -10, -10, -10, -10, -10, -12, -14, -17, -21, -14, -19, -12, 33, 62, -10, -11, -17, -18, -11, -5, 1, 8, 15, 28, 33, 27, 21, 1, 0, -3, -3, -2, -4, -2, -1, -2, -5, -5, -6, -5, -11, -6, -11, -1, -11, -11, -10, -12, -15, -12, -19, -11, -20, 18, 98, 3, -22, -12, -17, -15, -14, -11
target_str: -18, -10, -17, -8, -8, 2, 14, 19, 20, 15, -4, -16, -9, -13, -11, -15, -4, -5, -3, -5, -4, -6, -10, 2, -5, 0, 3, -6, -10, -6, -16, 20, 92, 5, -7, -6, 0, 5, -8, 6, 5, 16, 22, 38, 30, 15, 11, -6, -14, -17
mse: 0.029681974188426986
----------------------
pred_str: -7, -8, -7, -6, -6, -4, -3, -5, -4, -4, -4, -2, -4, -2, -2, -11, -1, 97, 32, -18, -4, -9, -4, -2, 0, 4, 10, 21, 19, 9, -2, -6, -8, -7, -7, -7, -7, -7, -6, -6, -6, -7, -7, -7, -7, -5, -5, -5, -8, -7, -10, -6, -24, 47, 96, -13, -4, -11, -4, -3, 0, 3, 11, 21, 25, 16, 7, -2, -6, -6, -7, -7, -7, -7, -7, -6, -6, -6, -6, -7, -7, -7, -6, -7, -5, -5, -5, -4, -4, -10, -3, 96, 31, -18, -5, -9, -3, -4, 1, 5, 13, 20, 18
target_str: -7, -6, -3, -3, -4, -5, -11, -5, -20, 75, 72, -17, 1, -9, -3, -3, 0, 5, 11, 17, 22, 17, 3, -4, -5, -6, -6, -6, -4, -6, -5, -7, -5, -5, -6, -6, -7, -6, -7, -7, -7, -8, -7, -7, -5, -5, -3, -6, -6, -10
mse: 0.02569441863318031
----------------------
pred_str: 0, -1, -1, -1, -4, -1, -3, -5, -5, -3, -1, 0, -4, -1, -4, -1, -1, -1, -2, 0, -1, -1, -2, -2, 3, 0, -1, 0, -2, -1, 24, 115, -22, -11, -13, -9, -5, -1, 1, 1, 15, 29, 34, 36, 24, 1, -8, -11, -12, -11, -14, -14, -11, -14, -11, -15, -14, -14, -14, -11, -12, -12
target_str: -9, -8, -10, -10, -13, -11, -8, -7, -11, -12, -14, -11, -9, -11, -3, -11, -13, -14, -8, -22, 54, 90, -13, -3, -10, 0, -3, -3, 3, 5, 19, 28, 36, 31, 10, -7, -6, -7, -11, -7, -7, -7, -6, -8, -5, -3, -5, -8, -3, -2
mse: 0.03286201049614216
----------------------
pred_str: 20, 19, 19, 14, 10, 4, -1, -1, -1, 0, 0, -2, 3, 6, 15, 16, 23, 23, 19, 15, 11, 9, 7, 1, -3, -12, -22, -23, -20, -28, -31, -32, -29, -31, -30, -29, -30, -26, -27, -25, -19, -14, -12, -18, -19, -14, -14, -16, -19, -12, -14, -15, -14, -22, -23, -35, 46, 90, -13, -1, -10, -10, -10, -4, 0, 3, 7, 12, 19, 23, 21, 12, 3, 2, 1, 2, 4, 2, 6, 6, 7, 7, 9, 9, 10, 11, 12, 11, 13, 12, 10, 8, 1, 1, -3, -10, -19, -19
target_str: 20, 24, 33, 43, 52, 48, 34, 23, 23, 21, 9, -2, -7, -14, -17, -20, -24, -26, -26, -28, -30, -31, -30, -26, -31, -30, -37, -28, -49, 61, 21, -40, -28, -38, -30, -34, -27, -27, -24, -16, -10, -3, -2, -6, -12, -16, -16, -14, -15, -12
mse: 0.03721653105573487
----------------------
pred_str: 2, 13, 29, 44, 63, 77, 61, 12, -11, -19, -18, -16, -15, -14, -16, -13, -16, -14, -14, -18, -13, -15, -22, -16, -17, -20, -14, -24, -24, -19, -27, -21, -25, -12, -31, -39, -28, 90, -29, -55, -10, -20, -12, -4, 5, 13, 26, 49, 66, 79, 72, 36, 4, -14, -21, -23, -19, -17, -15, -17, -18, -19, -16, -17, -17, -16, -20, -16, -18, -18, -15, -18, -19, -15, -20, -17, -22, -21, -20, -19, -27, -17, -29, -31, -12, 103, -12, -56, -6, -12
target_str: 0, 4, 13, 27, 49, 70, 75, 59, 23, -1, -15, -15, -12, -19, -13, -12, -11, -16, -11, -15, -11, -16, -17, -12, -5, 1, -8, -14, -20, -17, -22, -19, 122, -31, -46, -6, -12, 2, 1, 10, 12, 27, 41, 57, 79, 80, 47, 18, -4, -11
mse: 0.07425252317885031
----------------------
pred_str: 16, 10, -47, -11, -18, -1, 0, 15, 16, 35, 64, 88, 100, 90, 67, 17, -12, -15, -24, -23, -20, -19, -17, -17, -18, -19, -17, -15, -20, -19, -23, -15, -19, -17, -26, -22, -18, -20, -2, 3, -24, -21, -32, 39, 46, -52, -7, -13
target_str: 8, 49, -51, -31, -7, -2, -5, 2, 13, 23, 38, 51, 85, 85, 69, 28, -8, -19, -30, -28, -25, -14, -21, -17, -21, -16, -19, -30, -18, -21, -18, -19, -27, -19, -21, -3, -2, -18, -19, -26, 47, 43, -45, -3, -15, 7, 7, 17, 23, 28
mse: 0.02734576115273743
----------------------
pred_str: 99, 43, -27, -3, -15, -5, -11, -3, 4, 14, 22, 27, 35, 24, 10, -3, -9, -11, -11, -7, -8, -11, -7, -11, -11, -8, -12, -10, -11, -8, -11, -9, -9, -4, -4, -12, -13, -10, -17, 25, 113, -1, -8, -7, -5, -3, 0, 6, 13, 23, 27, 33, 22, 5, -1, -10, -10, -10, -7, -10, -8, -7, -8, -9, -10, -9, -11, -11, -8, -11, -10, -11, -8, -11, -11, -10, -11, -9, -1, -4, -12, -11, -15, -11, 100, 27, -22
target_str: 21, 105, -6, -3, -3, -3, -1, 2, 9, 14, 18, 31, 41, 39, 22, 3, -7, -2, -6, -9, -3, -7, 2, -6, -7, -7, -13, -11, -12, -12, -9, -16, -10, -11, -12, -11, -8, 4, -6, -15, -9, -20, -7, -33, 62, 71, -22, -4, -9, -2
mse: 0.04035339500999758
----------------------
pred_str: 4, 5, 10, 2, 0, -3, -4, 4, 21, 11, 23, 23, 37, 47, 34, 18, 2, -4, -7, -7, -5, -11, -2, -11, -10, -13, -11, -10, -10, -12, -10, -10, -9, 1, 4, -14, -1, -11, 20, -67, -84, 0, -10, 2, 11, 12, 11, 19, 40, 45, 44, 27, 11, -3, -7, -5, -5, -3, -2, -6, -4, -5, -1, -11, -2, 1, 4, -8, 1, -12, 11, 18, -47, -84, -4, -10, 1, 8, 10, 11, 15, 28, 39, 48, 37, 20, 7, -1, -6, -5, -4, -1, -5, -1, -11, -6, -1, -10, -10, -12, -12, -12
target_str: -19, -10, -5, -8, 7, -85, -67, 1, -12, 7, 4, 11, 12, 31, 34, 51, 39, 19, 1, 2, -8, -15, -1, 0, -4, -14, 5, -1, -3, -2, 5, 3, -7, -11, -7, 17, -60, -85, -8, -3, 7, 8, 13, 22, 30, 48, 50, 39, 29, 13
mse: 0.04668599430959453
----------------------
pred_str: 0, 1, -1, -6, -5, -3, -4, 1, 1, -1, 0, 0, -2, 0, 0, 1, 1, 2, 1, 1, 1, 1, 2, 2, 0, 0, 1, 1, 0, 0, 0, 0, 0, 0, 0, 0, 0, 0, 0, 0, 0, 0, 0, 0, 0, 0, 0, 0, 0, 0, 0, 0, 0, 0, 0, 0, 0, 0, 0, 0, 0, 0, 0, 0, 0, 0, 0, 0, 0, 0, 0, 0, 0, 0, 0, 0, 0, 0, 0, 0, 0, 0, 0, 0, 0, 0, 0, 0, 0, 0, 0, 0, 0, 0, 0, 0, 0, 0, 0, 0, 0, 0, 0, 0, 0, 0, 0, 0, 0, 0, 0, 0, 0, 0, 0, 0, 0, 0, 0, 0, 0, 0, 0, 0, 0, 0, 0, 0, 0, 0, 0, 0, 0, 0, 0, 0, 0, 0, 0, 0, 0, 0, 0, 0, 0, 0, 0, 0, 0, 0, 0, 0, 0, 0, 0, 0, 0, 0, 0, 0, 0, 0, 0, 0, 0, 0, 0, 0, 0, 0, 0,
target_str: -7, -8, -9, -8, 7, 9, -6, -20, -11, -13, -8, -17, 73, 45, -25, -5, -16, -11, -10, -4, 2, -2, 5, 22, 41, 31, 1, 3, 1, -8, -20, -7, -2, -8, -6, -9, -6, -3, -11, -2, -15, 6, 11, 5, -15, -25, 2, -12, -14, -4
mse: 0.01573632283342673
----------------------
pred_str: -15, -13, -13, -11, -2, 5, 16, 26, 60, 86, 98, 82, 49, 18, -5, -18, -13, -17, -13, -12, -12, -11, -12, -13, -12, -17, -16, -19, -19, -14, -19, -17, -15, -11, -14, -6, 1, -12, -16, -26, -24, 1, 40, -48, -11, -14, -9, -3, 3, 12, 20, 43, 76, 98, 99, 86, 61, 19, -11, -18, -16, -17, -14, -13, -13, -11, -16, -13, -14, -18, -17, -18, -19, -16, -18, -15, -17, -17, -10
target_str: -28, -10, -8, -3, 0, 3, 22, 31, 42, 73, 100, 98, 61, 30, -2, -12, -15, -12, -15, -16, -13, -6, -15, -15, -9, -20, -21, -14, -22, -16, -20, -19, -20, -11, -20, -10, 0, -3, -11, -33, -9, -31, 29, 3, -69, -5, -18, -4, -2, 5
mse: 0.009224165791061521
----------------------
pred_str: -5, -6, -7, -6, -7, -8, -9, -8, -7, -5, -5, -3, -1, -12, -20, 47, 84, -31, -3, -11, -9, -7, -3, 0, 10, 20, 24, 24, 10, 2, -10, -10, -10, -7, -8, -6, -5, -7, -8, -7, -8, -7, -5, -4, 0, -10, -15, -25, 35, 91, -21, -7, -13, -10, -7, -4, 0, 13, 19, 24, 24, 10, 1, -9, -10, -9, -7, -7, -6, -6, -6, -6, -7, -6, -6, -6, -5, -5, -5, -3, -5, -6, -10, -10, -23, 28, 84, -27, -4, -14, -10, -8, -6, 0, 11, 18, 23, 21, 10, 2, -10, -10, -9, -7, -8, -6, -6, -5, -6, -7
target_str: -7, -8, -9, -4, -3, -8, -5, -2, 0, -8, -10, -14, 99, 20, -23, -5, -14, -8, -1, -4, -2, 7, 14, 27, 24, 9, 0, -5, -4, -7, -8, -7, -6, -5, -3, -10, -9, -6, -5, -8, -5, 1, -8, -3, -26, 32, 94, -17, -7, -14
mse: 0.05381139500895511
----------------------
pred_str: -2, -2, 0, 0, 1, -2, -11, -25, -25, -29, -26, -15, -14, -11, -18, -20, -14, -11, -17, -18, -23, -13, -10, -1, -14, -25, -29, -28, -30, 103, -50, -31, -1, -11, 1, 4, 13, 22, 39, 58, 69, 71, 54, 11, -4, -14, -14, -13, -11, -10, -10, -12, -11, -13, -13, -13, -10, -13, -9, -14, -19
target_str: 2, -5, -4, -8, -8, -8, -9, -2, 3, 3, -1, -12, 1, -21, 30, 111, -74, -28, -10, 0, 0, 3, 9, 17, 39, 55, 64, 63, 21, -1, -17, -20, -25, -21, -17, -14, -16, -19, -20, -21, -17, -20, -20, -19, -2, -5, -17, -19, -25, -18
mse: 0.10351160454141331
----------------------
