pred_str: -15, -12, -10, -14, -17, -22, -29, -34, -41, -47, -52, -56, -58, -57, -52, -47, -41, -37, -31, -27, -22, -18, -12, -7, -2, -1, -10, -21, -36, -55, -83, -98, -75, -56, -45, -36, -29, -26, -23, -17, -12, -5, -1, 1, 3, 6, 10, 12, 10, 9, 8, 8, 7, 7, 7, 7, 7, 7, 7, 7, 7, 7, 7, 7, 7, 7, 7, 7, 7, 7, 7, 7, 7, 7, 7, 7, 7, 7, 7, 7, 7, 7, 7, 7, 7, 7, 7, 7, 7, 7, 7, 7, 7, 7, 7, 7, 7, 7, 7, 7, 7, 7, 7, 7, 7, 7, 7, 7, 7, 7, 7, 7, 7, 7, 7, 7, 7, 7, 7, 7, 7, 7, 7, 7, 7, 7, 7, 7, 7, 7, 7, 7, 7, 7, 7, 7, 7, 7, 7, 7, 7, 7, 7, 7, 7, 7, 7, 7, 7, 7, 7, 7, 7, 7, 7, 7, 7,
target_str: -22, -42, -67, -104, -94, -65, -52, -45, -37, -23, -13, -4, 3, 5, 1, 1, -2, -6, -7, -24, -51, -69, -98, -82, -51
mse: 9769.34164702539
----------------------
pred_str: 70, 71, 72, 72, 73, 74, 74, 75, 76, 76, 76, 77, 77, 78, 78, 79, 79, 80, 80, 81, 81, 82, 83, 83, 84, 85, 85, 86, 86, 87, 87, 88, 88, 89, 89, 90, 90, 91, 91, 92, 93, 93, 94, 95, 95, 96, 96, 97, 97, 98, 98, 99, 99, 100, 100, 101, 101, 102, 102, 103, 104, 104, 105, 106, 106, 107, 107, 108, 109, 109, 110, 110, 111, 111, 112, 113, 113, 114, 114, 115, 115, 116, 116, 117, 117, 118, 118, 119, 119, 120, 120, 121, 121, 122, 122, 123, 123, 124, 124, 125, 125, 126, 126, 127, 127, 128, 128, 129, 129, 130, 130, 131, 131, 
target_str: 74, 74, 80, 89, 93, 88, 82, 78, 76, 80, 80, 76, 73, 74, 75, 77, 77, 77, 77, 73, 71, 72, 75, 75, 76
mse: 260.3447044185013
----------------------
pred_str:  24, 22, 22, 21, 20, 20, 20, 19, 19, 18, 17, 16, 16, 16, 15, 14, 13, 12, 12, 12, 11, 11, 10, 10, 10, 9, 9, 9, 10, 11, 13, 15, 18, 21, 24, 26, 26, 26, 25, 23, 20, 18, 15, 13, 11, 10, 10, 10, 10, 11, 13, 16, 19, 22, 27, 32, 38, 45, 52, 59, 66, 72, 77, 78, 75, 72, 68, 63, 58, 53, 48, 43, 38, 34, 30, 27, 25, 24, 24, 24, 24, 24, 24, 24, 24, 24, 24, 24, 24, 24, 24, 24, 24, 24, 24, 24, 24, 24, 24, 24, 24, 24, 24, 24, 24, 24, 24, 24, 24, 24, 24, 24, 24, 24, 24, 24, 24, 24, 24, 24, 24, 24, 24, 24, 24, 24, 24, 24, 2
target_str: 19, 17, 17, 15, 12, 9, 6, 6, 5, 5, 7, 14, 29, 56, 91, 87, 60, 44, 35, 28, 21, 14, 6, -2, -11
mse: 3042.2813494493894
----------------------
pred_str: 9, -2, -1, -1, 1, 1, 1, 1, 1, 1, 1, 1, 1, 2, 2, 3, 3, 4, 4, 4, 4, 3, 2, 2, 2, 2, 2, 2, 2, 2, 2, 2, 2, 2, 2, 2, 2, 2, 2, 2, 2, 2, 2, 2, 2, 2, 2, 2, 2, 2, 2, 2, 2, 2, 2, 2, 2, 2, 2, 2, 2, 2, 2, 2, 2, 2, 2, 2, 2, 2, 2, 2, 2, 2, 2, 2, 2, 2, 2, 2, 2, 2, 2, 2, 2, 2, 2, 2, 2, 2, 2, 2, 2, 2, 2, 2, 2, 2, 2, 2, 2, 2, 2, 2, 2, 2, 2, 2, 2, 2, 2, 2, 2, 2, 2, 2, 2, 2, 2, 2, 2, 2, 2, 2, 2, 2, 2, 2, 2, 2, 2, 2, 2, 2, 2, 2, 2, 2, 2, 2, 2, 2, 2, 2, 2, 2, 2, 2, 2, 2, 2, 2, 2, 2, 2, 2, 2, 2, 2, 2, 2, 2, 2, 2, 2, 2, 2, 2, 2, 2, 2,
target_str: 34, 9, -15, -36, -53, -57, -54, -43, -29, -15, -1, 13, 29, 42, 57, 65, 67, 65, 54, 40, 19, -5, -31, -58, -78
mse: 7626.16714951663
----------------------
pred_str:  -14, -29, -44, -54, -59, -61, -54, -43, -31, -11,  0,  11,  22,  29,  37,  42,  49,  59,  68,  72,  74,  72,  68,  65,  59,  51,  43,  35,  28,  22,  13,  2,   -15, -30, -37, -37, -28, -13, -16, -31, -42, -43, -53, -67, -78, -84, -84, -78, -67, -53, -42, -37, -31, -16, 0,  12,  19,  16,  3,
target_str: 5, 24, 41, 54, 61, 67, 64, 45, 19, -9, -33, -48, -51, -48, -44, -44, -48, -50, -40, -19, 8, 34, 44, 35, 8
mse: 25646.633165398882
----------------------
pred_str: 44, 39, 31, 24, 18, 12, 6, 1, -2, -7, -13, -21, -33, -46, -61, -74, -79, -77, -68, -49, -25, -1, 0, 3, 10, 19, 28, 35, 35, 26, 7, -16, -40, -61, -74, -79, -77, -68, -49, -25, -1, 0, 3, 10, 19, 28, 35, 35, 26, 7, -16, -40, -61, -74, -79, -77, -68, -49, -25, -1, 0, 3, 10, 19, 28, 35, 35, 26, 7, -16, -40, -61, -74, -79, -77, -68, -49, -25, -1, 0, 3, 10, 19, 28, 35, 35, 26, 7, -16, -40, -61, -74, -79, -77, -68, -49, -25, -1, 0, 3, 10, 19, 28, 35, 35, 26, 7, -16, -40, -61, -74, -79, -77, -68, -49, -25, -1, 0, 3, 10, 19, 28, 35, 35, 26, 7, -16, -40, -61, -74, -79, -77, -68, -49, -25,
target_str: 38, 29, 20, 13, 4, -3, -12, -19, -24, -25, -19, -7, 7, 23, 34, 42, 45, 45, 43, 39, 32, 23, 9, -7, -29
mse: 14171.489627851022
----------------------
pred_str: -27, -44, -56, -63, -64, -64, -60, -55, -47, -37, -22, -7, 1, 18, 28, 39, 48, 51, 45, 31, 12, -5, -13, -24, -30, -33, -32, -27, -22, -10, 1, 17, 29, 40, 49, 50, 44, 33, 17, 4, -5, -12, -20, -25, -27, -25, -21, -14, -4, 4, 11, 22, 34, 45, 54, 60, 59, 52, 37, 15, -3, -11, -21, -29, -30, -29, -27, -24, -20, -15, -8, -4, 4, 14, 29, 44, 51, 50, 43, 28, 11, 1, 0, -1, 4, 10, 24, 40, 50, 54, 57, 57, 53, 46, 30, 12, -2, -7, -18, -27, -30, -30, -28, -25, -21, -14, -7, 1, 5, 10, 22, 33, 43, 51, 50, 44, 32, 18, 6, -4, -11, -21, -29, -30, -29, -28, -25, -22, -17, -11, -4, 3, 10, 24, 
target_str: -31, -30, -29, -20, -4, 17, 36, 47, 52, 51, 47, 38, 25, 7, -11, -24, -33, -36, -34, -31, -29, -28, -29, -29, -28
mse: 14584.338185949478
----------------------
pred_str:  24, 24, 27, 28, 25, 23, 24, 24, 22, 25, 27, 28, 32, 33, 34, 33, 31, 27, 21, 8, -3, -14, -28, -37, -41, -41, -42, -42, -40, -37, -32, -23, -10, 1, 14, 20, 29, 33, 37, 40, 40, 37, 33, 26, 18, 7, 0, -4, -13, -24, -31, -34, -29, -25, -23, -19, -15, -11, -7, -3, 1, 5, 14, 23, 31, 37, 40, 40, 37, 33, 27, 21, 8, -3, -10, -20, -31, -35, -34, -32, -27, -23, -22, -17, -12, -6, 1, 11, 22, 31, 37, 40, 40, 37, 33, 26, 18, 7, 0, -4, -10, -19, -28, -31, -34, -29, -25, -23, -19, -15, -11, -7, -3, 1, 5, 14, 23, 31, 37, 40, 40, 37, 33, 27, 21, 8, -3, -10, -20, -31, -35, -34, -32, -2
target_str: 19, 17, 17, 20, 23, 31, 36, 42, 46, 51, 58, 61, 51, 30, 3, -17, -24, -21, -11, -1, 7, 11, 7, 1, -6
mse: 3079.311039160817
----------------------
pred_str:    -35, -38, -43, -52, -60, -64, -70, -72, -68, -71, -73, -61, -35, -20, 0, 14, 12, 19, 19, 16, 20, 29, 45, 53, 50, 56, 65, 71, 74, 78, 78, 92, 80, 72, 57, 41, 19, -10, -30
target_str: -47, -55, -61, -69, -74, -79, -87, -91, -92, -87, -60, -37, -13, 5, 3, 4, 6, 17, 31, 38, 42, 43, 45, 48, 51
mse: 1020.9150417808488
----------------------
pred_str: -38, -37, -36, -35, -35, -35, -35, -35, -36, -36, -36, -36, -36, -37, -38, -40, -43, -47, -50, -56, -62, -68, -74, -76, -76, -76, -77, -78, -79, -80, -81, -82
target_str: 79, 91, 93, 83, 64, 40, 15, -6, -24, -38, -49, -56, -58, -54, -49, -41, -33, -25, -16, -7, 6, 29, 61, 94, 118
mse: 29875.813516651393
----------------------
pred_str:  11, 12, 12, 11, 10, 9, 10, 11, 13, 15, 18, 21, 25, 30, 36, 42, 49, 55, 61, 66, 68, 66, 62, 56, 49, 40, 32, 24, 18, 14, 11, 9, 7, 5, 4, 4, 5, 7, 11, 16, 22, 30, 42, 54, 67, 78, 88, 85, 81, 76, 69, 62, 55, 48, 41, 34, 27, 21, 17, 14, 11, 9, 7, 5, 3, 2, -1, -2, -3, -4, -4, -5, -5, -5, -6, -7, -9, -12, -17
target_str: 15, 10, 7, 5, 2, 0, -3, -4, -3, 0, 9, 25, 45, 68, 83, 74, 56, 39, 27, 19, 14, 11, 9, 9, 11
mse: 3629.5592353990464
----------------------
pred_str: -13, -28, -42, -48, -53, -54, -52, -51, -51, -53, -58, -62, -69, -74, -78, -74, -65, -46, -25, -7, 1, 13, 27, 37, 33, 23, 13, -5, -13, -28, -42, -48
target_str: -42, -53, -62, -57, -39, -12, 21, 51, 73, 85, 90, 89, 88, 83, 66, 39, 6, -28, -62, -92, -109, -104, -80, -39, 7
mse: 38851.4529986779
----------------------
pred_str:   -51, -52, -54, -53, -49, -44, -40, -38, -36, -4, -21, -31, -33, -38, -43, -48, -52, -49, -44, -42, -38, -36, -4, 66, 44, 25, 22, 9, 25, 37, 40, 38, 34, 34, 41, 54, 73, 89, 95, 100, 70, 64, 56, 37, 13, -16, -33, -40, -45, -48, -52
target_str: -56, -55, -48, -41, -39, -34, -37, 1, 74, 39, 21, 19, 2, 6, 17, 23, 30, 36, 38, 46, 58, 69, 81, 84, 74
mse: 14465.290981745638
----------------------
pred_str:   100, 88, 80, 67, 51, 35, 22, 12, 4, 16, 34, 52, 68, 79, 87, 85, 69, 57, 47, 38, 28, 22, 16, 11, 11, 9, 10, 8, 7, 6, 4, 3, 2, 2, 1, -1, -1, -1, -1, -2, -3, -5, -7, -10, -13, -17, -21, -26, -33, -40, -48, -61, -67, -74, -76, -74, -71, -67, -62, -56, -52, -49, -47, -43, -40, -38, -36, -33, -32, -30, -28, -26, -25, -23, -22, -21, -19, -17, -15, -13, -11, -10, -9, -8, -7, -6, -5, -4, -4, -3, -2, -2, -1, 0, 1, 2, 3, 4, 5, 6, 7, 8, 9, 10, 11, 12, 13, 14, 15, 16, 17, 18, 19, 20, 21, 22, 23, 24, 25, 26, 27, 28, 29, 30, 31, 32, 33, 34, 35, 36, 37, 38, 39, 40, 41, 42, 43,
target_str: 68, 55, 48, 37, 24, 13, 5, 0, -7, -14, -18, -19, -16, -7, 3, 16, 39, 71, 92, 84, 69, 58, 46, 34, 23
mse: 8202.563503840562
----------------------
pred_str: 65, 68, 71, 76, 80, 82, 82, 80, 74, 63, 53, 48, 45, 44, 42, 43, 42, 41, 41, 38, 37, 38, 40, 43, 48, 53, 58, 62, 66, 71, 75, 78, 78, 76, 76, 73, 68, 64, 61, 56, 51, 46, 41, 35, 29, 24, 20, 16, 12, 9, 6, 3, 0, -1, -3, -6, -8, -12, -17, -26, -33, -45, -59, -72, -78, -80, -76, -70, -62, -58, -54, -49, -45, -40, -36, -33, -30, -27, -24, -22, -20, -19, -18, -17, -16, -16, -16, -16, -16, -17, -17, -18, -19, -21, -24, -28, -32, -37, -44, -51, -58, -65, -72, -78, -82, -84, -84, -85, -85, -85, -86, -86, -86, -87, -88, -89, -91, -94, -98, -103, -108, -113, -118, -124, -129, -135, -141, -147,
target_str: 8, 6, 7, 7, 5, 1, -5, -5, -2, 0, 5, 13, 20, 23, 30, 37, 43, 49, 56, 66, 69, 72, 73, 75, 73
mse: 10303.6735731245
----------------------
pred_str: 42, 43, 44, 41, 42, 43, 43, 44, 44, 45, 47, 50, 55, 60, 66, 70, 70, 71, 70, 69, 68, 68, 69, 70, 70, 71, 71, 70, 70, 71, 71, 71, 71, 71, 71, 72, 71, 71, 72, 72, 72, 73, 72, 72, 73, 73, 73, 74, 74, 74, 74, 74, 74, 74, 74, 74, 75, 75, 76, 77, 77, 77, 78, 78, 78, 78, 79, 80, 80, 80, 80, 80, 80, 80, 80, 81, 81, 81, 81, 81, 81, 81, 82, 82, 82, 83, 83, 83, 83, 84, 84, 84, 84, 84, 84, 84, 84, 85, 85, 85, 85, 85, 85, 85, 86, 86, 86, 86, 86, 86, 86, 86, 86, 87, 87, 87, 87, 88, 88, 88, 88, 88, 88, 88, 88, 89, 89, 89,
target_str: 41, 42, 46, 50, 58, 70, 73, 74, 75, 72, 67, 57, 42, 28, 20, 15, 12, 12, 13, 17, 23, 34, 46, 57, 65
mse: 4555.139067264949
----------------------
pred_str:  -11, -11, -10, -10, -10, -9, -8, -7, -7, -7, -8, -9, -10, -12, -16, -21, -25, -24, -19, -12, -6, 0, 6, 11, 17, 22, 27, 32, 37, 40, 40, 40, 40, 40, 40, 40
target_str: 26, 37, 44, 41, 35, 21, 7, -8, -20, -31, -40, -45, -44, -40, -29, -15, 0, 12, 20, 27, 36, 44, 50, 51, 45
mse: 4959.055024775124
----------------------
pred_str:   -1, -16, -27, -38, -47, -50, -48, -41, -32, -13, 1, 18, 27, 35, 39, 38, 30, 13, 1, -1, -15, -22, -27, -31, -41, -61, -74, -79, -72, -54, -27, 1, 17, 32, 46, 47, 38, 20, 5, -11, -21, -28, -33, -47, -71, -80, -78, -67, -48, -23, 2, 17, 31, 42, 44, 36, 19, 5, -12, -21, -25, -32, -44, -64, -77, -82, -74, -54, -26, 2, 15, 28, 40, 39, 30, 12, 2, -11, -20, -26, -30, -38, -52, -71, -78, -76, -61, -36, -16, 1, 14, 27, 40, 40, 31, 14, 2, -11, -19, -22, -26, -34, -50, -67, -75, -72, -55, -26, 2, 14, 28, 40, 40, 31, 13, 2, -11, -19, -22, -26, -33, -47, -67, -75, -72, -55, -26, 2, 13, 28, 40, 
target_str: -11, 18, 43, 63, 75, 77, 57, 39, 38, 23, -8, -40, -69, -92, -102, -98, -82, -55, -23, 6, 30, 42, 45, 39, 26
mse: 28689.076925768066
----------------------
pred_str: -4, -27, -56, -83, -93, -86, -71, -43, -20, -2, 0, 6, 11, 18, 23, 25, 24, 22, 15, 10, -1, -10, -27, -43, -56, -64, -68, -64, -53, -40, -25, -11, 0, 11, 22, 31, 36, 35, 32, 23, 16, 8, -2, -11, -27, -42, -56, -63, -66, -59, -47, -34, -15, 2, 10, 20, 28, 31, 31, 28, 24, 21, 15, 9, -2, -13, -29, -45, -61, -73, -80, -80, -73, -62, -49, -32, -15, 0, 15, 27, 36, 41, 41, 38, 31, 22, 14, 6, -1, -12, -28, -44, -61, -73, -81, -83, -77, -65, -47, -32, -15, 0, 15, 27, 36, 41, 41, 38, 31, 22, 14, 6, -1, -12, -28, -44, -61, -73, -81, -83, -77, -65, -47, -32, -15
target_str: -72, -57, -30, -27, -13, -1, 6, 11, 17, 24, 28, 28, 23, 21, 10, -9, -35, -82, -101, -104, -101, -91, -72, -47, -28
mse: 15710.333092832496
----------------------
pred_str:  -74, -86, -99, -100, -99, -99, -98, -97, -96, -95, -94, -93, -92, -91, -90, -89, -88, -87, -86, -85, -84, -83, -82, -81, -80, -79, -78, -77, -76, -75, -74
target_str: -57, -42, -20, -2, 4, 6, 2, 3, 13, 28, 38, 46, 52, 53, 49, 50, 55, 58, 56, 57, 61, 53, 43, 26, 8
mse: 58421.48160024756
----------------------
pred_str:   -1, -14, -20, -24, -28, -29, -31, -33, -35, -38, -40, -40, -41, -42, -41, -38, -32, -20, -2, -13, -20, -22, -23, -23, -22, -19, -15, -10, -3, 2, 11, 29, 43, 53, 61, 65, 63, 58, 48, 25, -4, -11, -18, -22, -24, -24, -24, -22, -18, -13, -7, -1, 0, 5, 15, 29, 42, 52, 59, 65, 66, 65, 61, 53, 39, 20, -2, -11, -19, -23, -23, -22, -18, -13, -7, -1, 0, 5, 15, 29, 42, 53, 61, 65, 66, 65, 61, 53, 39, 20, -2, -11, -19, -23, -23, -22, -18, -13, -7, -1, 0, 5, 15, 29, 42, 53, 61, 65, 66, 65, 61, 53, 39, 20, -2, -11, -19, -23, -23, -22, -18, -13, -7, -1, 0, 5, 15, 29, 42, 53, 61, 65, 66, 6
target_str: -24, -36, -40, -39, -32, -23, -15, -12, -12, -13, -16, -28, -33, -47, -59, -70, -74, -77, -74, -64, -43, -14, 21, 59, 88
mse: 6471.912742590685
----------------------
pred_str:  -37, -39, -37, -35, -31, -27, -23, -22, -23, -26, -28, -30, -32, -34, -35, -36, -39, -42, -43, -45, -46, -46, -45, -43, -38, -31, -23, -14, 0, 22, 67, 87, 94, 96, 92, 86, 81, 77, 71, 67, 61, 56, 60, 65, 67, 70, 80, 91, 92, 100, 97, 87, 77, 62, 44, 38, 35, 30, 11, -15, -33, -42, -47
target_str: -45, -38, -25, -6, 7, 55, 94, 96, 96, 90, 91, 87, 80, 74, 70, 69, 66, 61, 58, 59, 66, 76, 81, 90, 92
mse: 42080.66931680208
----------------------
pred_str: -55, -59, -59, -57, -52, -37, -8, 25, 58, 84, 93, 89, 70, 45, 16, -10, -31, -48, -58, -59, -55, -50
target_str: -44, -39, -28, -6, 24, 58, 85, 99, 100, 88, 69, 44, 17, -7, -30, -47, -59, -66, -67, -67, -61, -54, -36, -6, 28
mse: 8089.525503668833
----------------------
pred_str: -12, -9, -7, -5, -3, -2, 2, 4, 5, 7, 9, 10, 11, 13, 15, 17, 18, 19, 20, 20, 18, 14, 9, 2, -5, -8, -8, -9, -10, -11, -12, -14, -15, -16, -17
target_str: -6, -3, 0, 1, 1, -1, -5, -10, -15, -21, -28, -34, -40, -41, -40, -35, -29, -24, -18, -16, -14, -10, -2, 9, 22
mse: 4133.520319497993
----------------------
pred_str: -47, -52, -56, -60, -62, -60, -55, -48, -39, -28, -14, -1, 1, 10, 29, 52, 78, 91, 88, 79, 60, 41, 24, 7, -4, -10, -22, -33, -39, -46, -50
target_str: -52, -53, -51, -51, -51, -50, -51, -45, -29, -10, 7, 21, 23, 17, 4, -13, -30, -47, -57, -63, -64, -62, -53, -43, -33
mse: 18557.39651669795
----------------------
pred_str: +10, +22, +28, +30, +24, +17, +12, +8, +3, +1, -3, -12, -24, -38, -57, -80, -80, -79, -74, -64, -54, -48, -42, -37, -31, -25, -18, -11, -2, 1, 1, 1, -2, -5, -12, -19, -36, -55, -84, -84, -81, -75, -67, -61, -52, -45, -41, -36, -32, -25, -17, -11, -3, 10, 23, 23, 19, 15, 10, 6, 1, -2
target_str: -22, -42, -67, -104, -94, -65, -52, -45, -37, -23, -13, -4, 3, 5, 1, 1, -2, -6, -7, -24, -51, -69, -98, -82, -51
mse: 15917.89424832023
----------------------
pred_str: 70, 70, 69, 71, 71, 71, 73, 73, 75, 77, 79, 80, 81, 80, 81, 80, 78, 78, 77, 77, 78, 79, 79, 81, 81, 80, 78, 77, 76, 77, 77, 76, 75, 75, 75, 74, 74, 75, 75, 75, 76, 76, 75, 75, 76, 75, 76, 77, 77, 78, 78, 77, 78, 79, 79, 80, 80, 80, 80, 80, 79, 79, 78, 78, 79, 80, 80, 80, 80, 80, 79, 79, 79, 79, 79, 79, 79, 79, 79, 78, 78, 78, 79, 79, 79, 79, 79, 79, 79, 79, 79, 79, 79, 79, 79, 79, 79, 79, 79, 79, 79, 79, 79, 79, 79, 79, 79, 79, 79, 79, 79, 79, 79, 79, 79, 79, 79, 79, 79, 79, 79, 79, 79, 79, 79, 79, 79, 79,
target_str: 74, 74, 80, 89, 93, 88, 82, 78, 76, 80, 80, 76, 73, 74, 75, 77, 77, 77, 77, 73, 71, 72, 75, 75, 76
mse: 279.5091929533631
----------------------
pred_str: 27, 31, 25, 19, 14, 10, 9, 8, 7, 7, 7, 6, 6, 5, 4, 3, 3, 2, 1, 1, 1, 1, 1, 1, 1, 1, 1, 1, 1, 1, 1, 1, 1, 1, 1, 1, 1, 1, 1, 1, 1, 1, 1, 1, 1, 1, 1, 1, 1, 1, 1, 1, 1, 1, 1, 1, 1, 1, 1, 1, 1, 1, 1, 1, 1, 1, 1, 1, 1, 1, 1, 1, 1, 1, 1, 1, 1, 1, 1, 1, 1, 1, 1, 1, 1, 1, 1, 1, 1, 1, 1, 1, 1, 1, 1, 1, 1, 1, 1, 1, 1, 1, 1, 1, 1, 1, 1, 1, 1, 1, 1, 1, 1, 1, 1, 1, 1, 1, 1, 1, 1, 1, 1, 1, 1, 1, 1, 1, 1, 1, 1, 1, 1, 1, 1, 1, 1, 1, 1, 1, 1, 1, 1, 1, 1, 1, 1, 1, 1, 1, 1, 1, 1, 1, 1, 1, 1, 1, 1, 1, 1, 1, 1, 1, 1, 1, 1, 1, 1,
target_str: 19, 17, 17, 15, 12, 9, 6, 6, 5, 5, 7, 14, 29, 56, 91, 87, 60, 44, 35, 28, 21, 14, 6, -2, -11
mse: 4195.0740580972515
----------------------
pred_str: 4, 4, 4, 7, 12, 25, 36, 47, 47, 41, 29, 9, -14, -35, -52, -58, -58, -52, -42, -28, -13, 0, 12, 20, 26, 27, 26, 24, 26, 28, 34, 36, 33, 28, 23, 15, 10, 2, -1, -3, -6, -3, 0, 0, -2, -5, -6, -11, -15, -19, -18, -15, -13, -12, -7, -5, -3, -1, -1, 0, 3, 11, 21, 36, 50, 61, 68, 66, 55, 36, 13, -7, -21, -21, -10, 7, 28, 48, 64, 73, 73, 67, 53, 38, 22, 9, -4, -15, -28, -40, -53, -60, -67, -67, -60, -46, -22, 4, 32, 57, 76, 91, 100, 97, 93, 83, 71, 55
target_str: 34, 9, -15, -36, -53, -57, -54, -43, -29, -15, -1, 13, 29, 42, 57, 65, 67, 65, 54, 40, 19, -5, -31, -58, -78
mse: 22388.670114472407
----------------------
pred_str: 0, -13, -21, -27, -29, -31, -32, -34, -35, -37, -39, -40, -42, -44, -45, -46, -47, -49, -51, -52, -54, -56, -57, -59, -62, -66, -70, -73
target_str: 5, 24, 41, 54, 61, 67, 64, 45, 19, -9, -33, -48, -51, -48, -44, -44, -48, -50, -40, -19, 8, 34, 44, 35, 8
mse: 13960.030610288395
----------------------
pred_str: 22, 37, 51, 63, 62, 56, 43, 32, 22, 12, 2, 10, 12, 16, 19, 23, 25, 29, 32, 35, 37, 41, 44
target_str: 38, 29, 20, 13, 4, -3, -12, -19, -24, -25, -19, -7, 7, 23, 34, 42, 45, 45, 43, 39, 32, 23, 9, -7, -29
mse: 3960.2278680853037
----------------------
pred_str: -31, -47, -55, -60, -60, -60, -58, -56, -55, -53, -52, -51, -48, -45, -39, -33, -29, -21, -13, -6, 6, 15, 28, 39, 48, 47, 40, 31, 19, 5, -4, -13, -18, -25, -28, -31, -33
target_str: -31, -30, -29, -20, -4, 17, 36, 47, 52, 51, 47, 38, 25, 7, -11, -24, -33, -36, -34, -31, -29, -28, -29, -29, -28
mse: 15914.646029924494
----------------------
pred_str: -30, -23, -18, -12, -5, 6, 11, 19, 25, 29, 32, 35, 38, 40, 41, 41, 40, 37, 33, 29, 26, 23, 19, 14
target_str: 19, 17, 17, 20, 23, 31, 36, 42, 46, 51, 58, 61, 51, 30, 3, -17, -24, -21, -11, -1, 7, 11, 7, 1, -6
mse: 4436.579095820465
----------------------
pred_str: 17, -10, -20, -34, -50, -63, -73, -80, -88, -93, -95, -97, -99, -102, -106, -110, -114, -116, -120, -122, -125, -128, -130, -132, -135, -137, -140, -143, -146, -149, -152, -155, -158, -161, -164, -167, -170, -173, -176, -180, -183, -186, -190, -194, -197, -201, -206, -211, -216, -221, -226, -230, -235, -240, -246, -251, -257, -262, -269, -276, -284, -290, -299, -307, -315, -323, -331, -338, -346, -354, -362, -371, -379, -388, -397, -406, -415, -425, -436, -446, -456, -467, -478, -488, -499, -510, -521, -532, -543, -555, -566, -578, -590, -602, -614, -626, -638, -650, -662, -674, -686, -698, -710, -722, -734,
target_str: -47, -55, -61, -69, -74, -79, -87, -91, -92, -87, -60, -37, -13, 5, 3, 4, 6, 17, 31, 38, 42, 43, 45, 48, 51
mse: 47751.408992083685
----------------------
pred_str: 0, -11, -23, -33, -43, -53, -62, -70, -75, -79, -78, -74, -66, -53, -41, -29, -13, 2, 10, 17, 27, 38, 53, 73, 90, 99, 93, 86, 75, 58, 32, 9, -3, -13, -21, -31, -36, -32, -26, -19, -13, -7, -3, 0, 3, 14, 34, 57
target_str: 79, 91, 93, 83, 64, 40, 15, -6, -24, -38, -49, -56, -58, -54, -49, -41, -33, -25, -16, -7, 6, 29, 61, 94, 118
mse: 13576.253606831804
----------------------
pred_str:  4, 1, -1, -3, -4, -2, 2, 14, 32, 57, 83, 88, 68, 46, 31, 20, 13, 10, 9, 10, 11, 10, 8, 7, 11, 20, 44, 75, 100, 90, 57, 34, 21, 14, 11, 8, 5, 2, 0, -2, -3, -3, 0, 7, 22, 43, 69, 88, 77, 55, 38, 26, 18, 14, 11, 10, 9, 9, 8, 8, 10, 16, 30, 54, 81, 95, 76, 50, 33, 23, 18, 16, 13, 9, 2, -3, -7, -9, -8, -3, 5, 22, 45, 73, 88, 76, 56, 40, 28, 19, 13, 10, 9, 9, 10, 12, 14, 14, 17, 27, 49, 75, 92, 84, 57
target_str: 15, 10, 7, 5, 2, 0, -3, -4, -3, 0, 9, 25, 45, 68, 83, 74, 56, 39, 27, 19, 14, 11, 9, 9, 11
mse: 3959.7406353259425
----------------------
pred_str: -12, -21, -26, -29, -32, -36, -40, -44, -48, -50, -52, -54, -56, -58, -61, -64, -66, -69, -73, -76, -78, -79, -81, -83, -84, -86, -87, -88, -89, -90, -91, -92, -93, -94, -95, -96, -97
target_str: -42, -53, -62, -57, -39, -12, 21, 51, 73, 85, 90, 89, 88, 83, 66, 39, 6, -28, -62, -92, -109, -104, -80, -39, 7
mse: 28788.14758683811
----------------------
pred_str:   -56, -57, -56, -54, -50, -47, -43, -37, -29, -26, -16, -10, 13, 20, 31, 36, 38, 40, 41, 42, 42, 42, 42, 42, 42, 42, 42, 42, 42, 42, 42, 42
target_str: -56, -55, -48, -41, -39, -34, -37, 1, 74, 39, 21, 19, 2, 6, 17, 23, 30, 36, 38, 46, 58, 69, 81, 84, 74
mse: 4081.7112360859524
----------------------
pred_str:  0, -2, -11, -24, -35, -41, -44, -46, -46, -47, -46, -45, -43, -40, -36, -32, -29, -25, -21, -18, -15, -12, -10, -8, -5, -3, -3, -5, -6, -8, -9, -11, -12, -12, -12, -12, -12, -13, -13, -13, -13, -13, -13, -14, -14, -14, -14, -15, -15, -16, -16, -16, -16, -16, -16, -16, -17, -17, -17, -17, -17, -17, -18, -18, -18, -18, -18, -19, -19, -19, -19, -19, -19, -19, -19, -19, -20, -20, -20, -20, -20, -21, -21, -21, -21, -21, -21, -21, -22, -22, -22, -22, -22, -22, -22, -22, -23, -23, -23, -23, -23, -23, -23, -24, -24, -24, -24, -24, -24, -24, -24, -24, -25, -25, -25, -25, -25, -25, -25, -25, -25, -25, -25, -26, -26, -26, -26, -26, -26, -26, -
target_str: 68, 55, 48, 37, 24, 13, 5, 0, -7, -14, -18, -19, -16, -7, 3, 16, 39, 71, 92, 84, 69, 58, 46, 34, 23
mse: 14674.638657351034
----------------------
pred_str: 52, 57, 60, 60, 60, 60, 60, 60, 60, 60, 60, 60, 60, 60, 60, 60, 60, 60, 60, 60, 60, 60, 60, 60, 60, 60, 60, 60, 60, 60, 60, 60, 60, 60, 60, 60, 60, 60, 60, 60, 60, 60, 60, 60, 60, 60, 60, 60, 60, 60, 60, 60, 60, 60, 60, 60, 60, 60, 60, 60, 60, 60, 60, 60, 60, 60, 60, 60, 60, 60, 60, 60, 60, 60, 60, 60, 60, 60, 60, 60, 60, 60, 60, 60, 60, 60, 60, 60, 60, 60, 60, 60, 60, 60, 60, 60, 60, 60, 60, 60, 60, 60, 60, 60, 60, 60, 60, 60, 60, 60, 60, 60, 60, 60, 60, 60, 60, 60, 60, 60, 60, 60, 60, 60, 60, 60, 60, 60,
target_str: 8, 6, 7, 7, 5, 1, -5, -5, -2, 0, 5, 13, 20, 23, 30, 37, 43, 49, 56, 66, 69, 72, 73, 75, 73
mse: 7054.643122786307
----------------------
pred_str: 41, 40, 38, 37, 36, 36, 36, 35, 34, 34, 33, 33, 32, 31, 30, 29, 29, 28, 28, 28, 27, 26, 26, 26, 25, 24, 24, 24, 23, 23, 23, 23, 22, 22, 21, 21, 20, 20, 20, 20, 20, 20, 21, 22, 22, 23, 23, 24, 25, 26, 27, 28, 28, 29, 29, 30, 31, 31, 32, 33, 34, 35, 35, 36, 36, 36, 37, 37, 38, 38, 39, 40, 40, 41, 41, 41, 41, 42, 43, 44, 45, 46, 47, 48, 49, 50, 51, 52, 53, 54, 55, 56, 57, 58, 59, 60, 61, 62, 63, 64, 65, 66, 67, 68, 69, 70, 71, 72, 73, 74, 75, 76, 77, 78, 79, 80, 81, 82, 83, 84, 85, 86, 87, 88, 89, 90, 91, 92, 
target_str: 41, 42, 46, 50, 58, 70, 73, 74, 75, 72, 67, 57, 42, 28, 20, 15, 12, 12, 13, 17, 23, 34, 46, 57, 65
mse: 2267.4188511457887
----------------------
pred_str: 10, 21, 37, 57, 75, 92, 109, 119, 118, 108, 96, 82, 66, 48, 29, -1, -6, -11, -16, -20, -22, -22, -23, -23, -23, -24, -25, -26, -27, -27, -27, -28, -29, -29, -30, -30, -31, -32, -32, -32, -33, -33, -33, -34, -34, -34, -35, -36, -36, -37, -37, -38, -39, -40, -41, -41, -42
target_str: 26, 37, 44, 41, 35, 21, 7, -8, -20, -31, -40, -45, -44, -40, -29, -15, 0, 12, 20, 27, 36, 44, 50, 51, 45
mse: 25596.610602104498
----------------------
pred_str:  4, -27, -57, -85, -85, -80, -68, -52, -31, -8, 13, 32, 45, 46, 36, 18, -1, -15, -22, -24, -28, -42, -72, -95, -100, -84
target_str: -11, 18, 43, 63, 75, 77, 57, 39, 38, 23, -8, -40, -69, -92, -102, -98, -82, -55, -23, 6, 30, 42, 45, 39, 26
mse: 40797.46063956529
----------------------
pred_str: -15, -18, -26, -29, -29, -29, -28, -27, -27, -27, -27, -27, -27, -27, -27, -27, -27, -27, -27, -27, -27, -27, -27, -27, -27, -27, -27, -27, -27
target_str: -72, -57, -30, -27, -13, -1, 6, 11, 17, 24, 28, 28, 23, 21, 10, -9, -35, -82, -101, -104, -101, -91, -72, -47, -28
mse: 8446.342294440794
----------------------
pred_str:   -66, -72, -75, -78, -81, -83, -83, -86, -88, -91, -92, -95, -96, -98, -100
target_str: -57, -42, -20, -2, 4, 6, 2, 3, 13, 28, 38, 46, 52, 53, 49, 50, 55, 58, 56, 57, 61, 53, 43, 26, 8
mse: 31266.700633706947
----------------------
pred_str: Â -72, -72, -63, -53, -45, -37, -28, -21, -13, -4, 5, 17, 34, 49, 58, 60, 60, 58, 55, 51, 46, 40, 33, 28, 24, 20, 17, 12, 9, 7, 5, 3, 3, 4, 6, 8, 11, 14, 16, 19, 20, 21, 22, 23, 24, 25, 25, 24, 24, 23, 22, 22, 22, 22, 22, 22, 22, 22, 22, 22, 22, 22, 22, 22, 22, 22, 22, 22, 22, 22, 22, 22, 22, 22, 22, 22, 22, 22, 22, 22, 22, 22, 22, 22, 22, 22, 22, 22, 22, 22, 22, 22, 22, 22, 22, 22, 22, 22, 22, 22, 22, 22, 22, 22, 22, 22, 22, 22, 22, 22, 22, 22, 22, 22, 22, 22, 22, 22, 22, 22, 22, 22, 22, 22, 22, 22, 22, 22, 22, 22,
target_str: -24, -36, -40, -39, -32, -23, -15, -12, -12, -13, -16, -28, -33, -47, -59, -70, -74, -77, -74, -64, -43, -14, 21, 59, 88
mse: 21929.53444423466
----------------------
pred_str:   -59,  -61,  -63,  -62,  -61,  -61,  -60,  -59,  -58,  -57,  -56,  -55,  -54,  -54,  -53,  -52,  -51,  -50,  -49,  -48,  -47,  -46,  -45,  -44,  -43,  -42,  -41,  -40,  -39,  -38,  -37,  -36,  -35,  -34,  -33,  -32,  -31,  -30,  -29,  -28,  -27,  -26,  -25,  -24,  -23,  -22,  -21,  -20,  -19,  -18,  -17,  -16,  -15,  -14,  -13,  -12,  -11,  -10,  -9,  -8,  -7,  -6,  -5,  -4,  -3,  -2,  -1,  -1,  -1,  -1,  -1,  -1,  -1,  -1,  -1,  -1,  -1,  -1,  -1,  -1,  -1,  -1,  -1,  -1,  -1,  -1,  -1,  -1,  -1,  -1,  -1,  -1,  -1,  -1,  -1,  -1,  -1,  -1,  -1,  -1,  -1,  -1,  -1,  -1,  -1,  -1,  -1,  -1,  -1,  -1,  -1,  -1,  -1, 
target_str: -45, -38, -25, -6, 7, 55, 94, 96, 96, 90, 91, 87, 80, 74, 70, 69, 66, 61, 58, 59, 66, 76, 81, 90, 92
mse: 56998.4371210742
----------------------
pred_str:   -29, -36, -47, -57, -63, -67, -70, -71, -68, -65, -63, -61, -58, -56, -55, -55, -55, -55, -54, -53, -52, -52, -51, -51, -50
target_str: -44, -39, -28, -6, 24, 58, 85, 99, 100, 88, 69, 44, 17, -7, -30, -47, -59, -66, -67, -67, -61, -54, -36, -6, 28
mse: 28752.0923626454
----------------------
pred_str: 14, 20, 29, 39, 48, 54, 57, 58, 61, 62, 59, 54, 47, 39, 31, 25, 20, 17, 16, 14, 12, 10, 9, 9, 10, 13, 17, 22, 26, 30, 34, 38, 42, 45, 47
target_str: -6, -3, 0, 1, 1, -1, -5, -10, -15, -21, -28, -34, -40, -41, -40, -35, -29, -24, -18, -16, -14, -10, -2, 9, 22
mse: 12178.057998385837
----------------------
pred_str:   -61, -66, -68, -67, -66, -62, -54, -45, -31, -11, -5, -7, 0, 5, 21, 42, 62, 75, 77, 75, 70, 60, 47, 26, 9, -2, -10, -24, -33, -39, -42, -44
target_str: -52, -53, -51, -51, -51, -50, -51, -45, -29, -10, 7, 21, 23, 17, 4, -13, -30, -47, -57, -63, -64, -62, -53, -43, -33
mse: 18808.158976849027
----------------------
