pred_str: 15, 17, 21, 22, 25, 29, 32, 37, 41, 43, 43, 40, 37, 36, 40, 48, 57, 62, 67, 70, 71, 68, 55, 33, 17, 9, 5, 3, 0, -1, -1, -1, 1, 4, 6, 6, 5, 2, 1, 1, 1, 0, -1, -1, -1, -1, -1, -1, -1, -1, -1, -1, -1, -1, -1, -1, -1, -1, -1, -1, -1, -1, -1, -1, -1, -1, -1, -1, -1, -1, -1, -1, -1, -1, -1, -1, -1, -1, -1, -1, -1, -1, -1, -1, -1, -1, -1, -1, -1, -1, -1, -1, -1, -1, -1, -1, -1, -1, -1, -1, -1, -1, -1, -1, -1, -1, -1, -1, -1, -1, -1, -1, -1, -1, -1, -1, -1
target_str: 8, 6, 7, 7, 5, 1, -5, -5, -2, 0, 5, 13, 20, 23, 30, 37, 43, 49, 56, 66, 69, 72, 73, 75, 73, 73, 75, 75, 74, 76, 74, 70, 69, 68, 67, 69, 71, 73, 74, 74, 71, 69, 70, 69, 71, 74, 72, 70, 71, 70
mse: 0.9135250489498711
----------------------
pred_str: 6, 10, 10, 9, 6, 1, -1, -2, -4, -6, -8, -11, -12, -12, -12, -12, -13, -14, -14, -14, -14, -14, -14, -14, -13, -12, -11, -9, -7, -6, -4, -1, 0, 1, 3, 6, 9, 12, 15, 18, 21, 23, 22, 19, 16, 13, 11, 9, 7, 5, 3, 1, -1, -2, -3, -3, -3, -2, -1, 0, 1, 2, 4, 6, 7, 7, 6, 4, 2, 0, -1, -1, -1, -1, -1, -1, -1, -2, -2, -3, -3, -3, -2, -1, 0, 1, 2, 3, 4, 4, 4, 4, 4, 4, 4, 3, 2, 1, 1, 0, -1, -2, -2, -2, -2, -2, -2, -1, -1, -1, -1, -1, -1, -1, -1, -1, -1, -1, -1, -1
target_str: -6, -3, 0, 1, 1, -1, -5, -10, -15, -21, -28, -34, -40, -41, -40, -35, -29, -24, -18, -16, -14, -10, -2, 9, 22, 29, 31, 29, 20, 13, 4, -1, -5, -6, -3, 0, 6, 10, 14, 15, 13, 8, 2, -1, -7, -13, -18, -22, -24, -24
mse: 0.12445373752741562
----------------------
pred_str: 40, 36, 36, 34, 32, 35, 40, 40, 35, 52, 79, 92, 66, 34, 30, 38, 33, 21, 14, 0, -22, -38, -47, -53, -50, -43, -38, -38, -41, -52, -76, -92, -22, 52, 30, 13, 16, 14, 21, 27, 31, 27, 48, 75, 84, 65, 43, 41, 28, 16, 0, -21, -36, -45, -50, -52, -51, -44, -39, -36, -39, -45, -64, -87, -78, 27, 67, 29, 31, 39, 44
target_str: -51, -57, -57, -60, -74, -69, 6, 76, 15, -2, 23, 30, 18, 13, 23, 40, 47, 45, 43, 55, 85, 104, 87, 52, 45, 56, 24, -12, -15, -23, -34, -49, -58, -61, -54, -49, -47, -47, -46, -53, -79, -91, -52, 71, 74, 12, 35, 46, 34, 16
mse: 1.6098086735674186
----------------------
pred_str: 34, 23, 12, 0, -13, -26, -36, -39, -37, -31, -22, -11, -1, 9, 17, 22, 21, 16, 6, -11, -32, -50, -63, -68, -65, -54, -32, -5, 17, 36, 48, 51, 45, 25, -13, -40, -61, -70, -68, -57, -39, -17, -5, 10, 15, 12, 7, 0, -12, -24, -34, -37, -35, -30, -21, -12, -3, 4, 12, 15, 16, 14, 9, 4, -1, -10, -21, -31, -38, -36, -27, -13, -2, 14, 32, 45, 48, 40, 21, -7, -26, -44, -53, -55, -47, -32, -13, -1, 11, 18, 16, 11, 4, -4, -15, -26, -33, -34, -28, -18, -5, 0, 2
target_str: 38, 29, 20, 13, 4, -3, -12, -19, -24, -25, -19, -7, 7, 23, 34, 42, 45, 45, 43, 39, 32, 23, 9, -7, -29, -50, -69, -82, -86, -83, -73, -59, -42, -22, -2, 13, 25, 36, 45, 52, 58, 60, 60, 55, 45, 33, 18, 4, -6, -15
mse: 1.0771513442083234
----------------------
pred_str: -48, -43, -27, -9, 2, 21, 44, 65, 80, 87, 83, 71, 54, 36, 18, 1, -11, -21, -28, -30, -29, -26, -21, -14, -7, 0, 13, 28, 43, 51, 46, 33, 19, 8, -4, -17, -26, -32, -36, -34, -30, -24, -16, -10, -2, 12, 30, 50, 70, 86, 90, 85, 73, 58, 42, 27, 13, 0, -14, -26, -36, -41, -43, -43, -39, -32, -22, -10, 2, 18, 35, 51, 66, 76, 77, 69, 57, 44, 29, 15, 0, -12, -22, -30
target_str: -52, -53, -51, -51, -51, -50, -51, -45, -29, -10, 7, 21, 23, 17, 4, -13, -30, -47, -57, -63, -64, -62, -53, -43, -33, -22, -15, -8, 2, 14, 29, 41, 48, 51, 53, 49, 44, 39, 32, 25, 21, 17, 12, 7, 0, -7, -14, -17, -9, 8
mse: 0.8395749350005635
----------------------
pred_str: 4, 9, 15, 17, 17, 13, 10, 7, 4, 3, 1, 2, 4, 12, 18, 22, 24, 24, 23, 24, 25, 25, 23, 16, 11, 6, 1, 1, 1, 1, 1, 0, 0, 0, 0, 0, 0, 0, 0, 0, 0, 0, 0, 0, 0, 0, 0, 0, 0, 0, 0, 0, 0, 0, 0, 0, 0, 0, 0, 0, 0, 0, 0, 0, 0, 0, 0, 0, 0, 0, 0, 0, 0, 0, 0, 0, 0, 0, 0, 0, 0, 0, 0, 0, 0, 0, 0, 0, 0, 0, 0, 0, 0, 0, 0, 0, 0, 0, 0, 0, 0, 0, 0, 0, 0, 0, 0, 0, 0, 0, 0, 0, 0, 0, 0, 0, 0, 0, 0, 0, 0, 0, 0, 0
target_str: -26, -44, -64, -80, -85, -68, -60, -54, -43, -40, -19, 15, 30, 17, 11, 10, 4, 1, -13, -37, -48, -59, -73, -70, -57, -48, -35, -28, -15, 28, 46, 25, 8, 8, 18, 14, -1, -17, -29, -32, -30, -20, -8, -8, -8, -7, -8, 13, 19, 5
mse: 0.6721111162973366
----------------------
pred_str: 7, 6, 9, 26, 67, 97, 82, 46, 26, 15, 9, 7, 6, 6, 7, 8, 8, 8, 11, 33, 75, 103, 81, 41, 24, 14, 7, 3, -3, -7, -10, -13, -14, -13, -5, 11, 37, 65, 82, 67, 43, 26, 18, 14, 11, 11, 10, 9, 9, 8, 9, 10, 17, 42, 87, 107, 76, 41, 23, 14, 8, 5, 3, 2, 2, 3, 4, 4, 3, 7, 24, 67, 98, 79, 45, 27, 19, 14, 10, 9, 8, 8, 8, 8, 8, 9, 13, 37, 80
target_str: 5, 3, 2, 10, 31, 73, 101, 83, 46, 22, 10, 2, -1, -4, -7, -11, -14, -15, -11, -3, 17, 54, 81, 78, 50, 29, 15, 8, 3, 1, 0, 1, 1, 1, 2, 9, 30, 68, 99, 88, 50, 25, 12, 5, 1, -2, -6, -10, -14, -16
mse: 0.12857000000618585
----------------------
pred_str: 4, 11, 17, 25, 36, 45, 52, 59, 64, 65, 62, 58, 51, 44, 36, 28, 23, 17, 10, 4, -5, -14, -22, -31, -38, -40, -42, -46, -51, -53, -54, -53, -46, -33, -15, -2, 8, 17, 21, 27, 33, 41, 47, 51, 51, 48, 43, 34, 25, 16, 6, -1, -11, -20, -30, -38, -44, -47, -49, -51, -51, -51, -49, -43, -33, -23, -11, -1, 12, 23, 27, 30, 30, 28, 25, 21, 17, 12, 5, -2, -12, -22, -31, -36, -38, -38, -37
target_str: 5, 24, 41, 54, 61, 67, 64, 45, 19, -9, -33, -48, -51, -48, -44, -44, -48, -50, -40, -19, 8, 34, 44, 35, 8, -20, -31, -19, 3, 25, 36, 32, 17, -2, -20, -29, -30, -23, -8, 11, 33, 52, 65, 73, 77, 71, 53, 33, 11, -6
mse: 0.8130428683460653
----------------------
pred_str: 11, 5, 0, -13, -29, -37, -37, -26, -12, 3, 16, 30, 36, 35, 31, 25, 16, 4, -6, -15, -24, -31, -36, -33, -23, -5, 22, 57, 89, 116, 125, 105, 81, 62, 44, 22, 5, -15, -34, -46, -52, -54, -50, -38, -21, -1, 21, 52, 74, 84, 83, 70, 52, 35, 18, 1, -13, -29, -40, -43, -37, -23, -8, 15, 38, 56, 68, 70, 62, 48, 32, 16, -2, -17, -32, -42, -49, -50, -44, -31, -16, -2, 22, 50, 73, 85, 88, 81, 68, 55, 38, 21, 6, -14, -29, -39, -44, -43, -35
target_str: -42, -53, -62, -57, -39, -12, 21, 51, 73, 85, 90, 89, 88, 83, 66, 39, 6, -28, -62, -92, -109, -104, -80, -39, 7, 61, 106, 130, 129, 109, 75, 39, 5, -24, -45, -56, -59, -60, -57, -43, -19, 6, 30, 49, 62, 74, 86, 97, 102, 98
mse: 1.1305460749762448
----------------------
pred_str: 82, 98, 104, 105, 101, 93, 82, 66, 48, 26, 3, -11, -25, -33, -35, -31, -26, -20, -14, -8, -2, 3, 11, 23, 37, 54, 70, 85, 97, 97, 86, 70, 51, 31, 12, -1, -13, -23, -29, -28, -23, -17, -10, -3, 0, 3, 10, 19, 29, 42, 57, 71, 80, 83, 78, 69, 63, 51, 38, 22, 8, 0, -13, -25, -35, -39, -33, -27, -21, -15, -9, -3, 0, 5, 14, 29, 46, 62, 77, 83, 79, 67, 54, 40, 21, 2, -14, -29, -39, -42, -40, -34
target_str: 79, 91, 93, 83, 64, 40, 15, -6, -24, -38, -49, -56, -58, -54, -49, -41, -33, -25, -16, -7, 6, 29, 61, 94, 118, 130, 127, 109, 80, 45, 12, -15, -38, -55, -66, -71, -70, -62, -52, -43, -34, -28, -22, -17, -9, 8, 40, 76, 108, 127
mse: 0.7823686100003322
----------------------
pred_str: 16, 11, 16, 26, 36, 43, 41, 40, 33, 37, 54, 63, 57, 34, 4, -19, -36, -38, -51, -55, -57, -56, -54, -59, -67, -78, -85, -88, -75, -48, -26, -32, -7, 3, 10, 14, 27, 38, 43, 33, 27, 26, 38, 49, 53, 47, 36, 16, -38, -56, -23, -45, -59, -68, -72, -71, -65, -58, -51, -49, -46, -28, -11, 3, 14, 16, 15, 11, 5, 1, -2, -4, -8, -10, -10, -10, -11, -12, -14, -15, -21, -19, -12, -3, 1, 8, 13, 14, 11, 5, -2
target_str: 23, 36, 65, 76, 68, 45, 27, 13, -47, -57, -43, -75, -76, -78, -66, -61, -64, -72, -85, -94, -100, -94, -74, -51, -36, -71, -72, -7, 18, 42, 11, 5, 17, 36, 51, 45, 42, 53, 67, 79, 76, 65, 37, 0, -49, -92, -51, -56, -92, -97
mse: 1.1963933100303352
----------------------
pred_str: 15, 17, 24, 24, 21, 19, 18, 18, 21, 23, 24, 24, 24, 24, 25, 24, 24, 23, 23, 23, 23, 22, 23, 23, 24, 25, 24, 22, 19, 14, 8, 3, 0, -4, -13, -22, -33, -43, -53, -58, -67, -71, -75, -81, -87, -95, -101, -75, -19, 10, 19, 17, 8, 0, -9, -16, -19, -17, -10, -3, 0, 1, 2, 4, 5, 5, 6, 8, 11, 12, 11, 10, 9, 8, 7, 7, 7, 7, 6, 6, 6, 6, 6, 6, 6, 5, 4, 3, 2, 0, -1, -3, -5, -5, -5, -4, -4, -4, -3, -3, -2, -1, 0, 0
target_str: -20, -21, -28, -41, -50, -59, -70, -77, -78, -75, -73, -66, -64, -71, -79, -84, -75, -50, -28, -24, -19, -13, -15, -26, -33, -38, -50, -52, -53, -58, -60, -56, -51, -40, -24, -8, 10, 10, 0, -2, -19, -50, -99, -144, -198, -233, -234, -216, -190, -155
mse: 2.1040259454476047
----------------------
pred_str: 43, -11, 29, 47, 60, 71, 81, 81, 66, 46, 22, 0, -11, -21, -26, -26, -23, -15, -1, 19, 40, 59, 70, 71, 63, 48, 29, 11, -1, -13, -21, -25, -25, -23, -13, 3, 31, 55, 70, 78, 81, 73, 59, 41, 19, -1, -13, -20, -22, -21, -18, -12, -1, 14, 33, 53, 68, 77, 75, 59, 39, 16, -1, -13, -20, -24, -24, -21, -11, 2, 27, 49, 66, 75, 75, 64, 45, 26, 5, -5, -13, -19, -21, -21, -17, -10, 4, 34, 61, 81, 90, 91, 80, 63, 44
target_str: -44, -39, -28, -6, 24, 58, 85, 99, 100, 88, 69, 44, 17, -7, -30, -47, -59, -66, -67, -67, -61, -54, -36, -6, 28, 60, 77, 82, 74, 59, 38, 12, -11, -32, -47, -60, -68, -71, -71, -69, -62, -50, -30, 2, 43, 81, 109, 123, 121, 107
mse: 1.9572017798662742
----------------------
pred_str: 30, 26, 21, 13, 3, -4, -13, -21, -29, -36, -41, -44, -46, -45, -43, -37, -27, -13, 4, 23, 39, 51, 55, 52, 45, 35, 25, 13, 2, -7, -18, -27, -32, -34, -30, -23, -13, -1, 9, 18, 27, 32, 33, 31, 27, 20, 10, -1, -12, -20, -27, -32, -35, -37, -37, -34, -25, -13, 0, 12, 18, 23, 23, 20, 15, 8, 0, -10, -19, -26, -31, -34, -36, -37, -35, -27, -16, -2, 8, 17, 23, 25, 24, 20, 12, 3, -5, -15, -25, -32, -37, -39, -37, -31, -24, -13, 2, 12, 18, 22, 22, 19
target_str: -29, -29, -29, -26, -24, -21, -16, -7, 2, 12, 18, 20, 19, 14, 7, 0, -8, -16, -22, -27, -32, -37, -40, -40, -38, -33, -25, -17, -8, -1, 2, 4, 5, 6, 8, 11, 15, 18, 19, 19, 16, 11, 5, 0, -7, -13, -18, -21, -22, -22
mse: 0.6291204820308736
----------------------
pred_str: -17, -33, -43, -46, -43, -36, -26, -14, -3, 11, 26, 40, 46, 43, 30, 13, -5, -18, -29, -36, -37, -33, -25, -19, -15, -13, -14, -18, -25, -30, -31, -26, -19, -11, -1, 11, 27, 44, 55, 56, 49, 32, 11, -7, -22, -34, -38, -35, -27, -19, -13, -11
target_str: -24, -36, -40, -39, -32, -23, -15, -12, -12, -13, -16, -28, -33, -47, -59, -70, -74, -77, -74, -64, -43, -14, 21, 59, 88, 99, 99, 82, 57, 25, -7, -35, -60, -69, -74, -75, -69, -66, -64, -65, -70, -83, -95, -115, -134, -153, -167, -174, -170, -164
mse: 2.171688225374224
----------------------
pred_str: -33, -33, -29, -16, 7, 31, 48, 55, 51, 39, 22, 4, -5, -10, -13, -16, -17, -19, -22, -25, -28, -32, -34, -35, -36, -37, -38, -38, -38, -37, -36, -36, -35, -34, -32, -30, -24, -11, 2, 18, 31, 41, 42, 32, 18, 2, -6, -13, -16, -17, -18, -18, -17, -15, -13, -12, -10, -11, -13, -17, -23, -27, -30, -32, -34, -34, -35, -36, -36, -36, -36, -36, -36, -35, -35, -35, -35, -36, -36, -37, -38, -38, -38, -38, -38, -38, -38, -38, -38, -38, -38, -38, -38
target_str: -31, -30, -29, -20, -4, 17, 36, 47, 52, 51, 47, 38, 25, 7, -11, -24, -33, -36, -34, -31, -29, -28, -29, -29, -28, -19, 0, 27, 55, 76, 83, 81, 74, 63, 47, 25, 0, -23, -42, -52, -56, -53, -46, -37, -31, -27, -25, -16, 1, 24
mse: 0.8587042114963914
----------------------
pred_str: -56, -45, -35, -28, -17, -11, -3, 0, 7, 16, 23, 25, 25, 23, 18, 11, 0, -10, -25, -44, -65, -85, -93, -87, -74, -55, -38, -29, -20, -16, -14, -10, -6, -1, 0, -7, -20, -33, -46, -55, -57, -49, -37, -30, -21, -15, -14, -18, -29, -44, -60, -74, -85, -85, -74, -57, -42, -28, -22, -19, -16, -16, -19, -27
target_str: -72, -57, -30, -27, -13, -1, 6, 11, 17, 24, 28, 28, 23, 21, 10, -9, -35, -82, -101, -104, -101, -91, -72, -47, -28, -15, -9, -6, -3, -5, -18, -32, -38, -51, -65, -65, -61, -59, -44, -38, -26, -3, 10, 15, 23, 32, 33, 28, 24, 19
mse: 0.40767204297615334
----------------------
pred_str: 42, 19, 4, -14, -35, -54, -69, -76, -73, -60, -38, -19, -6, 4, 11, 9, 0, -14, -32, -49, -63, -72, -75, -69, -59, -46, -27, -8, 10, 20, 27, 32, 35, 33, 28, 20, 11, 1, -9, -25, -42, -57, -66, -68, -64, -52, -34, -16, -5, 1, 9, 9, 0, -13, -31, -49, -65, -76, -76, -69, -56, -37, -19, -8, 3, 15, 25, 34, 41, 41, 35, 25, 12, -2, -18, -36, -52, -66, -71, -64, -52, -36, -19, -4, 4, 9, 11, 0, -13
target_str: -44, -30, -15, 0, 16, 31, 45, 56, 63, 65, 60, 50, 35, 17, -5, -35, -67, -89, -97, -91, -77, -60, -41, -23, -8, 2, 8, 11, 11, 11, 9, 4, 0, -2, -7, -24, -48, -68, -75, -67, -45, -14, 14, 35, 47, 49, 45, 36, 26, 16
mse: 1.3095354286200283
----------------------
pred_str: -61, -34, -10, 1, 11, 17, 23, 35, 43, 50, 55, 55, 60, 70, 74, 66, 58, 51, 45, 38, 28, 15, 0, -11, -16, -20, -26, -32, -42, -54, -62, -69, -74, -72, -69, -66, -57, -38, -10, 1, 10, 14, 24, 35, 44, 50, 57, 63, 67, 67, 64, 56, 45, 34, 22, 9, 0, -9, -17, -24, -32, -41, -53, -64, -74, -78, -84, -92, -96, -100, -99, -94, -87, -77, -62, -31, -12, 0, 13, 23, 35, 46
target_str: -57, -42, -20, -2, 4, 6, 2, 3, 13, 28, 38, 46, 52, 53, 49, 50, 55, 58, 56, 57, 61, 53, 43, 26, 8, -5, -19, -30, -39, -43, -52, -66, -78, -79, -70, -69, -68, -55, -48, -44, -24, -10, -6, 0, 5, 7, 10, 13, 24, 37
mse: 0.19988181658721083
----------------------
pred_str: 43, 67, 87, 100, 103, 93, 75, 57, 36, 15, 1, -6, -12, -16, -15, -14, -13, -11, -8, -5, -3, -1, 0, 3, 10, 16, 22, 27, 29, 26, 16, 2, -4, -11, -15, -14, -12, -10, -8, -7, -5, -3, -2, -1, 0, 2, 9, 17, 27, 38, 46, 50, 49, 42, 28, 12, -1, -11, -18, -21, -22, -22, -21, -20, -19, -16, -10, -3, 4, 10, 14, 14, 9, 2, -1, -5, -8, -10, -11, -12, -14, -16, -19, -24, -27, -25, -14, 4, 21, 36, 47, 53, 51, 43, 31, 17, 5
target_str: 26, 37, 44, 41, 35, 21, 7, -8, -20, -31, -40, -45, -44, -40, -29, -15, 0, 12, 20, 27, 36, 44, 50, 51, 45, 35, 25, 14, 4, -4, -12, -19, -25, -28, -25, -19, -15, -10, -7, -7, -7, -7, -2, 6, 17, 27, 34, 39, 44, 50
mse: 0.35125655895609514
----------------------
pred_str: 67, 63, 54, 40, 18, -12, -38, -55, -63, -64, -62, -58, -54, -51, -45, -37, -25, -6, 34, 76, 79, 74, 65, 58, 52, 49, 46, 44, 46, 51, 57, 66, 73, 78, 74, 69, 65, 59, 46, 30, 10, -15, -40, -59, -66, -67, -62, -58, -53, -48, -42, -31, -13, 13, 46, 61
target_str: 55, 60, 51, 28, 10, -12, -31, -46, -56, -60, -62, -64, -65, -58, -45, -32, -15, 17, 45, 63, 60, 54, 53, 50, 50, 49, 47, 42, 43, 51, 57, 67, 69, 66, 56, 37, 29, 17, 1, -16, -31, -39, -43, -45, -43, -41, -45, -53, -57, -51
mse: 0.0999441494451635
----------------------
pred_str: 19, 11, 4, 0, -5, -12, -16, -17, -16, -12, -8, -2, 1, 12, 30, 60, 86, 81, 60, 43, 32, 27, 22, 17, 11, 6, 2, 0, -1, -3, -7, -12, -15, -16, -15, -11, -7, -2, 0, 8, 27, 63, 94, 87, 62, 42, 30, 23, 18, 12, 6, 1, 0, -1, -4, -7, -10, -11, -9, -6, -2, 0, 4, 12, 24, 48, 84, 98, 76, 52, 36, 27, 22, 17, 11, 6, 2, 0, -1, -4, -7, -10, -11, -9, -6, -2, 1, 6, 15, 37, 67, 92, 85, 61, 40
target_str: 19, 17, 17, 15, 12, 9, 6, 6, 5, 5, 7, 14, 29, 56, 91, 87, 60, 44, 35, 28, 21, 14, 6, -2, -11, -18, -20, -19, -14, -9, 0, 15, 51, 93, 97, 72, 45, 30, 20, 17, 17, 17, 16, 13, 9, 6, 5, 7, 11, 19
mse: 0.49254483767621343
----------------------
pred_str: 52, 56, 41, 14, -14, -44, -31, -37, -45, -36, -23, -14, -16, -34, -56, -69, -67, -57, -43, -27, -33, -29, -16, -1, 10, 15, 10, -2, -15, -13, -2, 11, 19, 17, 15, 13, 13, 21, 33, 45, 46, 31, 9, -32, -58, -38, -31, -25, -19, -13, -8, -16, -40, -63, -70, -61, -43, -28, -24, -14, -2, 7, 13, 5, -2, -13, -29, -36, -42, -47, -50, -56, -67, -76, -78, -74, -65, -54, -43, -35, -24, -17, -20, -16, -13, -10, -9, -14
target_str: 46, 38, 16, -47, -38, -8, -35, -32, -34, -37, -37, -40, -51, -61, -68, -70, -63, -50, -41, -24, -46, -32, 18, 28, 24, -7, -7, 0, 14, 28, 28, 23, 22, 27, 37, 44, 45, 31, 16, -21, -46, -13, -28, -39, -29, -25, -22, -17, -23, -39
mse: 0.24303450843157803
----------------------
pred_str: 50, 51, 44, 57, 66, 61, 51, 41, 34, 32, 28, 21, 19, 16, 18, 28, 58, 84, 95, 94, 82, 64, 43, 23, 1, -15, -28, -35, -35, -27, -19, -13, -11, -10, -10, -11, -5, 19, 37, 44, 48, 63, 62, 54, 45, 38, 33, 29, 26, 21, 20, 19, 26, 48, 78, 87, 85, 74, 60, 42, 18, -4, -21, -27, -26, -21, -14, -10, -10, -11, -9, -5, 16, 35, 39, 44, 59, 61, 53, 46, 41, 36, 33, 29, 26, 25, 25, 26
target_str: 49, 52, 42, 39, 48, 56, 54, 46, 39, 34, 28, 23, 20, 16, 12, 10, 17, 44, 78, 92, 98, 87, 76, 57, 37, 17, 0, -13, -22, -23, -19, -13, -9, -6, -4, 15, 46, 55, 47, 37, 39, 41, 34, 28, 24, 21, 17, 14, 12, 12
mse: 0.12818754412233158
----------------------
pred_str: 27, 24, 21, 19, 20, 24, 28, 31, 29, 25, 23, 21, 22, 23, 25, 27, 30, 38, 50, 67, 81, 86, 80, 73, 62, 53, 43, 34, 24, 15, 10, 4, 0, -4, -10, -17, -23, -28, -33, -35, -33, -29, -25, -21, -18, -13, -10, 22, 80, 66, 47, 50, 38, 33, 32, 33, 32, 29, 26, 23, 22, 24, 26, 30, 37, 50, 68, 84, 88, 81, 75, 68, 61, 54, 47, 41, 34, 26, 17, 10, 0, -8, -17, -26, -31, -34, -35
target_str: -31, -34, -34, -30, -25, -22, -21, -13, 20, 67, 46, 40, 42, 28, 24, 23, 25, 28, 30, 29, 28, 29, 32, 36, 45, 61, 80, 102, 108, 100, 89, 71, 59, 44, 30, 15, 3, -8, -18, -25, -31, -34, -36, -37, -34, -31, -31, -29, -14, 14
mse: 0.5979535686483114
----------------------
