pred_str: -20, -28, -28, -20, -11, 2, 14, 27, 41, 55
target_str: -8, 15, 40, 62, 75, 78, 75, 64, 52, 41
mse: 4910.948827758215
----------------------
pred_str: -55, -57, -50, -42, -34, -27, -19, -11, 26, 58
target_str: -56, -55, -48, -41, -39, -34, -37, 1, 74, 39
mse: 494.9411772837777
----------------------
pred_str: -57, -57, -55, -49, -40, -16, 1, 10, 15
target_str: -57, -42, -20, -2, 4, 6, 2, 3, 13, 28
mse: 1064.192764461265
----------------------
pred_str: -52, -56, -57, -54, -45, -32, -15, -3, 15, 38
target_str: -52, -53, -51, -51, -51, -50, -51, -45, -29, -10
mse: 1186.8126333749021
----------------------
pred_str: 14, 14, 14, 14, 14, 14, 14, 14, 14, 14
target_str: 9, 3, 2, 4, 5, 5, 5, 6, 8, 12
mse: 113.38876209454278
----------------------
pred_str: 6, 17, 35, 47, 53, 50, 34, 14, -7, -23
target_str: 13, 33, 42, 40, 28, 15, 4, -3, -10, -11
mse: 553.0971502440722
----------------------
pred_str: -39, -35, -26, -14, 2, 48, 98, 103, 98, 90, 85, 77
target_str: -45, -38, -25, -6, 7, 55, 94, 96, 96, 90
mse: 38.924500420514704
----------------------
pred_str: -19, -16, -12, -5, 13, 34, 49, 51, 41, 22
target_str: -11, 18, 43, 63, 75, 77, 57, 39, 38, 23
mse: 2273.9293131035856
----------------------
pred_str: -26, -32, -24, -14, -7, -1, 5, 15, 17, 15
target_str: -22, -42, -67, -104, -94, -65, -52, -45, -37, -23
mse: 5067.723791902502
----------------------
pred_str: 71, 61, 48, 42, 30, 20, 12, 8, 6, 4
target_str: 68, 55, 48, 37, 24, 13, 5, 0, -7, -14
mse: 117.08120482218051
----------------------
pred_str: 31, 21, 10, -5, -25, -39, -48, -53, -56, -59
target_str: 38, 29, 20, 13, 4, -3, -12, -19, -24, -25
mse: 1124.0411070050604
----------------------
pred_str: 82, 99, 107, 100, 91, 77, 60, 43, 24, 1
target_str: 79, 91, 93, 83, 64, 40, 15, -6, -24, -38
mse: 1678.0613679310422
----------------------
pred_str: -49, -38, -18, -11, -6, -2, 2, 13, 36, 61
target_str: -44, -30, -15, 0, 16, 31, 45, 56, 63, 65
mse: 959.2658502842256
----------------------
pred_str: 7, 7, 7, 8, 9, 8, 9, 9, 9, 9
target_str: 5, 3, 2, 10, 31, 73, 101, 83, 46, 22
mse: 3113.344626519902
----------------------
pred_str: 18, 25, 35, 50, 65, 75, 75, 59, 44, 33
target_str: 19, 14, 8, 3, 0, -3, -4, -3, -1, 1
mse: 4077.5337337743113
----------------------
pred_str: -51, -57, -58, -54, -53, -50, -43, -30, -19, -2
target_str: -47, -55, -61, -69, -74, -79, -87, -91, -92, -87
mse: 3038.111105944282
----------------------
pred_str: 39, 34, 31, 28, 27, 26, 26, 25, 25, 25
target_str: 34, 9, -15, -36, -53, -57, -54, -43, -29, -15
mse: 5491.1238913382995
----------------------
pred_str: 12, 18, 26, 38, 54, 66, 74, 59, 39, 22
target_str: 10, 13, 15, 17, 21, 29, 49, 73, 83, 70
mse: 1247.737938380925
----------------------
pred_str: 13, 16, 16, 16, 15, 12, 10, 10, 10, 10
target_str: 8, 6, 7, 7, 5, 1, -5, -5, -2, 0
mse: 184.9298399425243
----------------------
pred_str: -44, -55, -57, -50, -34, -14, -6, 10, 21, 27
target_str: -42, -53, -62, -57, -39, -12, 21, 51, 73, 85
mse: 1321.4329411533622
----------------------
pred_str: 50, 58, 47, 26, -20, -68, -48, -35, -18, -18, -35
target_str: 46, 38, 16, -47, -38, -8, -35, -32, -34, -37
mse: 1757.7565901358903
----------------------
pred_str: -29, -33, -33, -33, -31, -27, -21, -12, 10, 51
target_str: -31, -34, -34, -30, -25, -22, -21, -13, 20, 67
mse: 66.61782087779787
----------------------
pred_str: 61, 56, 47, 41, 36, 38, 38, 38, 45, 55
target_str: 55, 60, 51, 28, 10, -12, -31, -46, -56, -60
mse: 5947.2944199818785
----------------------
pred_str: 18, 12, 12, 10, 10, 9, 9, 10, 13, 18
target_str: 19, 17, 17, 20, 23, 31, 36, 42, 46, 51
mse: 728.4881798068657
----------------------
pred_str: 42, 41, 42, 42, 40, 41, 41, 41, 42, 42
target_str: 41, 42, 46, 50, 58, 70, 73, 74, 75, 72
mse: 822.953172922265
----------------------
