pred_str: -22, 0, 20, 36, 53
target_str: -11, 18, 43, 63, 75
mse: 2284.0259567376083
----------------------
pred_str: 58, 49, 44, 40, 30
target_str: 55, 60, 51, 28, 10
mse: 755.0757963974811
----------------------
pred_str: 72, 73, 74, 74, 75
target_str: 74, 74, 80, 89, 93
mse: 616.1752695359803
----------------------
pred_str: -27, -47, -57, -65, -71
target_str: -24, -36, -40, -39, -32
mse: 2732.0584832307213
----------------------
pred_str: -43, -25, 14, 51, 79
target_str: -44, -39, -28, -6, 24
mse: 8600.344651913218
----------------------
pred_str: 21, 22, 22, 19, 14
target_str: 19, 17, 17, 15, 12
mse: 77.28299990790266
----------------------
pred_str: -14, -4, 12, 16, 10
target_str: -20, -21, -28, -41, -50
mse: 9163.257313404567
----------------------
pred_str: 8, 9, 9, 8, 8
target_str: 5, 3, 2, 10, 31
mse: 654.8167694899316
----------------------
pred_str: 18, 12, 0, -2, -5
target_str: 19, 14, 8, 3, 0
mse: 124.27941877081642
----------------------
pred_str: -12, -16, -24, -37, -54
target_str: -22, -42, -67, -104, -94
mse: 9100.595421587346
----------------------
pred_str: -41, -43, -37, -25, -12
target_str: -42, -53, -62, -57, -39
mse: 2588.980496914738
----------------------
pred_str: -29, -29, -29, -27, -25
target_str: -31, -34, -34, -30, -25
mse: 65.79498640807931
----------------------
pred_str: -49, -54, -64, -73, -78
target_str: -47, -55, -61, -69, -74
mse: 48.040783726533974
----------------------
pred_str: 10, 11, 11, 10, 9
target_str: 8, 6, 7, 7, 5
mse: 73.10554045342141
----------------------
pred_str: 0, 5, 10, 12, 10
target_str: -24, -39, -61, -79, -86
mse: 26161.33983368866
----------------------
pred_str: 0, 13, 22, 32, 40
target_str: 13, 33, 42, 40, 28
mse: 1229.2174444811
----------------------
pred_str: -42, -34, -14, 18, 82
target_str: -45, -38, -25, -6, 7
mse: 6628.583789398083
----------------------
pred_str: -48, -38, -19, 0, 13
target_str: -52, -53, -51, -51, -51
mse: 8315.233044144876
----------------------
pred_str: -20, -13, -4, 6, 15
target_str: -8, 15, 40, 62, 75
mse: 10025.902690754936
----------------------
pred_str: 30, 22, 0, -14, -34
target_str: 22, 3, -16, -30, -38
mse: 995.2797150301516
----------------------
pred_str: -59, -47, -23, 11, 10
target_str: -57, -42, -20, -2, 4
mse: 253.7806618597343
----------------------
pred_str: 30, 12, -16, -39, -61
target_str: 38, 29, 20, 13, 4
mse: 8958.561800134983
----------------------
pred_str: 40, 56, 51, 57, 49
target_str: 49, 52, 42, 39, 48
mse: 525.315526401014
----------------------
pred_str: -57, -68, -74, -72, -66
target_str: -54, -67, -77, -79, -73
mse: 122.19068904357603
----------------------
pred_str: 16, 9, -2, 5, 12
target_str: 15, 10, 7, 5, 2
mse: 191.11877004251596
----------------------
