pred_str: -5, -22, -38, -55, -71
target_str: -11, 18, 43, 63, 75
mse: 45364.07658107523
----------------------
pred_str: 77, 70, 65, 63, 63, 62, 62, 62, 62, 62, 62, 62, 62, 62, 62, 62, 62, 62, 62, 62, 62, 62, 62, 62, 62, 62, 62, 62, 62, 62, 62, 62, 62, 62, 62, 62, 62, 62, 62, 62, 62, 62, 62, 62, 62, 62, 62, 62, 62, 62, 62, 62, 62, 62, 62, 62, 62, 62, 62, 62, 62, 62, 62, 62, 62, 62, 62, 62, 62, 62, 62, 62, 62, 62, 62, 62, 62, 62, 62, 62, 62, 62, 62, 62, 62, 62, 62, 62, 62, 62, 62, 62, 62, 62, 62, 62, 62, 62, 62, 62, 62, 62, 62, 62, 62, 62, 62, 62, 62, 62, 62, 62, 62, 62, 62, 62, 62, 62, 62, 62, 62, 62, 62, 62, 62, 62, 62, 62, 
target_str: 55, 60, 51, 28, 10
mse: 5027.572453468152
----------------------
pred_str: 73, 73, 72, 72, 72
target_str: 74, 74, 80, 89, 93
mse: 831.3144314417635
----------------------
pred_str: -50, -67, -69, -76, -78
target_str: -24, -36, -40, -39, -32
mse: 6227.547681767884
----------------------
pred_str: 43, -32, -23, -13, -4
target_str: -44, -39, -28, -6, 24
mse: 8852.036584045713
----------------------
pred_str: 14, 21, 34, 52, 67
target_str: 19, 17, 17, 15, 12
mse: 4933.579615742323
----------------------
pred_str: 20, 40, 56, 52, 54, 42, 36, 24, 14, 1, 1, 0, -1, -2, -3, -4, -5, -6, -7, -8, -9, -10, -11, -12, -13, -14, -15, -16, -17, -18, -19, -20, -21, -22, -23, -24, -25, -26, -27, -28, -29, -30, -31, -
target_str: -20, -21, -28, -41, -50
mse: 33254.66598739778
----------------------
pred_str: 3, 2, 1, 0, -1
target_str: 5, 3, 2, 10, 31
mse: 1180.1322958909457
----------------------
pred_str: 64, 61, 61, 61, 56
target_str: 19, 14, 8, 3, 0
mse: 14143.833348009803
----------------------
pred_str: 3, 20, 28, 36, 34
target_str: -22, -42, -67, -104, -94
mse: 51673.084722205494
----------------------
pred_str: 84, 73, 59, 37, 0
target_str: -42, -53, -62, -57, -39
mse: 59267.706010452355
----------------------
pred_str: 44, 38, 33, 29, 25
target_str: -31, -34, -34, -30, -25
mse: 22223.03993297649
----------------------
pred_str: 2, 22, 33, 36, 45, 50, 56, 61, 66, 71, 76, 79, 80, 83, 86, 88, 88, 88, 88, 88, 88, 88, 88, 88, 88, 88, 88, 88, 88, 88, 88, 88, 88, 88, 88, 88, 88, 88, 88, 88, 88, 88, 88, 88, 88, 88, 88, 88, 88, 88, 88, 88, 88, 88, 88, 88, 88, 88, 88, 88, 88, 88, 88, 88, 88, 88, 88, 88, 88, 88, 88, 88, 88, 88, 88, 88, 88, 88, 88, 88, 88, 88, 88, 88, 88, 88, 88, 88, 88, 88, 88, 88, 88, 88, 88, 88, 88, 88, 88, 88, 88, 88, 88, 88, 88, 88, 88, 88, 88, 88, 88, 88, 88, 88, 88, 88, 88, 88, 88, 88, 88, 88, 88, 88, 88, 88, 88, 88, 
target_str: -47, -55, -61, -69, -74
mse: 44230.9407040472
----------------------
pred_str: 29, 28, 29, 27, 26, 25, 25, 24, 23, 22, 22, 22, 22, 22, 21, 21, 21, 20, 20, 20, 19, 18, 17, 16, 15, 15, 14, 14, 14, 13, 13, 12, 12, 12, 11, 11, 10, 10, 10, 9, 9, 8, 8, 7, 7, 6, 6, 5, 5, 5, 4, 4, 4, 4, 3, 3, 2, 2, 2, 2, 1, 1, 1, 0, 0, -1, -2, -3, -4, -5, -5, -5, -6, -6, -6, -6, -7, -7, -7, -8, -8, -8, -9, -9, -10, -10, -11, -11, -12, -12, -13, -13, -14, -14, -14, -15, -15, -15, -16, -16, -16, -16, -17, -17, -17, -18, -18, -18, -19, -19, -20, -20, -20, -20, -21, -21, -21, -22, -22, -22, -23, -23, -24, -24, -24, -25, -25, -25, -26, -26, -26, -27, -27, -27, -28, -28, -28, -29, -29, -2
target_str: 8, 6, 7, 7, 5
mse: 2349.820943145688
----------------------
pred_str: 12, 18, 26, 33, 40
target_str: -24, -39, -61, -79, -86
mse: 42332.28538198547
----------------------
pred_str: 7, 3, -13, -25, -38
target_str: 13, 33, 42, 40, 28
mse: 13098.424119525876
----------------------
pred_str: 69, 81, 90, 100, 108
target_str: -45, -38, -25, -6, 7
mse: 64561.59150414369
----------------------
pred_str:  -55, -54, -52, -46, -42
target_str: -52, -53, -51, -51, -51
mse: 122.19068904357559
----------------------
pred_str: 49, 43, 37, 29, 16
target_str: -8, 15, 40, 62, 75
mse: 8994.070205498076
----------------------
pred_str: 71, 75, 73, 68, 67
target_str: 22, 3, -16, -30, -38
mse: 37738.12434691976
----------------------
pred_str:  2, -5, -18, -36, -57
target_str: -57, -42, -20, -2, 4
mse: 10162.714487889196
----------------------
pred_str: 12, 20, 30, 35, 25
target_str: 38, 29, 20, 13, 4
mse: 1861.0581869713853
----------------------
pred_str: 28, 58, 89, 119, 149
target_str: 49, 52, 42, 39, 48
mse: 20142.66512464484
----------------------
pred_str: -4, -36, -52, -55, -44
target_str: -54, -67, -77, -79, -73
mse: 5747.139844502543
----------------------
pred_str:  65, 50, 39, 25, 13, 7, 1, 0
target_str: 15, 10, 7, 5, 2
mse: 5895.439655136627
----------------------
pred_str: 16, 10, 25, 33, 42
target_str: -11, 18, 43, 63, 75
mse: 3243.7972664046697
----------------------
pred_str: 76, 78, 75, 76, 78
target_str: 55, 60, 51, 28, 10
mse: 8635.853057276307
----------------------
pred_str: 73, 72, 71, 71, 71, 70, 70, 70, 69, 69, 69, 69, 69, 69, 68, 68, 68, 68, 68, 67, 67, 67, 67, 66, 66, 66, 66, 66, 66, 66, 66, 66, 66, 66, 66, 66, 66, 66, 66, 66, 66, 66, 66, 66, 66, 66, 66, 66, 66, 66, 66, 66, 66, 66, 66, 66, 66, 66, 66, 66, 66, 66, 66, 66, 66, 66, 66, 66, 66, 66, 66, 66, 66, 66, 66, 66, 66, 66, 66, 66, 66, 66, 66, 66, 66, 66, 66, 66, 66, 66, 66, 66, 66, 66, 66, 66, 66, 66, 66, 66, 66, 66, 66, 66, 66, 66, 66, 66, 66, 66, 66, 66, 66, 66, 66, 66, 66, 66, 66, 66, 66, 66, 66, 66, 66, 66, 66, 66, 
target_str: 74, 74, 80, 89, 93
mse: 933.6621880765531
----------------------
pred_str: 0, -1, 2, 4, 7
target_str: -11, 18, 43, 63, 75
mse: 10723.538419653301
----------------------
pred_str: 79, 80, 74, 69, 65
target_str: 55, 60, 51, 28, 10
mse: 6486.550167945721
----------------------
pred_str: 73, 74, 74, 75, 75
target_str: 74, 74, 80, 89, 93
mse: 581.7112290365103
----------------------
pred_str: -22, -34, -46, -58, -69
target_str: -24, -36, -40, -39, -32
mse: 1852.7032680624238
----------------------
pred_str: 55, 50, 36, 10, 0
target_str: -44, -39, -28, -6, 24
mse: 23654.864160999925
----------------------
pred_str: 25, 27, 26, 27, 28
target_str: 19, 17, 17, 15, 12
mse: 644.3731208537287
----------------------
pred_str: 0, -1, 2, 6, 11
target_str: -20, -21, -28, -41, -50
mse: 7968.503909422934
----------------------
pred_str: 14, 10, 5, 1, 0
target_str: 5, 3, 2, 10, 31
mse: 1233.3949039355812
----------------------
pred_str:  20, 22, 24, 25, 25
target_str: 19, 14, 8, 3, 0
mse: 1493.4417549770376
----------------------
pred_str: 0, 1, 4, 6, 8
target_str: -22, -42, -67, -104, -94
mse: 31203.533395247498
----------------------
pred_str: 11, -15, -30, -55, -75
target_str: -42, -53, -62, -57, -39
mse: 6868.7877080307535
----------------------
pred_str: 15, 12, 10, 8, 6
target_str: -31, -34, -34, -30, -25
mse: 8953.339975816883
----------------------
pred_str: 

```python
def solution(n):
    #convert n to string
    n = str(n)
    n = n.split(" ")
    #remove the first element and the last element
    n = n[1:-1]
    #print(n)
    #convert the string to a list
    n = list(n)
    #sort the list
    n.sort()
    #print(n)
    #calculate the result
    return n[-2] + n[-1]
```

target_str: -47, -55, -61, -69, -74
mse: 20043.450462600907
----------------------
pred_str: 12, 13, 12, 11, 11
target_str: 8, 6, 7, 7, 5
mse: 148.29981063408346
----------------------
pred_str: 0, -15, -32, -42, -42
target_str: -24, -39, -61, -79, -86
mse: 5533.045047460378
----------------------
pred_str: 12, 28, 38, 47, 58
target_str: 13, 33, 42, 40, 28
mse: 1034.965579847723
----------------------
pred_str: 47, 4 24, 13, 12, 3
target_str: -45, -38, -25, -6, 7
mse: 13121.400146525524
----------------------
pred_str: -42, -53, -55, -55, -53
target_str: -52, -53, -51, -51, -51
mse: 142.03362145236153
----------------------
pred_str:  0, 1, 2, 3, 4
target_str: -8, 15, 40, 62, 75
mse: 10679.675095381248
----------------------
pred_str: 39, 25, 14, 10, 6
target_str: 22, 3, -16, -30, -38
mse: 5440.096574598172
----------------------
pred_str: -68, -63, -59, -54, -48
target_str: -57, -42, -20, -2, 4
mse: 7823.337193379712
----------------------
pred_str: 42, 36, 27, 17, 5
target_str: 38, 29, 20, 13, 4
mse: 136.81179713426013
----------------------
pred_str: 10, 11, 12, 13, 14
target_str: 49, 52, 42, 39, 48
mse: 6197.261100722896
----------------------
pred_str: 30, 24, 16, 12, 9
target_str: -54, -67, -77, -79, -73
mse: 40720.830397419355
----------------------
pred_str: 67, 59, 51, 43, 36
target_str: 15, 10, 7, 5, 2
mse: 10068.721650163367
----------------------
