pred_str: 12, 14, 16, 17, 18, 18, 17, 16, 15, 15, 16, 16, 15, 14, 14, 14, 15, 16, 16, 17, 18, 19, 20, 21, 22, 22, 22, 22, 21, 21, 20, 20, 20, 21, 21, 21, 21, 21, 21, 20, 19, 18, 17, 16, 16, 16, 17, 17
target_str: 8, 6, 7, 7, 5, 1, -5, -5, -2, 0, 5, 13, 20, 23, 30, 37, 43, 49, 56, 66, 69, 72, 73, 75, 73, 73, 75, 75, 74, 76, 74, 70, 69, 68, 67, 69, 71, 73, 74, 74, 71, 69, 70, 69, 71, 74, 72, 70, 71, 70
mse: 0.6177894161838022
----------------------
pred_str: -7, -6, -4, -1, 0, 0, 0, 0, 0, 0, 0, 0, 0, 0, 0, 0, 0, 0, 0, 0, 0, 0, 0, 0, 0, 0, 0, 0, 0, 0, 0, 0, 0, 0, 0, 0, 0, 0, 0, 0, 0, 0, 0, 0, 0, 0, 0, 0, 0, 0, 0, 0, 0, 0, 0, 0, 0, 0, 0, 0, 0, 0, 0, 0, 0, 0, 0, 0, 0
target_str: -6, -3, 0, 1, 1, -1, -5, -10, -15, -21, -28, -34, -40, -41, -40, -35, -29, -24, -18, -16, -14, -10, -2, 9, 22, 29, 31, 29, 20, 13, 4, -1, -5, -6, -3, 0, 6, 10, 14, 15, 13, 8, 2, -1, -7, -13, -18, -22, -24, -24
mse: 0.11670090300047209
----------------------
pred_str: -40, -33, -31, -22, -14, -13, -20, -24, -27, -27, -30, -32, -32, -32, -35, -44, -62, -88, -87, -54, -36, -26, -21, -22, -25, -33, -42, -47, -49, -49, -52, -51, -48, -46, -43, -37, -34, -35, -40, -47
target_str: -51, -57, -57, -60, -74, -69, 6, 76, 15, -2, 23, 30, 18, 13, 23, 40, 47, 45, 43, 55, 85, 104, 87, 52, 45, 56, 24, -12, -15, -23, -34, -49, -58, -61, -54, -49, -47, -47, -46, -53, -79, -91, -52, 71, 74, 12, 35, 46, 34, 16
mse: 1.3316271176399477
----------------------
pred_str: 44, 44, 44, 39, 30, 22, 13, 7, 2, -4, -10, -13, -14, -14, -12, -9, -6, -2, 4, 11, 18, 25, 32, 36, 36, 28, 12, -2, -19, -40, -61, -73, -74, -71, -62, -50, -36, -14, 5, 14, 19, 20, 20, 20, 18, 14
target_str: 38, 29, 20, 13, 4, -3, -12, -19, -24, -25, -19, -7, 7, 23, 34, 42, 45, 45, 43, 39, 32, 23, 9, -7, -29, -50, -69, -82, -86, -83, -73, -59, -42, -22, -2, 13, 25, 36, 45, 52, 58, 60, 60, 55, 45, 33, 18, 4, -6, -15
mse: 0.5147791373646887
----------------------
pred_str: -53, -55, -56, -55, -49, -37, -18, 1, 29, 50, 68, 79, 83, 79, 65, 46, 27, 9, -10, -23, -33, -37, -35, -26, -13, -3, 1, 12, 30, 51, 69, 81, 79, 66, 47, 28, 9, -1, -12, -22, -31
target_str: -52, -53, -51, -51, -51, -50, -51, -45, -29, -10, 7, 21, 23, 17, 4, -13, -30, -47, -57, -63, -64, -62, -53, -43, -33, -22, -15, -8, 2, 14, 29, 41, 48, 51, 53, 49, 44, 39, 32, 25, 21, 17, 12, 7, 0, -7, -14, -17, -9, 8
mse: 0.41344129274954783
----------------------
pred_str: -26, -24, -23, -21, -21, -19, -19, -18, -17, -18, -19, -21, -22, -24, -26, -28, -30, -31, -30, -26, -17, -11, -5, -2, 1, 12, 21, 13, 0, -23, -26, -28, -25, -21, -15, -10, -9, -9, -10, -10, -10, -12, -12, -12, -11
target_str: -26, -44, -64, -80, -85, -68, -60, -54, -43, -40, -19, 15, 30, 17, 11, 10, 4, 1, -13, -37, -48, -59, -73, -70, -57, -48, -35, -28, -15, 28, 46, 25, 8, 8, 18, 14, -1, -17, -29, -32, -30, -20, -8, -8, -8, -7, -8, 13, 19, 5
mse: 0.44166524051736744
----------------------
pred_str: 10, 10, 10, 13, 15, 15, 17, 17, 17, 16, 14, 11, 11, 12, 22, 47, 66, 66, 60, 45, 33, 27, 22, 19, 17, 16, 17, 17, 17, 16, 16, 15, 24, 46, 68, 67, 56, 39, 24, 13, 5, 0, -5, -10, -14, -16, -15, -10, -3, 14
target_str: 5, 3, 2, 10, 31, 73, 101, 83, 46, 22, 10, 2, -1, -4, -7, -11, -14, -15, -11, -3, 17, 54, 81, 78, 50, 29, 15, 8, 3, 1, 0, 1, 1, 1, 2, 9, 30, 68, 99, 88, 50, 25, 12, 5, 1, -2, -6, -10, -14, -16
mse: 0.5118102425374812
----------------------
pred_str: -11, -18, -17, -15, -13, -11, -10, -8, -6, -4, -1, 0, 1, 2, 2, 1, 0, -1, -2, -2, -2, -2, -2, -2, -1, -1, 0, 0, 0, 0, 0, 0, 0, 0, 0, 0, 0, 0, 0, 0, 0, 0, 0, 0, 0, 0, 0, 0, 0, 0, 0, 0, 0, 0, 0, 0, 0, 0, 0, 0, 0, 0, 0, 0, 0, 0, 0, 0, 0, 0, 0, 0
target_str: 5, 24, 41, 54, 61, 67, 64, 45, 19, -9, -33, -48, -51, -48, -44, -44, -48, -50, -40, -19, 8, 34, 44, 35, 8, -20, -31, -19, 3, 25, 36, 32, 17, -2, -20, -29, -30, -23, -8, 11, 33, 52, 65, 73, 77, 71, 53, 33, 11, -6
mse: 0.5890468841666887
----------------------
pred_str: -39, -48, -49, -38, -23, 0, 19, 42, 64, 77, 81, 81, 78, 68, 52, 29, 7, -18, -41, -54, -58, -53, -38, -22, 1, 26, 47, 62, 71, 74, 69, 58, 44, 22, 6, -19, -40, -54, -57, -52, -41, -26, -5, 13, 27, 37, 39, 28, 10, -8, -29
target_str: -42, -53, -62, -57, -39, -12, 21, 51, 73, 85, 90, 89, 88, 83, 66, 39, 6, -28, -62, -92, -109, -104, -80, -39, 7, 61, 106, 130, 129, 109, 75, 39, 5, -24, -45, -56, -59, -60, -57, -43, -19, 6, 30, 49, 62, 74, 86, 97, 102, 98
mse: 0.4338670298686107
----------------------
pred_str: 73, 94, 110, 126, 127, 115, 99, 81, 58, 33, 9, -12, -29, -38, -39, -36, -32, -28, -21, -14, -6, 0, 5, 16, 33, 50, 69, 84, 88, 82, 67, 49, 26, 6, -1, -22, -37, -44, -45, -43, -37, -28, -17, -8, -2, 1, 9, 19, 34, 50, 66, 71, 66, 55, 38, 21
target_str: 79, 91, 93, 83, 64, 40, 15, -6, -24, -38, -49, -56, -58, -54, -49, -41, -33, -25, -16, -7, 6, 29, 61, 94, 118, 130, 127, 109, 80, 45, 12, -15, -38, -55, -66, -71, -70, -62, -52, -43, -34, -28, -22, -17, -9, 8, 40, 76, 108, 127
mse: 0.7317158934505522
----------------------
pred_str: -1, -5, -14, -31, -37, -27, -25, -27, -25, -17, -22, -40, -19, 22, 32, 22, -16, -24, -32, -32, -27, -25, -17, -11, -10, -28, -14, -33, -28, -28, -21, -13, -14, -16, -16, -22
target_str: 23, 36, 65, 76, 68, 45, 27, 13, -47, -57, -43, -75, -76, -78, -66, -61, -64, -72, -85, -94, -100, -94, -74, -51, -36, -71, -72, -7, 18, 42, 11, 5, 17, 36, 51, 45, 42, 53, 67, 79, 76, 65, 37, 0, -49, -92, -51, -56, -92, -97
mse: 1.2243255541579274
----------------------
pred_str: -17, -13, -10, -5, 2, 14, 21, 23, 19, 12, -6, -17, -24, -16, -8, 0, 3, 7, 11, 9, 3, -12, -26, -38, -50, -55, -58, -63, -67, -68, -68, -63, -54, -42, -30, -22, -17, -10, -1, 0, 0, 0, 0, 0, 0, 0, 0, 0, 0, 0, 0, -1, -6, -11, -14, -11, -1, 4, 12, 13, 13, 13, 11, 11, 10, 13, 19
target_str: -20, -21, -28, -41, -50, -59, -70, -77, -78, -75, -73, -66, -64, -71, -79, -84, -75, -50, -28, -24, -19, -13, -15, -26, -33, -38, -50, -52, -53, -58, -60, -56, -51, -40, -24, -8, 10, 10, 0, -2, -19, -50, -99, -144, -198, -233, -234, -216, -190, -155
mse: 2.4131604987548045
----------------------
pred_str: -42, -24, -8, 21, 56, 86, 98, 92, 76, 55, 30, 9, -15, -36, -52, -64, -72, -74, -71, -62, -46, -19, 1, 21, 40, 53, 55, 54, 46, 34, 14, -2, -16, -31, -45, -53
target_str: -44, -39, -28, -6, 24, 58, 85, 99, 100, 88, 69, 44, 17, -7, -30, -47, -59, -66, -67, -67, -61, -54, -36, -6, 28, 60, 77, 82, 74, 59, 38, 12, -11, -32, -47, -60, -68, -71, -71, -69, -62, -50, -30, 2, 43, 81, 109, 123, 121, 107
mse: 0.6884270732407453
----------------------
pred_str: -32, -35, -36, -32, -24, -9, 1, 11, 16, 21, 24, 24, 21, 15, 9, 3, -2, -7, -13, -19, -23, -26, -28, -26, -22, -15, -6, 0, 4, 8, 11, 13, 13, 12, 11, 10, 9, 9, 8, 7, 6, 6, 7, 9, 13, 20, 26, 30, 32, 31, 27, 20, 10, 0, -11
target_str: -29, -29, -29, -26, -24, -21, -16, -7, 2, 12, 18, 20, 19, 14, 7, 0, -8, -16, -22, -27, -32, -37, -40, -40, -38, -33, -25, -17, -8, -1, 2, 4, 5, 6, 8, 11, 15, 18, 19, 19, 16, 11, 5, 0, -7, -13, -18, -21, -22, -22
mse: 0.10441693859532325
----------------------
pred_str: -13, -27, -39, -46, -48, -40, -31, -20, -12, -6, -3, 0, 5, 17, 31, 42, 41, 30, 13, -2, -16, -31, -44, -54, -61, -63, -57, -46, -31, -11, 8, 28, 50, 66, 71, 67, 58, 44, 27, 6, -13, -28, -37, -42, -37, -30, -22
target_str: -24, -36, -40, -39, -32, -23, -15, -12, -12, -13, -16, -28, -33, -47, -59, -70, -74, -77, -74, -64, -43, -14, 21, 59, 88, 99, 99, 82, 57, 25, -7, -35, -60, -69, -74, -75, -69, -66, -64, -65, -70, -83, -95, -115, -134, -153, -167, -174, -170, -164
mse: 2.881176301439418
----------------------
pred_str: -32, -32, -28, -20, -11, 0, 0, -6, -13, -20, -25, -23, -17, -14, -11, -13, -19, -29, -35, -38, -41, -41, -39, -34, -27, -21, -13, -6, -1, 10, 28, 48, 57, 56, 44, 26, 5, -17, -37, -53, -64, -68, -65, -59, -49, -40, -33, -27, -22, -19, -17, -11, -4, 17, 39, 57, 57, 47, 32, 14, 1, -10, -25, -37, -48
target_str: -31, -30, -29, -20, -4, 17, 36, 47, 52, 51, 47, 38, 25, 7, -11, -24, -33, -36, -34, -31, -29, -28, -29, -29, -28, -19, 0, 27, 55, 76, 83, 81, 74, 63, 47, 25, 0, -23, -42, -52, -56, -53, -46, -37, -31, -27, -25, -16, 1, 24
mse: 0.2798604724345599
----------------------
pred_str: -49, -37, -23, -17, -14, -11, -11, -17, -32, -50, -66, -80, -87, -83, -66, -52, -35, -23, -13, -5, 0, 6, 15, 22, 27, 28, 25, 18, 14, 10, 9, 25, 49, 74, 94, 92, 87, 79, 71, 63, 55, 49, 45
target_str: -72, -57, -30, -27, -13, -1, 6, 11, 17, 24, 28, 28, 23, 21, 10, -9, -35, -82, -101, -104, -101, -91, -72, -47, -28, -15, -9, -6, -3, -5, -18, -32, -38, -51, -65, -65, -61, -59, -44, -38, -26, -3, 10, 15, 23, 32, 33, 28, 24, 19
mse: 1.8008486287041692
----------------------
pred_str: -43, -29, -15, -1, 14, 26, 38, 48, 53, 50, 39, 24, 6, -15, -36, -58, -76, -85, -85, -80, -68, -52, -33, -12, 5, 12, 9, 0, -12, -28, -49, -68, -78, -78, -74, -61, -44, -29, -15, -12, -11, -17, -30, -50, -72, -97, -121, -135, -138, -136, -128
target_str: -44, -30, -15, 0, 16, 31, 45, 56, 63, 65, 60, 50, 35, 17, -5, -35, -67, -89, -97, -91, -77, -60, -41, -23, -8, 2, 8, 11, 11, 11, 9, 4, 0, -2, -7, -24, -48, -68, -75, -67, -45, -14, 14, 35, 47, 49, 45, 36, 26, 16
mse: 1.2647167848748044
----------------------
pred_str: -67, -51, -19, 10, 16, 22, 33, 44, 51, 53, 54, 55, 58, 70, 72, 71, 68, 65, 60, 54, 47, 35, 19, 0, -13, -26, -39, -53, -69, -85, -95, -96, -99, -97, -97, -91, -87, -73
target_str: -57, -42, -20, -2, 4, 6, 2, 3, 13, 28, 38, 46, 52, 53, 49, 50, 55, 58, 56, 57, 61, 53, 43, 26, 8, -5, -19, -30, -39, -43, -52, -66, -78, -79, -70, -69, -68, -55, -48, -44, -24, -10, -6, 0, 5, 7, 10, 13, 24, 37
mse: 0.1699076469780244
----------------------
pred_str: 15, 28, 39, 47, 54, 63, 68, 64, 52, 34, 12, -3, -12, -19, -21, -20, -20, -21, -21, -20, -19, -15, -1, 11, 25, 42, 56, 61, 59, 53, 45, 32, 18, 5, -5, -13, -20, -23, -23, -22, -20, -19, -17, -11
target_str: 26, 37, 44, 41, 35, 21, 7, -8, -20, -31, -40, -45, -44, -40, -29, -15, 0, 12, 20, 27, 36, 44, 50, 51, 45, 35, 25, 14, 4, -4, -12, -19, -25, -28, -25, -19, -15, -10, -7, -7, -7, -7, -2, 6, 17, 27, 34, 39, 44, 50
mse: 0.46387361099337787
----------------------
pred_str: 51, 54, 53, 50, 44, 39, 35, 32, 30, 33, 40, 45, 54, 62, 66, 63, 54, 48, 41, 33, 15, -12, -44, -68, -82, -87, -87, -83, -76, -67, -58, -49, -39, -32, -27, -27, -30, -35, -42, -50, -57, -60, -59, -55, -46, -36, -22, -12, -4, 26
target_str: 55, 60, 51, 28, 10, -12, -31, -46, -56, -60, -62, -64, -65, -58, -45, -32, -15, 17, 45, 63, 60, 54, 53, 50, 50, 49, 47, 42, 43, 51, 57, 67, 69, 66, 56, 37, 29, 17, 1, -16, -31, -39, -43, -45, -43, -41, -45, -53, -57, -51
mse: 2.0580728986570507
----------------------
pred_str: 22, 22, 22, 22, 22, 22, 22, 22, 22, 22, 22, 23, 25, 30, 45, 72, 88, 87, 61, 42, 31, 27, 21, 13, 3, -5, -12, -17, -19, -17, -12, -5, 2, 22, 59, 96, 96, 70, 42, 26, 20, 18, 18, 17, 15, 12, 9, 6, 3, 1, 2, 8, 18, 36, 75, 103, 87, 60, 42, 32
target_str: 19, 17, 17, 15, 12, 9, 6, 6, 5, 5, 7, 14, 29, 56, 91, 87, 60, 44, 35, 28, 21, 14, 6, -2, -11, -18, -20, -19, -14, -9, 0, 15, 51, 93, 97, 72, 45, 30, 20, 17, 17, 17, 16, 13, 9, 6, 5, 7, 11, 19
mse: 0.160962068677705
----------------------
pred_str: 41, 28, 17, 16, 22, 33, 41, 41, 32, 26, 16, -2, -37, -56, -25, -38, -30, -15, -14, -34, -61, -79, -87, -84, -65, -47, -38, -47, -12, 15, 22, 25, -11, -3, 14, 30, 36, 34, 29, 23, 25, 35, 49, 57
target_str: 46, 38, 16, -47, -38, -8, -35, -32, -34, -37, -37, -40, -51, -61, -68, -70, -63, -50, -41, -24, -46, -32, 18, 28, 24, -7, -7, 0, 14, 28, 28, 23, 22, 27, 37, 44, 45, 31, 16, -21, -46, -13, -28, -39, -29, -25, -22, -17, -23, -39
mse: 0.7167028794334942
----------------------
pred_str: 34, 44, 40, 37, 49, 57, 51, 40, 33, 30, 28, 28, 25, 21, 21, 27, 50, 78, 89, 88, 82, 70, 55, 38, 18, -11, -31, -40, -37, -26, -16, -8, -4, 1, 22, 34, 34, 34, 40, 47, 47, 40, 35, 31, 30, 28, 26, 24, 22, 22, 26, 49, 74, 83, 84, 78, 66, 50
target_str: 49, 52, 42, 39, 48, 56, 54, 46, 39, 34, 28, 23, 20, 16, 12, 10, 17, 44, 78, 92, 98, 87, 76, 57, 37, 17, 0, -13, -22, -23, -19, -13, -9, -6, -4, 15, 46, 55, 47, 37, 39, 41, 34, 28, 24, 21, 17, 14, 12, 12
mse: 0.06520548704558955
----------------------
pred_str: -28, -28, -25, -20, -12, 4, 37, 29, 20, 26, 23, 22, 23, 23, 24, 22, 20, 18, 15, 12, 13, 20, 30, 43, 55, 68, 85, 89, 78, 68, 58, 47, 34, 23, 14, 4, -1, -8, -18, -27, -35, -37, -36, -34, -29
target_str: -31, -34, -34, -30, -25, -22, -21, -13, 20, 67, 46, 40, 42, 28, 24, 23, 25, 28, 30, 29, 28, 29, 32, 36, 45, 61, 80, 102, 108, 100, 89, 71, 59, 44, 30, 15, 3, -8, -18, -25, -31, -34, -36, -37, -34, -31, -31, -29, -14, 14
mse: 0.1205643556577115
----------------------
