pred_str:  1, 2, 4, 7, 11, 16, 21, 25, 27, 26, 24, 21, 17, 12, 6, 1, -2, -4, -5, -7, -10, -13, -17
target_str: -8, 15, 40, 62, 75, 78, 75, 64, 52, 41
mse: 2738.253986104033
----------------------
pred_str: -10, -13, -17, -22, -28, -35, -44, -53, -56, -56, -51, -44, -39, -31, -27, -8, 41, 39, 23, 15, 5, 11, 22, 32, 40, 41, 36, 37, 48, 63, 78, 78, 71, 49, 39, 52, 36, 28, 7, -16, -27, -32, -40, -50, -55, -54, -49, -43, -38, -31, -27, -9, 53, 54, 30, 27, 8, 8, 20, 25, 27, 30, 32, 39, 54, 69, 80, 77, 77, 71, 49, 55, 41, 28, 5, -21, -31, -33, -38, -43, -48, -52
target_str: -56, -55, -48, -41, -39, -34, -37, 1, 74, 39
mse: 5263.884811808259
----------------------
pred_str: -9, -9, -9, -9, -9, -9, -9, -9, -9, -9, -9, -9, -9, -9, -9, -9, -9, -9, -9, -9, -9, -9, -9, -9, -9, -9, -9, -9, -9, -9, -9, -9, -9, -9, -9, -9, -9, -9, -9, -9, -9, -9, -9, -9, -9, -9, -9, -9, -9, -9, -9, -9, -9, -9, -9, -9, -9, -9, -9, -9, -9, -9, -9, -9, -9, -9, -9, -9, -9, -9, -9, -9, -9, -9, -9, -9, -9, -9, -9, -9, -9, -9, -9, -9, -9, -9, -9, -9, -9, -9, -9, -9, -9, -9, -9, -9, -9, -9, -9, -9, -9, -9, -9, -9, -9, -9, -9, -9, -9, -9, -9, -9, -9, -9, -9, -9, -9, -9, -9, -9, -9, -9, -9, -9, -9, -9, -9, -9, -9, -9, -9, -9, -9, -9, -9, -9, -9, -9, -9, -9, -9, -9, -9, -9, -9, -9, -9, -9, -9, -9, -9, -9, -9, -9, -9, -9, -9, -9, -9, -9, -9, -9, -9, -9, -9, -9, -9, -9, -9, -9, -9
target_str: -57, -42, -20, -2, 4, 6, 2, 3, 13, 28
mse: 934.6495654333072
----------------------
pred_str: -12, -22, -32, -42, -52, -62, -72, -82, -92, -98, -104, -110
target_str: -52, -53, -51, -51, -51, -50, -51, -45, -29, -10
mse: 2564.863029685376
----------------------
pred_str: 58, 62, 27, 16, 8, 8, 10, 8, 7, 7, 7, 11, 22, 42, 76, 92, 72, 45, 24, 12, 8, 9, 10, 8, 5, 1, 0, -5, -11, -15, -16, -13, -7, -1, 10, 31, 61, 95, 91, 62, 36, 19, 10, 3, -1, -6, -11, -15, -16, -13, -7, -1, 10, 31, 63, 86
target_str: 9, 3, 2, 4, 5, 5, 5, 6, 8, 12
mse: 1034.499370859845
----------------------
pred_str: 1, 2, 2, 1, 0, -1, -2, -2, -3, -2, -3, -3, -3, -3, -3, -3, -3, -3, -3, -3, -3, -3, -3, -3, -3, -3, -3, -3, -3, -3, -3, -3, -3, -3, -3, -3, -3, -3, -3, -3, -3, -3, -3, -3, -3, -3, -3, -3, -3, -3, -3, -3, -3, -3, -3, -3, -3, -3, -3, -3, -3, -3, -3, -3, -3, -3, -3, -3, -3, -3, -3, -3, -3, -3, -3, -3, -3, -3, -3, -3, -3, -3, -3, -3, -3, -3, -3, -3, -3, -3, -3, -3, -3, -3, -3, -3, -3, -3, -3, -3, -3, -3, -3, -3, -3, -3, -3, -3, -3, -3, -3, -3, -3, -3, -3, -3, -3, -3, -3, -3, -3, -3, -3, -3, -3, -3, -3, -3, -3, -3, -3, -3, -3, -3, -3, -3, -3, -3, -3, -3, -3, -3, -3, -3, -3, -3, -3, -3, -3, -3, -3, -3, -3, -3, -3, -3, -3, -3, -3, -3, -3, -3, -3, -3, -3, -3, -3, -3, -3, -3, -3
target_str: 13, 33, 42, 40, 28, 15, 4, -3, -10, -11
mse: 835.8767224689971
----------------------
pred_str: -11, -15, -34, -44, -50, -56, -63, -71, -78, -86, -95, -97, -99, -101
target_str: -45, -38, -25, -6, 7, 55, 94, 96, 96, 90
mse: 20396.130516789057
----------------------
pred_str: 0, 6, 14, 20, 23, 22, 18, 12, 4, -1, -7, -12, -19, -28, -40, -47, -50, -50, -43, -32, -18, -4, 4, 9, 10, 8, 7, 6, 6, 7, 6, -3, -25, -50, -72, -83, -85, -82, -75, -59, -36, -11, 10, 29, 46, 60, 66, 59, 41, 18, -5, -27, -46, -59, -71, -78, -75, -58, -36, -15, 0, 12, 18, 22, 25, 29, 31, 23, 1, -26, -55, -76, -85, -85, -80, -68, -52, -31, -8, 13, 32, 45, 46, 36, 18, -1, -15, -22, -24, -28, -42, -72, -95, -100, -84, -53, -20, 8, 28, 37, 32, 19, 8, 1, -15, -38, -59, -73, -78, -71, -54, -27, 2, 29, 50, 64, 63, 49, 28, 5, -10, -17, -18, -21, -34, -57, -73, -76, -64, -41
target_str: -11, 18, 43, 63, 75, 77, 57, 39, 38, 23
mse: 1948.6866495108268
----------------------
pred_str: -5,  -4,  -5,  -4,  -4,  -4,  -4,  -4,  -4,  -4,  -4,  -4,  -4,  -4,  -4,  -4,  -4,  -4,  -4,  -4,  -4,  -4,  -4,  -4,  -4,  -4,  -4,  -4,  -4,  -4,  -4,  -4,  -4,  -4,  -4,  -4,  -4,  -4,  -4,  -4,  -4,  -4,  -4,  -4,  -4,  -4,  -4,  -4,  -4,  -4,  -4,  -4,  -4,  -4,  -4,  -4,  -4,  -4,  -4,  -4,  -4,  -4,  -4,  -4,  -4,  -4,  -4,  -4,  -4,  -4,  -4,  -4,  -4,  -4,  -4,  -4,  -4,  -4,  -4,  -4,  -4,  -4,  -4,  -4,  -4,  -4,  -4,  -4,  -4,  -4,  -4,  -4,  -4,  -4,  -4,  -4,  -4,  -4,  -4,  -4,  -4,  -4,  -4,  -4,  -4,  -4,  -4,  -4,  -4,  -4,  -4,  -4,  -4,  -4,  -4,  -4,  -4,  -4,  -4,  -4,  -4,  -4,  -4,  -4,  -4,  -4,  -4,  -4, 
target_str: -22, -42, -67, -104, -94, -65, -52, -45, -37, -23
mse: 5051.415503188769
----------------------
pred_str:  50, 55, 60, 65, 70, 75, 80, 85, 90, 95, 100
target_str: 68, 55, 48, 37, 24, 13, 5, 0, -7, -14
mse: 6362.078819719854
----------------------
pred_str: 22, 17, 15, 16, 17, 15, 14, 13, 13, 12, 13, 13, 13, 12, 11, 10, 10, 10, 10, 10, 10, 10, 10, 10, 10, 10, 10, 10, 10, 10, 10, 10, 10, 10, 10, 10, 10, 10, 10, 10, 10, 10, 10, 10, 10, 10, 10, 10, 10, 10, 10, 10, 10, 10, 10, 10, 10, 10, 10, 10, 10, 10, 10, 10, 10, 10, 10, 10, 10, 10, 10, 10, 10, 10, 10, 10, 10, 10, 10, 10, 10, 10, 10, 10, 10, 10, 10, 10, 10, 10, 10, 10, 10, 10, 10, 10, 10, 10, 10, 10, 10, 10, 10, 10, 10, 10, 10, 10, 10, 10, 10, 10, 10, 10, 10, 10, 10, 10, 10, 10, 10, 10, 10, 10, 10, 10, 10, 10,
target_str: 38, 29, 20, 13, 4, -3, -12, -19, -24, -25
mse: 825.4148014073568
----------------------
pred_str: -2, 13, 30, 58, 91, 122, 157, 192, 225, 259, 289
target_str: 79, 91, 93, 83, 64, 40, 15, -6, -24, -38
mse: 36042.856575154045
----------------------
pred_str:  -52, -58, -63, -69, -75, -80, -86, -93, -97, -99, -99, -99, -99
target_str: -44, -30, -15, 0, 16, 31, 45, 56, 63, 65
mse: 18519.600352247486
----------------------
pred_str:  8, 20, 32, 44, 56, 68, 80
target_str: 5, 3, 2, 10, 31, 73, 101, 83, 46, 22
mse: 1989.918926636114
----------------------
pred_str: 42, 40, 39, 39, 36, 34, 31, 28, 25, 22, 18, 13, 5, 1, 1
target_str: -8, 15, 40, 62, 75, 78, 75, 64, 52, 41
mse: 1759.1412561587545
----------------------
pred_str: 59, 61, 59, 55, 51, 45, 40, 32, 25, 17, 2
target_str: -56, -55, -48, -41, -39, -34, -37, 1, 74, 39
mse: 10994.555925102057
----------------------
pred_str: 66, 67, 68, 67, 66, 65, 64, 63, 62, 61, 60, 59, 58, 57, 56, 55, 54, 53, 52, 51, 50, 49, 48, 47, 46, 45
target_str: -57, -42, -20, -2, 4, 6, 2, 3, 13, 28
mse: 8888.632756105992
----------------------
pred_str: 102, 93, 76, 63, 54, 43, 33, 22, 11, 2, 8, 14, 25, 36, 44, 51, 60, 65, 69, 72, 71, 65, 58, 49, 39, 29, 17, 0, -2, -7, -13, -19, -25, -28, -30, -32, -32, -30, -25, -18, -9, -2, 3, 11, 23, 34, 44, 53, 61, 66, 70, 66, 58, 47, 36, 23, 9, 2, -2, -7, -12, -17, -22, -26, -30, -32, -31, -27, -20, -10, 0, 8, 19, 32, 42, 52, 61, 67, 70, 65, 56, 45, 34, 22, 7, 0, -4, -10, -15, -21, -26, -30, -32, -32, -29, -25, -18, -10, 1, 6, 15, 27, 36, 45, 54, 62, 67, 69, 65, 57, 47, 36, 23, 6, 0, -2, -7, -12, -17, -22, -26, -30, -32, -31, -27, -20, -10, 0, 8, 19, 32, 42, 52, 61, 
target_str: -52, -53, -51, -51, -51, -50, -51, -45, -29, -10
mse: 16480.602707689854
----------------------
pred_str: 49, 65, 25, 13, 6, 4, 4, 3, 2, 2, 1, 2, 1, 1, 1, 1, 1, 2, 4, 7, 11, 18, 29, 47, 71, 96, 88, 64, 35, 16, 7, 5, 3, 2, 2, 1, 2, 1, 2, 1, 1, 1, 1, 1, 1, 1, 1, 1, 1, 1, 1, 1, 1, 1, 1, 1, 1, 1, 1, 1, 1, 1, 1, 1, 1, 1, 1, 1, 1, 1, 1, 1, 1, 1, 1, 1, 1, 1, 1, 1, 1, 1, 1, 1, 1, 1, 1, 1, 1, 1, 1, 1, 1, 1, 1, 1, 1, 1, 1, 1, 1, 1, 1, 1, 1, 1, 1, 1, 1, 1, 1, 1, 1, 1, 1, 1, 1, 1, 1, 1, 1, 1, 1, 1, 1, 1, 1, 1, 1, 1, 1, 1, 1, 1, 1, 1, 1, 1, 1, 1, 1, 1, 1, 1, 1, 1, 1, 1, 1, 1, 1, 1, 1, 1, 1, 1, 1, 1, 1, 1, 1, 1, 1, 1, 1, 1, 
target_str: 9, 3, 2, 4, 5, 5, 5, 6, 8, 12
mse: 954.1887415337238
----------------------
pred_str: 8, 11, 22, 36, 49, 60, 68, 73, 77, 75, 73, 65, 50, 30, 11, -1, -12, -20, -29, -36, -42, -45, -45, -43, -34, -22, -12, -16, -18, -25, -25, -20, -16, -11, -6, -2, 2, 7, 13, 22, 34, 46, 57, 66, 73, 72, 63, 50, 30, 10, -1, -12, -19, -28, -36, -41, -43, -40, -32, -22, -12, -6, -2, 0, 2, 6, 10, 17, 23, 35, 46, 55, 63, 65, 59, 43, 18, -1, -12, -20, -28, -35, -40, -40, -32, -22, -12, -6, 0, 2, 5, 8, 11, 16, 23, 31, 42, 51, 58, 60, 52, 40, 20, -1, -12, -20, -28, -35, -40, -40, -32, -22, -12, -6, 0, 2, 5, 8, 11, 16, 23, 31, 42, 51, 58, 60, 52, 40, 20, -1, -12, -20, -28, -35, -4
target_str: 13, 33, 42, 40, 28, 15, 4, -3, -10, -11
mse: 4342.928054823274
----------------------
pred_str: 140, 141, 144, 145, 147, 148, 150, 153, 158, 164, 171, 179, 188, 192, 199, 207, 210, 210, 214, 214, 214, 214, 214, 213, 213, 213, 213, 213, 213, 213, 213, 213, 213, 213, 213, 213, 213, 213, 213, 213, 213, 213, 213, 213, 213, 213, 213, 213, 213, 213, 213, 213, 213, 213, 213, 213, 213, 213, 213, 213, 213, 213, 213, 213, 213, 213, 213, 213, 213, 213, 213, 213, 213, 213, 213, 213, 213, 213, 213, 213, 213, 213, 213, 213, 213, 213, 213, 213, 213, 213, 213, 213, 213, 213, 213, 213, 213, 213, 213, 213, 213, 213, 21
target_str: -45, -38, -25, -6, 7, 55, 94, 96, 96, 90
mse: 24859.67836738183
----------------------
pred_str: 15, 17, 16, 18, 18, 19, 20, 20, 20, 21, 21, 22, 23, 24
target_str: -11, 18, 43, 63, 75, 77, 57, 39, 38, 23
mse: 1861.9142454113385
----------------------
pred_str: 10, 11, 14, 16, 19, 21, 24, 25, 26, 28, 29, 30, 31, 32, 33, 34, 36, 37, 39, 40, 41, 43, 44, 45, 47, 49, 51, 52, 54, 56, 58, 60, 62, 64, 67, 69, 71, 73, 75, 78, 80, 82, 84, 86, 88, 90, 92, 94, 96, 98, 100, 102, 104, 106, 108, 110, 112, 114, 116, 118, 120, 1222
target_str: -22, -42, -67, -104, -94, -65, -52, -45, -37, -23
mse: 9570.349994696111
----------------------
pred_str: 15, 24, 43, 70, 94, 103, 100, 98, 95, 93, 92, 91, 90, 89, 88, 87, 86, 85, 84, 83, 82, 81, 80, 79, 78, 77, 76, 75, 74, 73, 72, 71, 70, 69, 68, 67, 66, 65, 64, 63, 62, 61, 60, 59, 58, 57, 56, 55, 54, 53, 52, 51, 50, 49, 48, 47, 46, 45, 44, 43, 42, 41, 40, 39, 38, 37, 36, 35, 34, 33, 32, 31, 30, 29, 28, 27, 26, 25, 24, 23, 22, 21, 20, 19, 18, 17, 16, 15, 14, 13, 12, 11, 10, 9, 8, 7, 6, 5, 4, 3, 2, 1, 0, -1
target_str: 68, 55, 48, 37, 24, 13, 5, 0, -7, -14
mse: 8979.713010054387
----------------------
pred_str: 20, 10, 36, 24, 17, 12, 7, 0
target_str: 38, 29, 20, 13, 4, -3, -12, -19, -24, -25
mse: 519.8651656953324
----------------------
pred_str: 11, 19, 32, 47, 59, 69, 70, 66, 60, 53, 43, 36, 26, 16, 6, 1, 10, 17, 25, 33, 41, 50, 59, 66, 63, 55, 46, 34, 21, 13, 4, 1
target_str: 79, 91, 93, 83, 64, 40, 15, -6, -24, -38
mse: 6036.682304346776
----------------------
pred_str: 98, 92, 85, 80, 74, 67, 59, 52, 45, 37, 28, 19, 9, 1, 13
target_str: -44, -30, -15, 0, 16, 31, 45, 56, 63, 65
mse: 8835.40004011588
----------------------
pred_str: 95, 40, 13, 23, 34, 39, 28, 26, 16, 13, 22, 19, 20, 15, 27, 36, 47, 55, 60, 65, 71, 76, 82, 88, 92, 96, 99, 100
target_str: 5, 3, 2, 10, 31, 73, 101, 83, 46, 22
mse: 3151.3460162585075
----------------------
pred_str: 60, 71, 84, 94, 96, 86, 70, 63, 57, 51, 45, 38, 31, 25, 21
target_str: 19, 14, 8, 3, 0, -3, -4, -3, -1, 1
mse: 7972.599256091189
----------------------
pred_str: 49, 45, 36, 17, 0, -26, -22
target_str: -47, -55, -61, -69, -74, -79, -87, -91, -92, -87
mse: 11207.332937282179
----------------------
pred_str: 76, 100, 98, 93, 82, 74, 65, 55, 43, 31, 21, 12, 0, -1, -2, -4, -7, -11, -18, -26, -32, -38, -44
target_str: 34, 9, -15, -36, -53, -57, -54, -43, -29, -15
mse: 16293.826646383508
----------------------
pred_str: 11, 17, 26, 38, 48, 56, 58, 53, 54, 53, 52, 49, 42, 34, 28, 21, 18, 14, 11
target_str: 10, 13, 15, 17, 21, 29, 49, 73, 83, 70
mse: 561.2512946009389
----------------------
pred_str: 78, 70, 63, 62, 61, 60, 60, 59, 57, 56, 55, 54, 53, 52, 51, 50, 49, 48, 47, 46, 45, 44, 43, 42, 41, 40, 39, 38, 37, 36, 35, 34, 33, 32, 31, 30, 29, 28, 27, 26, 25, 24, 23, 22, 21, 20, 19, 18, 17, 16, 15, 14, 13, 12, 11, 10, 9, 8, 7, 6, 5, 4, 3, 2, 1, 0
target_str: 8, 6, 7, 7, 5, 1, -5, -5, -2, 0
mse: 5648.206559043221
----------------------
pred_str: 32, 27, 17, 6, 2, -1, -6, 0, 4, 9, 13, 18, 21, 24, 26, 29, 31, 32, 31, 27, 20, 11, -3, -7, -11, -15, -18, -21, -22, -23, -24, -23, -22, -21, -18, -15, -10, -4, 3, 11, 18, 24, 27, 28, 29, 30, 30, 28, 26, 23, 18, 10, -3, -7, -11, -15, -18, -21, -22, -23, -24, -23, -22, -21, -18, -15, -10, -4, 3, 11, 18, 24, 27, 28, 29, 30, 30, 28, 26, 23, 18, 10, -3, -7, -11, -15, -18, -21, -22, -23, -24, -23, -22, -21, -18, -15, -10, -4, 3, 11, 18, 24, 27, 28, 29, 30, 30, 28, 26, 23, 18, 10, -3, -7, -11, -15, -18, -21, -22, -23, -24, -23, -22, -21, -18, -15, -10, -4, 3, 11, 18, 24, 27, 28,
target_str: -42, -53, -62, -57, -39, -12, 21, 51, 73, 85
mse: 5808.673965915145
----------------------
pred_str: 62, 52, 52, 44, 52, 39, 24, 15, 0, 15, -10, -32, -57, -64, -74, -70, -62, -54, -38, -25, -4, -24, -13, -26, -32, -34, -42, -48, -51, -52, -44, -27, -12, -22, -12, -21, -24, -34, -37, -53, -61, -66, -71, -76, -77, -72, -75, -75
target_str: 46, 38, 16, -47, -38, -8, -35, -32, -34, -37
mse: 4598.322010151553
----------------------
pred_str: 19, 35, 48, 64, 82, 95, 97, 93, 90, 83, 78, 72, 63, 56, 48, 40, 31, 23, 15, 2
target_str: -31, -34, -34, -30, -25, -22, -21, -13, 20, 67
mse: 12042.748104410224
----------------------
pred_str: 43, 45, 47, 49, 50, 53, 57, 60, 64, 68, 70, 72, 76, 80, 84, 87, 89, 86, 81, 73, 66, 55, 46, 31, -2, 19, 49, 66, 74, 85, 90, 93, 86, 81, 74, 68, 61, 54, 46, 34, -1, -11, -24, -38, -49, -58, -61, -64, -68, -70, -73, -76, -79, -81, -79, -74, -69, -64, -55, -41, -22, 11, 36, 54, 64, 74, 84, 87, 89, 87, 85, 82, 77, 70, 63, 55, 47, 37, -1, -13, -24, -33, -40, -46, -51, -56, -61, -64, -68, -70, -73, -76, -79, -81, -80, -74, -67, -61, -53, -42, -18, 10, 42, 59, 70, 77, 83, 87, 88, 88, 85, 82, 75, 68, 61, 54, 44, 33, -1, -11, -23, -34, -44, -55, -60, -65, -68, -70, -73, -
target_str: 55, 60, 51, 28, 10, -12, -31, -46, -56, -60
mse: 8679.548186653501
----------------------
pred_str: 30, 12, 18, 23, 26, 32, 39, 43, 48, 53, 58, 63, 68, 74, 80, 86, 92, 96, 100, 103, 104, 102, 98, 92, 87, 81, 74, 68, 62, 57, 51, 46, 40, 36, 30, 25
target_str: 19, 17, 17, 20, 23, 31, 36, 42, 46, 51
mse: 28.308727578556137
----------------------
pred_str: 28, 43, 43, 45, 48, 51, 54, 58, 60, 61, 62, 65, 69, 72, 75, 80, 83, 88, 92, 96, 100, 96, 93, 89, 82, 78, 75, 72, 71, 68, 64, 59, 54, 49, 43, 38, 33, 27, 21, 16, 11, 9
target_str: 41, 42, 46, 50, 58, 70, 73, 74, 75, 72
mse: 250.47069835809452
----------------------
